State_Code,State,LenderId,EstimatedCreditScore,PropertyTypeId,RequestedLoanTypeId,UpdatedOn,Status
1,Jeju,2012,2,School_zone_children,Jeju,Jan  4 2018  8:04PM,1
1,Jeju,2012,2,School_zone_children,Jeju,Jan  4 2018  8:04PM,1
12,Gwangju,2012,8,Stepless_crossing,Gwangju,Jan  4 2018  8:04PM,1
6,Seoul,2012,5,Bicycle,Seoul,Jan  4 2018  8:04PM,1
6,Seoul,2012,6,Bicycle,Seoul,Jan  4 2018  8:04PM,1
22,Gyeongsangnamdo,2012,4,Stepless_crossing,Gyeongsangnamdo,Jan  4 2018  8:04PM,1
13,Gyeonggi,2012,7,Stepless_crossing,Gyeonggi,Jan  4 2018  8:04PM,1
9,Gwangju,2012,4,Bicycle,Gwangju,Jan  4 2018  8:04PM,1
5,Gyeonggi,2012,7,Walking_children,Gyeonggi,Jan  4 2018  8:04PM,1
8,Daegu,2012,4,Bicycle,Daegu,Jan  4 2018  8:04PM,1
8,Daegu,2012,9,Bicycle,Daegu,Jan  4 2018  8:04PM,1
19,Gyeonggi,2012,4,Stepless_crossing,Gyeonggi,Jan  4 2018  8:04PM,1
8,Daegu,2012,8,Bicycle,Daegu,Jan  4 2018  8:04PM,1
18,Jeollabukdo,2012,4,Stepless_crossing,Jeollabukdo,Jan  4 2018  8:04PM,1
12,Gwangju,2012,4,Stepless_crossing,Gwangju,Jan  4 2018  8:04PM,1
12,Gwangju,2012,5,Stepless_crossing,Gwangju,Jan  4 2018  8:04PM,1
17,Gyeonggi,2012,4,Stepless_crossing,Gyeonggi,Jan  4 2018  8:04PM,1
12,Gwangju,2012,5,Stepless_crossing,Gwangju,Jan  4 2018  8:04PM,1
20,Jeollabukdo,2012,4,Stepless_crossing,Jeollabukdo,Jan  4 2018  8:04PM,1
17,Gyeonggi,2012,4,Stepless_crossing,Gyeonggi,Jan  4 2018  8:04PM,1
12,Gwangju,2012,4,Stepless_crossing,Gwangju,Jan  4 2018  8:04PM,1
12,Gwangju,2012,6,Stepless_crossing,Gwangju,Jan  4 2018  8:04PM,1
6,Seoul,2012,5,Bicycle,Seoul,Jan  4 2018  8:04PM,1
21,Jeollanamdo,2012,3,Stepless_crossing,Jeollanamdo,Jan  4 2018  8:04PM,1
6,Seoul,2012,5,Bicycle,Seoul,Jan  4 2018  8:04PM,1
6,Seoul,2012,5,Bicycle,Seoul,Jan  4 2018  8:04PM,1
6,Seoul,2012,9,Bicycle,Seoul,Jan  4 2018  8:04PM,1
18,Jeollabukdo,2012,3,Stepless_crossing,Jeollabukdo,Jan  4 2018  8:04PM,1
5,Seoul,2012,3,Walking_children,Seoul,Jan  4 2018  8:04PM,1
15,Gyeonggi,2012,5,Stepless_crossing,Gyeonggi,Jan  4 2018  8:04PM,1
6,Seoul,2012,9,Bicycle,Seoul,Jan  4 2018  8:04PM,1
9,Incheon,2012,4,Bicycle,Incheon,Jan  4 2018  8:04PM,1
18,Jeollabukdo,2012,3,Stepless_crossing,Jeollabukdo,Jan  4 2018  8:04PM,1
6,Seoul,2012,4,Bicycle,Seoul,Jan  4 2018  8:04PM,1
6,Seoul,2012,9,Bicycle,Seoul,Jan  4 2018  8:04PM,1
8,Daegu,2012,7,Bicycle,Daegu,Jan  4 2018  8:04PM,1
8,Daegu,2012,7,Bicycle,Daegu,Jan  4 2018  8:04PM,1
12,Gwangju,2012,8,Stepless_crossing,Gwangju,Jan  4 2018  8:04PM,1
5,Seoul,2012,4,Walking_children,Seoul,Jan  4 2018  8:04PM,1
6,Seoul,2012,7,Bicycle,Seoul,Jan  4 2018  8:04PM,1
12,Gwangju,2012,7,Stepless_crossing,Gwangju,Jan  4 2018  8:04PM,1
6,Seoul,2012,5,Bicycle,Seoul,Jan  4 2018  8:04PM,1
6,Seoul,2012,6,Bicycle,Seoul,Jan  4 2018  8:04PM,1
6,Seoul,2012,4,Bicycle,Seoul,Jan  4 2018  8:04PM,1
6,Seoul,2012,5,Bicycle,Seoul,Jan  4 2018  8:04PM,1
6,Seoul,2012,4,Bicycle,Seoul,Jan  4 2018  8:04PM,1
12,Seoul,2012,7,Stepless_crossing,Seoul,Jan  4 2018  8:04PM,1
6,Gangwon,2012,5,Walking_old_man,Gangwon,Jan  4 2018  8:04PM,1
6,Gangwon,2012,4,Walking_old_man,Gangwon,Jan  4 2018  8:04PM,1
6,Gangwon,2012,5,Walking_old_man,Gangwon,Jan  4 2018  8:04PM,0
6,Gangwon,2012,4,Walking_old_man,Gangwon,Jan  4 2018  8:04PM,1
6,Gangwon,2012,7,Walking_old_man,Gangwon,Jan  4 2018  8:04PM,0
6,Gangwon,2012,4,Walking_old_man,Gangwon,Jan  4 2018  8:04PM,1
6,Gangwon,2012,4,Walking_old_man,Gangwon,Jan  4 2018  8:04PM,1
6,Gangwon,2012,3,Walking_old_man,Gangwon,Jan  4 2018  8:04PM,1
6,Gangwon,2012,5,Walking_old_man,Gangwon,Jan  4 2018  8:04PM,1
6,Gangwon,2012,6,Walking_old_man,Gangwon,Jan  4 2018  8:04PM,1
6,Gangwon,2012,7,Walking_old_man,Gangwon,Jan  4 2018  8:04PM,1
9,Daegu,2012,5,Bicycle,Daegu,Jan  4 2018  8:04PM,1
6,Gangwon,2012,3,Walking_old_man,Gangwon,Jan  4 2018  8:04PM,1
16,Gyeonggi,2012,6,Stepless_crossing,Gyeonggi,Jan  4 2018  8:04PM,1
16,Gyeonggi,2012,7,Stepless_crossing,Gyeonggi,Jan  4 2018  8:04PM,1
13,Ulsan,2012,9,Stepless_crossing,Ulsan,Jan  4 2018  8:04PM,1
13,Ulsan,2012,8,Stepless_crossing,Ulsan,Jan  4 2018  8:04PM,1
12,Seoul,2012,6,Stepless_crossing,Seoul,Jan  4 2018  8:04PM,1
8,Daegu,2012,11,Bicycle,Daegu,Jan  4 2018  8:04PM,1
9,Daegu,2012,5,Bicycle,Daegu,Jan  4 2018  8:04PM,1
17,Gyeonggi,2012,4,Stepless_crossing,Gyeonggi,Jan  4 2018  8:04PM,1
5,Seoul,2012,3,Walking_children,Seoul,Jan  4 2018  8:04PM,1
5,Seoul,2012,4,Walking_children,Seoul,Jan  4 2018  8:04PM,1
12,Seoul,2012,4,Stepless_crossing,Seoul,Jan  4 2018  8:04PM,1
12,Seoul,2012,17,Stepless_crossing,Seoul,Jan  4 2018  8:04PM,1
17,Gyeonggi,2012,4,Stepless_crossing,Gyeonggi,Jan  4 2018  8:04PM,1
9,Daegu,2012,5,Bicycle,Daegu,Jan  4 2018  8:04PM,1
8,Daegu,2012,9,Bicycle,Daegu,Jan  4 2018  8:04PM,1
12,Seoul,2012,15,Stepless_crossing,Seoul,Jan  4 2018  8:04PM,1
12,Seoul,2012,7,Stepless_crossing,Seoul,Jan  4 2018  8:04PM,1
12,Seoul,2012,4,Stepless_crossing,Seoul,Jan  4 2018  8:04PM,1
12,Gwangju,2012,5,Stepless_crossing,Gwangju,Jan  4 2018  8:04PM,1
12,Seoul,2012,4,Stepless_crossing,Seoul,Jan  4 2018  8:04PM,1
12,Seoul,2012,4,Stepless_crossing,Seoul,Jan  4 2018  8:04PM,1
13,Ulsan,2012,8,Stepless_crossing,Ulsan,Jan  4 2018  8:04PM,1
12,Gwangju,2012,10,Stepless_crossing,Gwangju,Jan  4 2018  8:04PM,1
17,Gyeonggi,2012,4,Stepless_crossing,Gyeonggi,Jan  4 2018  8:04PM,1
22,Gyeongsangnamdo,2012,8,Stepless_crossing,Gyeongsangnamdo,Jan  4 2018  8:04PM,1
16,Gyeonggi,2012,6,Stepless_crossing,Gyeonggi,Jan  4 2018  8:04PM,1
6,Gangwon,2012,3,Walking_old_man,Gangwon,Jan  4 2018  8:04PM,1
5,Gwangju,2012,3,Walking_children,Gwangju,Jan  4 2018  8:04PM,1
8,Daegu,2012,6,Bicycle,Daegu,Jan  4 2018  8:04PM,1
12,Seoul,2012,5,Stepless_crossing,Seoul,Jan  4 2018  8:04PM,1
12,Gwangju,2012,5,Stepless_crossing,Gwangju,Jan  4 2018  8:04PM,1
6,Gangwon,2012,3,Walking_old_man,Gangwon,Jan  4 2018  8:04PM,1
5,Gwangju,2012,3,Walking_children,Gwangju,Jan  4 2018  8:04PM,1
6,Gyeonggi,2012,3,Walking_old_man,Gyeonggi,Jan  4 2018  8:04PM,1
6,Gyeonggi,2012,5,Walking_old_man,Gyeonggi,Jan  4 2018  8:04PM,1
12,Seoul,2012,6,Stepless_crossing,Seoul,Jan  4 2018  8:04PM,1
18,Gangwon,2012,5,Stepless_crossing,Gangwon,Jan  4 2018  8:04PM,1
8,Daegu,2012,5,Bicycle,Daegu,Jan  4 2018  8:04PM,1
18,Gangwon,2012,4,Stepless_crossing,Gangwon,Jan  4 2018  8:04PM,1
8,Daegu,2012,7,Bicycle,Daegu,Jan  4 2018  8:04PM,1
6,Gyeonggi,2012,3,Walking_old_man,Gyeonggi,Jan  4 2018  8:04PM,1
12,Seoul,2012,6,Stepless_crossing,Seoul,Jan  4 2018  8:04PM,1
6,Gyeonggi,2012,7,Walking_old_man,Gyeonggi,Jan  4 2018  8:04PM,1
6,Gyeonggi,2012,3,Walking_old_man,Gyeonggi,Jan  4 2018  8:04PM,1
12,Seoul,2012,5,Stepless_crossing,Seoul,Jan  4 2018  8:04PM,1
6,Gyeonggi,2012,4,Walking_old_man,Gyeonggi,Jan  4 2018  8:04PM,1
,Gyeonggi,2012,5,Bicycle,Gyeonggi,Jan  4 2018  8:04PM,1
6,Gyeonggi,2012,4,Walking_old_man,Gyeonggi,Jan  4 2018  8:04PM,1
12,Seoul,2012,3,Stepless_crossing,Seoul,Jan  4 2018  8:04PM,1
12,Seoul,2012,4,Stepless_crossing,Seoul,Jan  4 2018  8:04PM,1
6,Gyeonggi,2012,3,Walking_old_man,Gyeonggi,Jan  4 2018  8:04PM,1
12,Seoul,2012,4,Stepless_crossing,Seoul,Jan  4 2018  8:04PM,1
12,Seoul,2012,4,Stepless_crossing,Seoul,Jan  4 2018  8:04PM,1
13,Gyeonggi,2012,4,Stepless_crossing,Gyeonggi,Jan  4 2018  8:04PM,1
18,Jeollabukdo,2012,4,Stepless_crossing,Jeollabukdo,Jan  4 2018  8:04PM,1
22,Gyeongsangnamdo,2012,8,Stepless_crossing,Gyeongsangnamdo,Jan  4 2018  8:04PM,1
13,Ulsan,2012,7,Stepless_crossing,Ulsan,Jan  4 2018  8:04PM,1
21,Jeollabukdo,2012,5,Stepless_crossing,Jeollabukdo,Jan  4 2018  8:04PM,1
8,Daegu,2012,5,Bicycle,Daegu,Jan  4 2018  8:04PM,1
22,Gyeongsangnamdo,2012,7,Stepless_crossing,Gyeongsangnamdo,Jan  4 2018  8:04PM,1
13,Ulsan,2012,7,Stepless_crossing,Ulsan,Jan  4 2018  8:04PM,1
17,Gyeonggi,2012,9,Stepless_crossing,Gyeonggi,Jan  4 2018  8:04PM,1
21,Jeollabukdo,2012,4,Stepless_crossing,Jeollabukdo,Jan  4 2018  8:04PM,1
6,Gyeonggi,2012,4,Walking_old_man,Gyeonggi,Jan  4 2018  8:04PM,1
6,Gyeonggi,2012,3,Walking_old_man,Gyeonggi,Jan  4 2018  8:04PM,1
6,Gyeonggi,2012,3,Walking_old_man,Gyeonggi,Jan  4 2018  8:04PM,1
6,Gyeonggi,2012,3,Walking_old_man,Gyeonggi,Jan  4 2018  8:04PM,1
6,Gyeonggi,2012,3,Walking_old_man,Gyeonggi,Jan  4 2018  8:04PM,1
6,Gyeonggi,2012,3,Walking_old_man,Gyeonggi,Jan  4 2018  8:04PM,1
12,Seoul,2012,8,Stepless_crossing,Seoul,Jan  4 2018  8:04PM,1
5,Gwangju,2012,3,Walking_children,Gwangju,Jan  4 2018  8:04PM,1
12,Seoul,2012,4,Stepless_crossing,Seoul,Jan  4 2018  8:04PM,1
6,Seoul,2012,5,Bicycle,Seoul,Jan  4 2018  8:04PM,1
12,Seoul,2012,4,Stepless_crossing,Seoul,Jan  4 2018  8:04PM,1
6,Gyeonggi,2012,7,Walking_old_man,Gyeonggi,Jan  4 2018  8:04PM,1
6,Gyeonggi,2012,5,Walking_old_man,Gyeonggi,Jan  4 2018  8:04PM,1
6,Gyeonggi,2012,4,Walking_old_man,Gyeonggi,Jan  4 2018  8:04PM,1
6,Gyeonggi,2012,4,Walking_old_man,Gyeonggi,Jan  4 2018  8:04PM,1
6,Gyeonggi,2012,2,Walking_old_man,Gyeonggi,Jan  4 2018  8:04PM,1
12,Seoul,2012,8,Stepless_crossing,Seoul,Jan  4 2018  8:04PM,1
12,Seoul,2012,8,Stepless_crossing,Seoul,Jan  4 2018  8:04PM,1
13,Ulsan,2012,6,Stepless_crossing,Ulsan,Jan  4 2018  8:04PM,1
12,Seoul,2012,6,Stepless_crossing,Seoul,Jan  4 2018  8:04PM,1
6,Gyeonggi,2012,7,Walking_old_man,Gyeonggi,Jan  4 2018  8:04PM,1
5,Incheon,2012,3,Walking_children,Incheon,Jan  4 2018  8:04PM,1
12,Seoul,2012,5,Stepless_crossing,Seoul,Jan  4 2018  8:04PM,1
8,Daegu,2012,6,Bicycle,Daegu,Jan  4 2018  8:04PM,1
5,Seoul,2012,3,Walking_children,Seoul,Jan  4 2018  8:04PM,1
6,Gyeonggi,2012,6,Walking_old_man,Gyeonggi,Jan  4 2018  8:04PM,1
13,Ulsan,2012,5,Stepless_crossing,Ulsan,Jan  4 2018  8:04PM,1
13,Ulsan,2012,5,Stepless_crossing,Ulsan,Jan  4 2018  8:04PM,1
5,Incheon,2012,3,Walking_children,Incheon,Jan  4 2018  8:04PM,1
13,Ulsan,2012,4,Stepless_crossing,Ulsan,Jan  4 2018  8:04PM,1
8,Daegu,2012,5,Bicycle,Daegu,Jan  4 2018  8:04PM,1
8,Daegu,2012,6,Bicycle,Daegu,Jan  4 2018  8:04PM,1
5,Incheon,2012,4,Walking_children,Incheon,Jan  4 2018  8:04PM,1
5,Incheon,2012,4,Walking_children,Incheon,Jan  4 2018  8:04PM,1
12,Seoul,2012,5,Stepless_crossing,Seoul,Jan  4 2018  8:04PM,1
,Gyeonggi,2012,5,Bicycle,Gyeonggi,Jan  4 2018  8:04PM,1
18,Gangwon,2012,7,Stepless_crossing,Gangwon,Jan  4 2018  8:04PM,1
1,Gyeonggi,2012,2,School_zone_children,Gyeonggi,Jan  4 2018  8:04PM,1
6,Seoul,2012,5,Bicycle,Seoul,Jan  4 2018  8:04PM,1
,Gyeonggi,2012,4,Bicycle,Gyeonggi,Jan  4 2018  8:04PM,1
17,Gyeonggi,2012,5,Stepless_crossing,Gyeonggi,Jan  4 2018  8:04PM,1
12,Gyeongsangnamdo,2012,4,Bicycle,Gyeongsangnamdo,Jan  4 2018  8:04PM,1
12,Gyeongsangnamdo,2012,6,Bicycle,Gyeongsangnamdo,Jan  4 2018  8:04PM,1
6,Gyeonggi,2012,9,Walking_old_man,Gyeonggi,Jan  4 2018  8:04PM,1
5,Daegu,2012,4,Walking_children,Daegu,Jan  4 2018  8:04PM,1
5,Daegu,2012,4,Walking_children,Daegu,Jan  4 2018  8:04PM,1
5,Daegu,2012,4,Walking_children,Daegu,Jan  4 2018  8:04PM,1
21,Jeollabukdo,2012,5,Stepless_crossing,Jeollabukdo,Jan  4 2018  8:04PM,1
21,Jeollabukdo,2012,6,Stepless_crossing,Jeollabukdo,Jan  4 2018  8:04PM,1
6,Gyeonggi,2012,4,Walking_old_man,Gyeonggi,Jan  4 2018  8:04PM,1
8,Daegu,2012,5,Bicycle,Daegu,Jan  4 2018  8:04PM,1
6,Gyeonggi,2012,3,Walking_old_man,Gyeonggi,Jan  4 2018  8:04PM,1
21,Jeollanamdo,2012,7,Stepless_crossing,Jeollanamdo,Jan  4 2018  8:04PM,1
17,Gyeonggi,2012,4,Stepless_crossing,Gyeonggi,Jan  4 2018  8:04PM,1
8,Daegu,2012,5,Bicycle,Daegu,Jan  4 2018  8:04PM,1
22,Gyeongsangnamdo,2012,13,Stepless_crossing,Gyeongsangnamdo,Jan  4 2018  8:04PM,1
8,Daegu,2012,4,Bicycle,Daegu,Jan  4 2018  8:04PM,1
17,Gyeonggi,2012,6,Stepless_crossing,Gyeonggi,Jan  4 2018  8:04PM,1
17,Gyeonggi,2012,13,Stepless_crossing,Gyeonggi,Jan  4 2018  8:04PM,1
6,Seoul,2012,5,Bicycle,Seoul,Jan  4 2018  8:04PM,1
6,Seoul,2012,6,Bicycle,Seoul,Jan  4 2018  8:04PM,1
8,Daegu,2012,4,Bicycle,Daegu,Jan  4 2018  8:04PM,1
8,Daegu,2012,6,Bicycle,Daegu,Jan  4 2018  8:04PM,1
8,Daegu,2012,8,Bicycle,Daegu,Jan  4 2018  8:04PM,1
6,Seoul,2012,6,Bicycle,Seoul,Jan  4 2018  8:04PM,1
18,Gangwon,2012,4,Stepless_crossing,Gangwon,Jan  4 2018  8:04PM,1
12,Gwangju,2012,4,Stepless_crossing,Gwangju,Jan  4 2018  8:04PM,1
6,Seoul,2012,6,Bicycle,Seoul,Jan  4 2018  8:04PM,1
8,Daegu,2012,5,Bicycle,Daegu,Jan  4 2018  8:04PM,1
13,Daejeon,2012,3,Stepless_crossing,Daejeon,Jan  4 2018  8:04PM,1
6,Seoul,2012,4,Bicycle,Seoul,Jan  4 2018  8:04PM,1
6,Seoul,2012,4,Bicycle,Seoul,Jan  4 2018  8:04PM,1
6,Seoul,2012,5,Bicycle,Seoul,Jan  4 2018  8:04PM,1
12,Gyeongsangnamdo,2012,4,Bicycle,Gyeongsangnamdo,Jan  4 2018  8:04PM,1
6,Gyeonggi,2012,4,Walking_old_man,Gyeonggi,Jan  4 2018  8:04PM,1
12,Gyeongsangnamdo,2012,5,Bicycle,Gyeongsangnamdo,Jan  4 2018  8:04PM,1
1,Seoul,2012,3,Walking_children,Seoul,Jan  4 2018  8:04PM,1
12,Gwangju,2012,4,Stepless_crossing,Gwangju,Jan  4 2018  8:04PM,1
18,Gyeonggi,2012,16,Stepless_crossing,Gyeonggi,Jan  4 2018  8:04PM,1
6,Gyeonggi,2012,3,Walking_old_man,Gyeonggi,Jan  4 2018  8:04PM,1
6,Gyeonggi,2012,4,Walking_old_man,Gyeonggi,Jan  4 2018  8:04PM,1
12,Gyeongsangnamdo,2012,6,Bicycle,Gyeongsangnamdo,Jan  4 2018  8:04PM,1
6,Gyeonggi,2012,3,Walking_old_man,Gyeonggi,Jan  4 2018  8:04PM,1
6,Gyeonggi,2012,4,Walking_old_man,Gyeonggi,Jan  4 2018  8:04PM,1
6,Gyeonggi,2012,4,Walking_old_man,Gyeonggi,Jan  4 2018  8:04PM,1
6,Gyeonggi,2012,3,Walking_old_man,Gyeonggi,Jan  4 2018  8:04PM,1
22,Gyeongsangnamdo,2012,9,Stepless_crossing,Gyeongsangnamdo,Jan  4 2018  8:04PM,1
8,Daegu,2012,4,Bicycle,Daegu,Jan  4 2018  8:04PM,1
8,Daegu,2012,5,Bicycle,Daegu,Jan  4 2018  8:04PM,1
5,Daegu,2012,4,Walking_children,Daegu,Jan  4 2018  8:04PM,1
8,Daegu,2012,5,Bicycle,Daegu,Jan  4 2018  8:04PM,1
12,Gwangju,2012,7,Stepless_crossing,Gwangju,Jan  4 2018  8:04PM,1
12,Gyeongsangnamdo,2012,4,Bicycle,Gyeongsangnamdo,Jan  4 2018  8:04PM,1
6,Gyeonggi,2012,3,Walking_old_man,Gyeonggi,Feb  4 2018  8:219PM,1
6,Gyeonggi,2012,4,Walking_old_man,Gyeonggi,Feb  4 2018  8:219PM,1
6,Gyeonggi,2012,3,Walking_old_man,Gyeonggi,Feb  4 2018  8:219PM,1
6,Gyeonggi,2012,3,Walking_old_man,Gyeonggi,Feb  4 2018  8:219PM,1
13,Gyeonggi,2012,4,Stepless_crossing,Gyeonggi,Feb  4 2018  8:219PM,1
12,Gyeongsangbukdo,2012,4,Bicycle,Gyeongsangbukdo,Feb  4 2018  8:219PM,1
12,Gyeongsangbukdo,2012,4,Bicycle,Gyeongsangbukdo,Feb  4 2018  8:219PM,1
17,Gyeonggi,2012,4,Stepless_crossing,Gyeonggi,Feb  4 2018  8:219PM,1
17,Gyeonggi,2012,5,Stepless_crossing,Gyeonggi,Feb  4 2018  8:219PM,1
18,Chungcheongbukdo,2012,6,Stepless_crossing,Chungcheongbukdo,Feb  4 2018  8:219PM,1
12,Busan,2012,2,Stepless_crossing,Busan,Feb  4 2018  8:219PM,1
12,Busan,2012,5,Stepless_crossing,Busan,Feb  4 2018  8:219PM,1
13,Gyeonggi,2012,5,Stepless_crossing,Gyeonggi,Feb  4 2018  8:219PM,1
13,Gyeonggi,2012,5,Stepless_crossing,Gyeonggi,Feb  4 2018  8:219PM,1
,Gyeonggi,2012,6,Bicycle,Gyeonggi,Feb  4 2018  8:219PM,1
21,Jeollanamdo,2012,5,Stepless_crossing,Jeollanamdo,Feb  4 2018  8:219PM,1
6,Jeollanamdo,2012,7,Walking_old_man,Jeollanamdo,Feb  4 2018  8:219PM,1
6,Jeollanamdo,2012,6,Walking_old_man,Jeollanamdo,Feb  4 2018  8:219PM,1
6,Jeollanamdo,2012,3,Walking_old_man,Jeollanamdo,Feb  4 2018  8:219PM,1
6,Jeollabukdo,2012,4,Walking_old_man,Jeollabukdo,Feb  4 2018  8:219PM,1
8,Daegu,2012,4,Bicycle,Daegu,Feb  4 2018  8:219PM,1
6,Jeollanamdo,2012,3,Walking_old_man,Jeollanamdo,Feb  4 2018  8:219PM,1
12,Busan,2012,16,Stepless_crossing,Busan,Feb  4 2018  8:219PM,1
6,Jeollanamdo,2012,5,Walking_old_man,Jeollanamdo,Feb  4 2018  8:219PM,1
6,Jeollanamdo,2012,7,Walking_old_man,Jeollanamdo,Feb  4 2018  8:219PM,1
6,Jeollanamdo,2012,5,Walking_old_man,Jeollanamdo,Feb  4 2018  8:219PM,1
17,Gyeonggi,2012,4,Stepless_crossing,Gyeonggi,Feb  4 2018  8:219PM,1
10,Gyeonggi,2012,4,Bicycle,Gyeonggi,Feb  4 2018  8:219PM,1
10,Gyeonggi,2012,4,Bicycle,Gyeonggi,Feb  4 2018  8:219PM,1
18,Jeollabukdo,2012,4,Stepless_crossing,Jeollabukdo,Feb  4 2018  8:219PM,1
6,Jeollanamdo,2012,4,Walking_old_man,Jeollanamdo,Feb  4 2018  8:219PM,1
6,Jeollanamdo,2012,3,Walking_old_man,Jeollanamdo,Feb  4 2018  8:219PM,1
8,Daegu,2012,4,Bicycle,Daegu,Feb  4 2018  8:219PM,1
6,Jeollanamdo,2012,3,Walking_old_man,Jeollanamdo,Feb  4 2018  8:219PM,1
6,Jeollanamdo,2012,3,Walking_old_man,Jeollanamdo,Feb  4 2018  8:219PM,1
6,Jeollanamdo,2012,3,Walking_old_man,Jeollanamdo,Feb  4 2018  8:219PM,1
12,Gwangju,2012,6,Stepless_crossing,Gwangju,Feb  4 2018  8:219PM,1
12,Busan,2012,9,Stepless_crossing,Busan,Feb  4 2018  8:219PM,1
8,Daegu,2012,4,Bicycle,Daegu,Feb  4 2018  8:219PM,1
6,Jeollanamdo,2012,5,Walking_old_man,Jeollanamdo,Feb  4 2018  8:219PM,1
12,Busan,2012,8,Stepless_crossing,Busan,Feb  4 2018  8:219PM,1
12,Busan,2012,11,Stepless_crossing,Busan,Feb  4 2018  8:219PM,1
16,Gyeonggi,2012,4,Stepless_crossing,Gyeonggi,Feb  4 2018  8:219PM,1
17,Gyeonggi,2012,10,Stepless_crossing,Gyeonggi,Feb  4 2018  8:219PM,1
17,Gyeonggi,2012,12,Stepless_crossing,Gyeonggi,Feb  4 2018  8:219PM,1
16,Gyeonggi,2012,8,Stepless_crossing,Gyeonggi,Feb  4 2018  8:219PM,1
6,Jeollanamdo,2012,3,Walking_old_man,Jeollanamdo,Feb  4 2018  8:219PM,1
6,Jeollabukdo,2012,3,Walking_old_man,Jeollabukdo,Feb  4 2018  8:219PM,1
17,Gyeonggi,2012,4,Stepless_crossing,Gyeonggi,Feb  4 2018  8:219PM,1
13,Gyeonggi,2012,5,Stepless_crossing,Gyeonggi,Feb  4 2018  8:219PM,1
13,Gyeonggi,2012,8,Stepless_crossing,Gyeonggi,Feb  4 2018  8:219PM,1
13,Gyeonggi,2012,5,Stepless_crossing,Gyeonggi,Feb  4 2018  8:219PM,1
12,Busan,2012,7,Stepless_crossing,Busan,Feb  4 2018  8:219PM,1
12,Busan,2012,14,Stepless_crossing,Busan,Feb  4 2018  8:219PM,1
12,Busan,2012,5,Stepless_crossing,Busan,Feb  4 2018  8:219PM,1
6,Jeollabukdo,2012,3,Walking_old_man,Jeollabukdo,Feb  4 2018  8:219PM,1
12,Busan,2012,7,Stepless_crossing,Busan,Feb  4 2018  8:219PM,1
17,Gyeonggi,2012,9,Stepless_crossing,Gyeonggi,Feb  4 2018  8:219PM,1
12,Busan,2012,6,Stepless_crossing,Busan,Feb  4 2018  8:219PM,1
6,Jeollabukdo,2012,3,Walking_old_man,Jeollabukdo,Feb  4 2018  8:219PM,1
5,Seoul,2012,3,Walking_children,Seoul,Feb  4 2018  8:219PM,1
18,Chungcheongbukdo,2012,6,Stepless_crossing,Chungcheongbukdo,Feb  4 2018  8:219PM,1
13,Gyeonggi,2012,4,Stepless_crossing,Gyeonggi,Feb  4 2018  8:219PM,1
13,Gyeonggi,2012,4,Stepless_crossing,Gyeonggi,Feb  4 2018  8:219PM,1
20,Jeollabukdo,2012,6,Stepless_crossing,Jeollabukdo,Feb  4 2018  8:219PM,1
6,Jeollabukdo,2012,4,Walking_old_man,Jeollabukdo,Feb  4 2018  8:219PM,1
15,Gyeonggi,2012,4,Stepless_crossing,Gyeonggi,Feb  4 2018  8:219PM,1
8,Daegu,2012,4,Bicycle,Daegu,Feb  4 2018  8:219PM,1
6,Jeollabukdo,2012,3,Walking_old_man,Jeollabukdo,Feb  4 2018  8:219PM,1
6,Jeollabukdo,2012,3,Walking_old_man,Jeollabukdo,Feb  4 2018  8:219PM,1
6,Jeollabukdo,2012,3,Walking_old_man,Jeollabukdo,Feb  4 2018  8:219PM,1
1,Gangwon,2012,2,School_zone_children,Gangwon,Feb  4 2018  8:219PM,1
6,Jeollabukdo,2012,5,Walking_old_man,Jeollabukdo,Feb  4 2018  8:219PM,1
13,Gyeonggi,2012,4,Stepless_crossing,Gyeonggi,Feb  4 2018  8:219PM,1
6,Jeollabukdo,2012,2,Walking_old_man,Jeollabukdo,Feb  4 2018  8:219PM,1
6,Jeollabukdo,2012,4,Walking_old_man,Jeollabukdo,Feb  4 2018  8:219PM,1
6,Jeollabukdo,2012,7,Walking_old_man,Jeollabukdo,Feb  4 2018  8:219PM,1
6,Jeollabukdo,2012,4,Walking_old_man,Jeollabukdo,Feb  4 2018  8:219PM,1
5,Seoul,2012,3,Walking_children,Seoul,Feb  4 2018  8:219PM,1
2,Seoul,2012,2,School_zone_children,Seoul,Feb  4 2018  8:219PM,1
13,Gyeonggi,2012,4,Stepless_crossing,Gyeonggi,Feb  4 2018  8:219PM,1
13,Gyeonggi,2012,4,Stepless_crossing,Gyeonggi,Feb  4 2018  8:219PM,1
6,Jeollabukdo,2012,4,Walking_old_man,Jeollabukdo,Feb  4 2018  8:219PM,1
21,Jeollanamdo,2012,2,Stepless_crossing,Jeollanamdo,Feb  4 2018  8:219PM,1
21,Jeollanamdo,2012,4,Stepless_crossing,Jeollanamdo,Feb  4 2018  8:219PM,1
18,Chungcheongbukdo,2012,5,Stepless_crossing,Chungcheongbukdo,Feb  4 2018  8:219PM,1
5,Gwangju,2012,3,Walking_children,Gwangju,Feb  4 2018  8:219PM,1
10,Gyeonggi,2012,8,Bicycle,Gyeonggi,Feb  4 2018  8:219PM,1
10,Gyeonggi,2012,9,Bicycle,Gyeonggi,Feb  4 2018  8:219PM,1
10,Gyeonggi,2012,5,Bicycle,Gyeonggi,Feb  4 2018  8:219PM,1
10,Gyeonggi,2012,4,Bicycle,Gyeonggi,Feb  4 2018  8:219PM,1
10,Gyeonggi,2012,8,Bicycle,Gyeonggi,Feb  4 2018  8:219PM,1
6,Seoul,2012,5,Bicycle,Seoul,Feb  4 2018  8:219PM,1
6,Seoul,2012,5,Bicycle,Seoul,Feb  4 2018  8:219PM,1
6,Seoul,2012,5,Bicycle,Seoul,Feb  4 2018  8:219PM,1
6,Seoul,2012,6,Bicycle,Seoul,Feb  4 2018  8:219PM,1
6,Seoul,2012,6,Bicycle,Seoul,Feb  4 2018  8:219PM,1
6,Seoul,2012,6,Bicycle,Seoul,Feb  4 2018  8:219PM,1
22,Gyeongsangnamdo,2012,4,Stepless_crossing,Gyeongsangnamdo,Feb  4 2018  8:219PM,1
20,Jeollabukdo,2012,6,Stepless_crossing,Jeollabukdo,Feb  4 2018  8:219PM,1
6,Jeollabukdo,2012,5,Walking_old_man,Jeollabukdo,Feb  4 2018  8:219PM,1
18,Chungcheongbukdo,2012,5,Stepless_crossing,Chungcheongbukdo,Feb  4 2018  8:219PM,1
8,Daegu,2012,4,Bicycle,Daegu,Feb  4 2018  8:219PM,1
21,Jeollanamdo,2012,1,Stepless_crossing,Jeollanamdo,Feb  4 2018  8:219PM,1
12,Busan,2012,8,Stepless_crossing,Busan,Feb  4 2018  8:219PM,1
18,Chungcheongbukdo,2012,4,Stepless_crossing,Chungcheongbukdo,Feb  4 2018  8:219PM,1
6,Jeollabukdo,2012,5,Walking_old_man,Jeollabukdo,Feb  4 2018  8:219PM,1
6,Jeollabukdo,2012,4,Walking_old_man,Jeollabukdo,Feb  4 2018  8:219PM,1
21,Jeollabukdo,2012,4,Stepless_crossing,Jeollabukdo,Feb  4 2018  8:219PM,1
6,Jeollabukdo,2012,4,Walking_old_man,Jeollabukdo,Feb  4 2018  8:219PM,1
12,Busan,2012,8,Stepless_crossing,Busan,Feb  4 2018  8:219PM,1
1,Gyeonggi,2012,2,School_zone_children,Gyeonggi,Feb  4 2018  8:219PM,1
6,Jeollabukdo,2012,7,Walking_old_man,Jeollabukdo,Feb  4 2018  8:219PM,1
6,Jeollabukdo,2012,3,Walking_old_man,Jeollabukdo,Feb  4 2018  8:219PM,1
18,Chungcheongbukdo,2012,4,Stepless_crossing,Chungcheongbukdo,Feb  4 2018  8:219PM,1
6,Jeollabukdo,2012,3,Walking_old_man,Jeollabukdo,Feb  4 2018  8:219PM,1
6,Jeollabukdo,2012,3,Walking_old_man,Jeollabukdo,Feb  4 2018  8:219PM,1
1,Gyeonggi,2012,3,School_zone_children,Gyeonggi,Feb  4 2018  8:219PM,1
6,Jeollabukdo,2012,4,Walking_old_man,Jeollabukdo,Feb  4 2018  8:219PM,1
22,Gyeongsangnamdo,2012,4,Stepless_crossing,Gyeongsangnamdo,Feb  4 2018  8:219PM,1
22,Gyeongsangnamdo,2012,4,Stepless_crossing,Gyeongsangnamdo,Feb  4 2018  8:219PM,1
6,Jeollabukdo,2012,3,Walking_old_man,Jeollabukdo,Feb  4 2018  8:219PM,1
12,Busan,2012,7,Stepless_crossing,Busan,Mar  4 2018  8:219PM,1
6,Jeollabukdo,2012,2,Walking_old_man,Jeollabukdo,Mar  4 2018  8:219PM,1
12,Busan,2012,4,Stepless_crossing,Busan,Mar  4 2018  8:219PM,1
5,Seoul,2012,4,Walking_children,Seoul,Mar  4 2018  8:219PM,1
12,Busan,2012,16,Stepless_crossing,Busan,Mar  4 2018  8:219PM,1
6,Chungcheongnamdo,2012,3,Walking_old_man,Chungcheongnamdo,Mar  4 2018  8:219PM,1
6,Chungcheongnamdo,2012,3,Walking_old_man,Chungcheongnamdo,Mar  4 2018  8:219PM,1
12,Busan,2012,8,Stepless_crossing,Busan,Mar  4 2018  8:219PM,1
17,Gyeonggi,2012,4,Stepless_crossing,Gyeonggi,Mar  4 2018  8:219PM,1
6,Chungcheongnamdo,2012,4,Walking_old_man,Chungcheongnamdo,Mar  4 2018  8:219PM,1
20,Jeollabukdo,2012,4,Stepless_crossing,Jeollabukdo,Mar  4 2018  8:219PM,1
22,Gyeongsangnamdo,2012,4,Stepless_crossing,Gyeongsangnamdo,Mar  4 2018  8:219PM,1
20,Jeollabukdo,2012,6,Stepless_crossing,Jeollabukdo,Mar  4 2018  8:219PM,1
6,Chungcheongnamdo,2012,3,Walking_old_man,Chungcheongnamdo,Mar  4 2018  8:219PM,1
21,Jeollanamdo,2012,4,Stepless_crossing,Jeollanamdo,Mar  4 2018  8:219PM,1
6,Chungcheongnamdo,2012,4,Walking_old_man,Chungcheongnamdo,Mar  4 2018  8:219PM,1
6,Chungcheongnamdo,2012,7,Walking_old_man,Chungcheongnamdo,Mar  4 2018  8:219PM,1
13,Gyeonggi,2012,4,Stepless_crossing,Gyeonggi,Mar  4 2018  8:219PM,1
12,Busan,2012,5,Stepless_crossing,Busan,Mar  4 2018  8:219PM,1
21,Jeollabukdo,2012,8,Stepless_crossing,Jeollabukdo,Mar  4 2018  8:219PM,1
8,Daegu,2012,5,Bicycle,Daegu,Mar  4 2018  8:219PM,1
5,Seoul,2012,4,Walking_children,Seoul,Mar  4 2018  8:219PM,1
12,Busan,2012,5,Stepless_crossing,Busan,Mar  4 2018  8:219PM,1
6,Chungcheongnamdo,2012,4,Walking_old_man,Chungcheongnamdo,Mar  4 2018  8:219PM,1
6,Seoul,2012,5,Bicycle,Seoul,Mar  4 2018  8:219PM,1
6,Seoul,2012,5,Bicycle,Seoul,Mar  4 2018  8:219PM,1
17,Gyeonggi,2012,7,Stepless_crossing,Gyeonggi,Mar  4 2018  8:219PM,1
12,Busan,2012,7,Stepless_crossing,Busan,Mar  4 2018  8:219PM,1
13,Gyeonggi,2012,4,Stepless_crossing,Gyeonggi,Mar  4 2018  8:219PM,1
6,Chungcheongnamdo,2012,4,Walking_old_man,Chungcheongnamdo,Mar  4 2018  8:219PM,1
12,Gwangju,2012,5,Stepless_crossing,Gwangju,Mar  4 2018  8:219PM,1
6,Seoul,2012,4,Bicycle,Seoul,Mar  4 2018  8:219PM,1
13,Gyeonggi,2012,6,Stepless_crossing,Gyeonggi,Mar  4 2018  8:219PM,1
6,Chungcheongnamdo,2012,4,Walking_old_man,Chungcheongnamdo,Mar  4 2018  8:219PM,1
6,Chungcheongnamdo,2012,4,Walking_old_man,Chungcheongnamdo,Mar  4 2018  8:219PM,1
16,Gyeonggi,2012,7,Stepless_crossing,Gyeonggi,Mar  4 2018  8:219PM,1
18,Chungcheongbukdo,2012,4,Stepless_crossing,Chungcheongbukdo,Mar  4 2018  8:219PM,1
6,Chungcheongnamdo,2012,4,Walking_old_man,Chungcheongnamdo,Mar  4 2018  8:219PM,1
8,Daegu,2012,4,Bicycle,Daegu,Mar  4 2018  8:219PM,1
12,Gwangju,2012,6,Stepless_crossing,Gwangju,Mar  4 2018  8:219PM,1
12,Gwangju,2012,6,Stepless_crossing,Gwangju,Mar  4 2018  8:219PM,1
6,Chungcheongbukdo,2012,9,Walking_old_man,Chungcheongbukdo,Mar  4 2018  8:219PM,1
6,Chungcheongnamdo,2012,4,Walking_old_man,Chungcheongnamdo,Mar  4 2018  8:219PM,1
6,Chungcheongnamdo,2012,5,Walking_old_man,Chungcheongnamdo,Mar  4 2018  8:219PM,1
6,Chungcheongnamdo,2012,4,Walking_old_man,Chungcheongnamdo,Mar  4 2018  8:219PM,1
5,Gwangju,2012,4,Walking_children,Gwangju,Mar  4 2018  8:219PM,1
9,Daegu,2012,6,Bicycle,Daegu,Mar  4 2018  8:219PM,1
12,Busan,2012,5,Stepless_crossing,Busan,Mar  4 2018  8:219PM,1
6,Chungcheongnamdo,2012,4,Walking_old_man,Chungcheongnamdo,Mar  4 2018  8:219PM,1
19,Gyeonggi,2012,4,Stepless_crossing,Gyeonggi,Mar  4 2018  8:219PM,1
6,Chungcheongnamdo,2012,3,Walking_old_man,Chungcheongnamdo,Mar  4 2018  8:219PM,1
8,Daegu,2012,16,Bicycle,Daegu,Mar  4 2018  8:219PM,1
17,Gyeonggi,2012,5,Stepless_crossing,Gyeonggi,Mar  4 2018  8:219PM,1
6,Chungcheongbukdo,2012,3,Walking_old_man,Chungcheongbukdo,Mar  4 2018  8:219PM,1
13,Gyeonggi,2012,4,Stepless_crossing,Gyeonggi,Mar  4 2018  8:219PM,1
12,Busan,2012,14,Stepless_crossing,Busan,Mar  4 2018  8:219PM,1
12,Busan,2012,4,Stepless_crossing,Busan,Mar  4 2018  8:219PM,1
6,Chungcheongnamdo,2012,3,Walking_old_man,Chungcheongnamdo,Mar  4 2018  8:219PM,1
6,Chungcheongnamdo,2012,5,Walking_old_man,Chungcheongnamdo,Mar  4 2018  8:219PM,1
12,Busan,2012,4,Stepless_crossing,Busan,Mar  4 2018  8:219PM,1
12,Busan,2012,6,Stepless_crossing,Busan,Mar  4 2018  8:219PM,1
6,Chungcheongnamdo,2012,3,Walking_old_man,Chungcheongnamdo,Mar  4 2018  8:219PM,1
18,Chungcheongbukdo,2012,4,Stepless_crossing,Chungcheongbukdo,Mar  4 2018  8:219PM,1
12,Busan,2012,5,Stepless_crossing,Busan,Mar  4 2018  8:219PM,1
13,Gyeonggi,2012,4,Stepless_crossing,Gyeonggi,Mar  4 2018  8:219PM,1
13,Gyeonggi,2012,4,Stepless_crossing,Gyeonggi,Mar  4 2018  8:219PM,1
6,Chungcheongnamdo,2012,3,Walking_old_man,Chungcheongnamdo,Mar  4 2018  8:219PM,1
1,Seoul,2012,3,Walking_children,Seoul,Mar  4 2018  8:219PM,1
6,Chungcheongbukdo,2012,3,Walking_old_man,Chungcheongbukdo,Mar  4 2018  8:219PM,1
6,Chungcheongbukdo,2012,3,Walking_old_man,Chungcheongbukdo,Mar  4 2018  8:219PM,1
17,Gyeonggi,2012,4,Stepless_crossing,Gyeonggi,Mar  4 2018  8:219PM,1
13,Gyeonggi,2012,3,Stepless_crossing,Gyeonggi,Mar  4 2018  8:219PM,1
6,Seoul,2012,5,Bicycle,Seoul,Mar  4 2018  8:219PM,1
6,Seoul,2012,5,Bicycle,Seoul,Mar  4 2018  8:219PM,1
20,Jeollabukdo,2012,5,Stepless_crossing,Jeollabukdo,Mar  4 2018  8:219PM,1
6,Chungcheongbukdo,2012,4,Walking_old_man,Chungcheongbukdo,Mar  4 2018  8:219PM,1
17,Gyeonggi,2012,7,Stepless_crossing,Gyeonggi,Mar  4 2018  8:219PM,1
12,Seoul,2012,4,Stepless_crossing,Seoul,Mar  4 2018  8:219PM,1
6,Chungcheongbukdo,2012,3,Walking_old_man,Chungcheongbukdo,Mar  4 2018  8:219PM,1
6,Chungcheongbukdo,2012,4,Walking_old_man,Chungcheongbukdo,Mar  4 2018  8:219PM,1
6,Chungcheongbukdo,2012,3,Walking_old_man,Chungcheongbukdo,Mar  4 2018  8:219PM,1
6,Chungcheongbukdo,2012,3,Walking_old_man,Chungcheongbukdo,Mar  4 2018  8:219PM,1
6,Chungcheongbukdo,2012,3,Walking_old_man,Chungcheongbukdo,Mar  4 2018  8:219PM,1
9,Daegu,2012,6,Bicycle,Daegu,Mar  4 2018  8:219PM,1
12,Busan,2012,11,Stepless_crossing,Busan,Mar  4 2018  8:219PM,1
5,Gyeonggi,2012,5,Walking_children,Gyeonggi,Mar  4 2018  8:219PM,1
5,Gwangju,2012,4,Walking_children,Gwangju,Mar  4 2018  8:219PM,1
12,Seoul,2012,11,Stepless_crossing,Seoul,Mar  4 2018  8:219PM,1
12,Busan,2012,7,Stepless_crossing,Busan,Mar  4 2018  8:219PM,1
6,Chungcheongbukdo,2012,4,Walking_old_man,Chungcheongbukdo,Mar  4 2018  8:219PM,1
12,Seoul,2012,6,Stepless_crossing,Seoul,Mar  4 2018  8:219PM,1
13,Gyeonggi,2012,3,Stepless_crossing,Gyeonggi,Mar  4 2018  8:219PM,1
5,Gwangju,2012,3,Walking_children,Gwangju,Mar  4 2018  8:219PM,1
12,Seoul,2012,4,Stepless_crossing,Seoul,Mar  4 2018  8:219PM,1
17,Gyeonggi,2012,7,Stepless_crossing,Gyeonggi,Mar  4 2018  8:219PM,1
6,Chungcheongbukdo,2012,3,Walking_old_man,Chungcheongbukdo,Mar  4 2018  8:219PM,1
12,Seoul,2012,4,Stepless_crossing,Seoul,Mar  4 2018  8:219PM,1
15,Gyeonggi,2012,5,Stepless_crossing,Gyeonggi,Mar  4 2018  8:219PM,1
1,Gyeonggi,2012,2,School_zone_children,Gyeonggi,Mar  4 2018  8:219PM,1
6,Seoul,2012,5,Bicycle,Seoul,Mar  4 2018  8:219PM,1
5,Gwangju,2012,3,Walking_children,Gwangju,Mar  4 2018  8:219PM,1
17,Gyeonggi,2012,4,Stepless_crossing,Gyeonggi,Apr  4 2018  8:219PM,1
12,Seoul,2012,7,Stepless_crossing,Seoul,Apr  4 2018  8:219PM,1
12,Seoul,2012,4,Stepless_crossing,Seoul,Apr  4 2018  8:219PM,1
13,Ulsan,2012,4,Stepless_crossing,Ulsan,Apr  4 2018  8:219PM,1
18,Chungcheongbukdo,2012,4,Stepless_crossing,Chungcheongbukdo,Apr  4 2018  8:219PM,1
12,Seoul,2012,8,Stepless_crossing,Seoul,Apr  4 2018  8:219PM,1
17,Gyeonggi,2012,4,Stepless_crossing,Gyeonggi,Apr  4 2018  8:219PM,1
5,Gwangju,2012,3,Walking_children,Gwangju,Apr  4 2018  8:219PM,1
6,Chungcheongbukdo,2012,4,Walking_old_man,Chungcheongbukdo,Apr  4 2018  8:219PM,1
13,Ulsan,2012,4,Stepless_crossing,Ulsan,Apr  4 2018  8:219PM,1
13,Ulsan,2012,5,Stepless_crossing,Ulsan,Apr  4 2018  8:219PM,1
12,Seoul,2012,5,Stepless_crossing,Seoul,Apr  4 2018  8:219PM,1
13,Ulsan,2012,4,Stepless_crossing,Ulsan,Apr  4 2018  8:219PM,1
12,Seoul,2012,10,Stepless_crossing,Seoul,Apr  4 2018  8:219PM,1
19,Gyeonggi,2012,4,Stepless_crossing,Gyeonggi,Apr  4 2018  8:219PM,1
19,Gyeonggi,2012,4,Stepless_crossing,Gyeonggi,Apr  4 2018  8:219PM,1
6,Chungcheongbukdo,2012,3,Walking_old_man,Chungcheongbukdo,Apr  4 2018  8:219PM,1
13,Ulsan,2012,6,Stepless_crossing,Ulsan,Apr  4 2018  8:219PM,1
12,Seoul,2012,5,Stepless_crossing,Seoul,Apr  4 2018  8:219PM,1
6,Chungcheongbukdo,2012,3,Walking_old_man,Chungcheongbukdo,Apr  4 2018  8:219PM,1
22,Gyeongsangnamdo,2012,11,Stepless_crossing,Gyeongsangnamdo,Apr  4 2018  8:219PM,1
19,Gyeonggi,2012,4,Stepless_crossing,Gyeonggi,Apr  4 2018  8:219PM,1
21,Jeollabukdo,2012,7,Stepless_crossing,Jeollabukdo,Apr  4 2018  8:219PM,1
12,Seoul,2012,8,Stepless_crossing,Seoul,Apr  4 2018  8:219PM,1
13,Ulsan,2012,11,Stepless_crossing,Ulsan,Apr  4 2018  8:219PM,1
6,Seoul,2012,4,Bicycle,Seoul,Apr  4 2018  8:219PM,1
6,Chungcheongbukdo,2012,3,Walking_old_man,Chungcheongbukdo,Apr  4 2018  8:219PM,1
12,Seoul,2012,5,Stepless_crossing,Seoul,Apr  4 2018  8:219PM,1
22,Gyeongsangnamdo,2012,9,Stepless_crossing,Gyeongsangnamdo,Apr  4 2018  8:219PM,1
6,Gangwon,2012,3,Walking_old_man,Gangwon,Apr  4 2018  8:219PM,1
6,Gangwon,2012,4,Walking_old_man,Gangwon,Apr  4 2018  8:219PM,1
6,Gangwon,2012,5,Walking_old_man,Gangwon,Apr  4 2018  8:219PM,1
6,Gangwon,2012,2,Walking_old_man,Gangwon,Apr  4 2018  8:219PM,1
20,Jeollabukdo,2012,5,Stepless_crossing,Jeollabukdo,Apr  4 2018  8:219PM,1
21,Jeollabukdo,2012,6,Stepless_crossing,Jeollabukdo,Apr  4 2018  8:219PM,1
6,Gangwon,2012,3,Walking_old_man,Gangwon,Apr  4 2018  8:219PM,1
12,Seoul,2012,4,Stepless_crossing,Seoul,Apr  4 2018  8:219PM,0
6,Seoul,2012,5,Bicycle,Seoul,Apr  4 2018  8:219PM,1
6,Seoul,2012,6,Bicycle,Seoul,Apr  4 2018  8:219PM,1
6,Seoul,2012,6,Bicycle,Seoul,Apr  4 2018  8:219PM,1
12,Seoul,2012,4,Stepless_crossing,Seoul,Apr  4 2018  8:219PM,1
6,Gyeongsangnamdo,2012,5,Walking_old_man,Gyeongsangnamdo,Apr  4 2018  8:219PM,1
6,Gyeongsangnamdo,2012,3,Walking_old_man,Gyeongsangnamdo,Apr  4 2018  8:219PM,1
6,Gyeongsangnamdo,2012,5,Walking_old_man,Gyeongsangnamdo,Apr  4 2018  8:219PM,1
6,Gyeongsangnamdo,2012,6,Walking_old_man,Gyeongsangnamdo,Apr  4 2018  8:219PM,1
6,Gyeongsangnamdo,2012,7,Walking_old_man,Gyeongsangnamdo,Apr  4 2018  8:219PM,1
6,Gyeongsangnamdo,2012,7,Walking_old_man,Gyeongsangnamdo,Apr  4 2018  8:219PM,1
6,Gyeongsangnamdo,2012,3,Walking_old_man,Gyeongsangnamdo,Apr  4 2018  8:219PM,1
6,Gyeongsangnamdo,2012,4,Walking_old_man,Gyeongsangnamdo,Apr  4 2018  8:219PM,1
6,Gyeongsangnamdo,2012,5,Walking_old_man,Gyeongsangnamdo,Apr  4 2018  8:219PM,1
6,Gyeongsangnamdo,2012,4,Walking_old_man,Gyeongsangnamdo,Apr  4 2018  8:219PM,1
6,Gyeongsangnamdo,2012,5,Walking_old_man,Gyeongsangnamdo,Apr  4 2018  8:219PM,1
6,Gyeongsangnamdo,2012,4,Walking_old_man,Gyeongsangnamdo,Apr  4 2018  8:219PM,1
6,Gyeongsangnamdo,2012,4,Walking_old_man,Gyeongsangnamdo,Apr  4 2018  8:219PM,1
6,Gyeongsangnamdo,2012,4,Walking_old_man,Gyeongsangnamdo,Apr  4 2018  8:219PM,1
6,Gyeongsangnamdo,2012,3,Walking_old_man,Gyeongsangnamdo,Apr  4 2018  8:219PM,1
6,Jeju,2012,3,Walking_old_man,Jeju,Apr  4 2018  8:219PM,1
6,Seoul,2012,4,Bicycle,Seoul,Apr  4 2018  8:219PM,1
12,Daegu,2012,4,Stepless_crossing,Daegu,Apr  4 2018  8:219PM,1
6,Jeju,2012,7,Walking_old_man,Jeju,Apr  4 2018  8:219PM,1
6,Chungcheongbukdo,2012,5,Walking_old_man,Chungcheongbukdo,Apr  4 2018  8:219PM,1
6,Chungcheongbukdo,2012,3,Walking_old_man,Chungcheongbukdo,Apr  4 2018  8:219PM,1
13,Gyeonggi,2012,4,Stepless_crossing,Gyeonggi,Apr  4 2018  8:219PM,1
13,Gyeonggi,2012,5,Stepless_crossing,Gyeonggi,Apr  4 2018  8:219PM,1
12,Seoul,2012,7,Stepless_crossing,Seoul,Apr  4 2018  8:219PM,1
5,Daejeon,2012,5,Walking_children,Daejeon,Apr  4 2018  8:219PM,1
5,Daejeon,2012,3,Walking_children,Daejeon,Apr  4 2018  8:219PM,1
12,Daegu,2012,10,Stepless_crossing,Daegu,Apr  4 2018  8:219PM,1
12,Daegu,2012,9,Stepless_crossing,Daegu,Apr  4 2018  8:219PM,1
9,Incheon,2012,4,Bicycle,Incheon,Apr  4 2018  8:219PM,1
21,Jeollanamdo,2012,3,Stepless_crossing,Jeollanamdo,Apr  4 2018  8:219PM,1
6,Jeju,2012,3,Walking_old_man,Jeju,Apr  4 2018  8:219PM,1
6,Jeju,2012,4,Walking_old_man,Jeju,Apr  4 2018  8:219PM,1
6,Jeju,2012,3,Walking_old_man,Jeju,Apr  4 2018  8:219PM,1
17,Gyeonggi,2012,6,Stepless_crossing,Gyeonggi,Apr  4 2018  8:219PM,1
6,Gyeongsangnamdo,2012,5,Walking_old_man,Gyeongsangnamdo,Apr  4 2018  8:219PM,1
18,Chungcheongnamdo,2012,4,Stepless_crossing,Chungcheongnamdo,Apr  4 2018  8:219PM,1
6,Gyeongsangnamdo,2012,5,Walking_old_man,Gyeongsangnamdo,Apr  4 2018  8:219PM,1
1,Jeollanamdo,2012,2,School_zone_children,Jeollanamdo,Apr  4 2018  8:219PM,1
12,Daegu,2012,5,Stepless_crossing,Daegu,Apr  4 2018  8:219PM,1
2,Seoul,2012,3,School_zone_children,Seoul,Apr  4 2018  8:219PM,1
8,Daegu,2012,5,Bicycle,Daegu,Apr  4 2018  8:219PM,1
18,Chungcheongbukdo,2012,8,Stepless_crossing,Chungcheongbukdo,Apr  4 2018  8:219PM,1
12,Daegu,2012,5,Stepless_crossing,Daegu,Apr  4 2018  8:219PM,1
12,Daegu,2012,5,Stepless_crossing,Daegu,Apr  4 2018  8:219PM,1
6,Gyeongsangnamdo,2012,3,Walking_old_man,Gyeongsangnamdo,Apr  4 2018  8:219PM,1
22,Gyeongsangnamdo,2012,5,Stepless_crossing,Gyeongsangnamdo,Apr  4 2018  8:219PM,1
13,Gyeonggi,2012,4,Stepless_crossing,Gyeonggi,Apr  4 2018  8:219PM,1
12,Daegu,2012,4,Stepless_crossing,Daegu,Apr  4 2018  8:219PM,1
22,Gyeongsangnamdo,2012,5,Stepless_crossing,Gyeongsangnamdo,Apr  4 2018  8:219PM,1
6,Gyeongsangnamdo,2012,3,Walking_old_man,Gyeongsangnamdo,Apr  4 2018  8:219PM,1
12,Daegu,2012,10,Stepless_crossing,Daegu,Apr  4 2018  8:219PM,1
12,Daegu,2012,4,Stepless_crossing,Daegu,Apr  4 2018  8:219PM,1
6,Gyeongsangnamdo,2012,3,Walking_old_man,Gyeongsangnamdo,Apr  4 2018  8:219PM,1
13,Gyeonggi,2012,4,Stepless_crossing,Gyeonggi,Apr  4 2018  8:219PM,1
12,Daegu,2012,6,Stepless_crossing,Daegu,Apr  4 2018  8:219PM,1
13,Gyeonggi,2012,4,Stepless_crossing,Gyeonggi,Apr  4 2018  8:219PM,1
13,Gyeonggi,2012,4,Stepless_crossing,Gyeonggi,Apr  4 2018  8:219PM,1
6,Gyeongsangnamdo,2012,3,Walking_old_man,Gyeongsangnamdo,Apr  4 2018  8:219PM,1
12,Daegu,2012,4,Stepless_crossing,Daegu,Apr  4 2018  8:219PM,1
12,Daegu,2012,4,Stepless_crossing,Daegu,Apr  4 2018  8:219PM,1
12,Daegu,2012,5,Stepless_crossing,Daegu,Apr  4 2018  8:219PM,1
12,Daegu,2012,5,Stepless_crossing,Daegu,Apr  4 2018  8:219PM,1
12,Daegu,2012,5,Stepless_crossing,Daegu,Apr  4 2018  8:219PM,1
6,Jeollanamdo,2012,3,Walking_old_man,Jeollanamdo,Apr  4 2018  8:219PM,1
10,Gyeonggi,2012,7,Bicycle,Gyeonggi,Apr  4 2018  8:219PM,1
5,Seoul,2012,4,Walking_children,Seoul,Apr  4 2018  8:219PM,1
20,Jeollabukdo,2012,6,Stepless_crossing,Jeollabukdo,Apr  4 2018  8:219PM,1
6,Gyeongsangnamdo,2012,6,Walking_old_man,Gyeongsangnamdo,Apr  4 2018  8:219PM,1
6,Gyeongsangnamdo,2012,5,Walking_old_man,Gyeongsangnamdo,Apr  4 2018  8:219PM,1
6,Gyeongsangnamdo,2012,4,Walking_old_man,Gyeongsangnamdo,Apr  4 2018  8:219PM,1
12,Daegu,2012,4,Stepless_crossing,Daegu,Apr  4 2018  8:219PM,1
12,Daegu,2012,4,Stepless_crossing,Daegu,Apr  4 2018  8:219PM,1
12,Daegu,2012,4,Stepless_crossing,Daegu,Apr  4 2018  8:219PM,1
6,Gyeongsangbukdo,2012,3,Walking_old_man,Gyeongsangbukdo,Apr  4 2018  8:219PM,1
6,Gyeongsangbukdo,2012,6,Walking_old_man,Gyeongsangbukdo,Apr  4 2018  8:219PM,1
6,Gyeongsangbukdo,2012,3,Walking_old_man,Gyeongsangbukdo,Apr  4 2018  8:219PM,1
6,Gyeongsangbukdo,2012,5,Walking_old_man,Gyeongsangbukdo,Apr  4 2018  8:219PM,1
6,Gyeongsangbukdo,2012,6,Walking_old_man,Gyeongsangbukdo,Apr  4 2018  8:219PM,1
6,Gyeongsangbukdo,2012,3,Walking_old_man,Gyeongsangbukdo,Apr  4 2018  8:219PM,1
5,Daejeon,2012,3,Walking_children,Daejeon,May 16 2018  3:01PM,1
18,Chungcheongbukdo,2012,6,Stepless_crossing,Chungcheongbukdo,May 16 2018  3:01PM,1
18,Chungcheongbukdo,2012,7,Stepless_crossing,Chungcheongbukdo,May 16 2018  3:01PM,1
17,Gyeonggi,2012,5,Stepless_crossing,Gyeonggi,May 16 2018  3:01PM,1
17,Gyeonggi,2012,5,Stepless_crossing,Gyeonggi,May 16 2018  3:01PM,1
12,Gwangju,2012,6,Stepless_crossing,Gwangju,May 16 2018  3:01PM,1
12,Daegu,2012,7,Stepless_crossing,Daegu,May 16 2018  3:01PM,1
17,Gyeonggi,2012,5,Stepless_crossing,Gyeonggi,May 16 2018  3:01PM,1
12,Busan,2012,8,Stepless_crossing,Busan,May 16 2018  3:01PM,1
6,Gyeongsangbukdo,2012,4,Walking_old_man,Gyeongsangbukdo,May 16 2018  3:01PM,1
6,Gyeongsangbukdo,2012,3,Walking_old_man,Gyeongsangbukdo,May 16 2018  3:01PM,1
5,Gwangju,2012,5,Walking_children,Gwangju,May 16 2018  3:01PM,1
6,Gyeongsangbukdo,2012,5,Walking_old_man,Gyeongsangbukdo,May 16 2018  3:01PM,1
8,Daegu,2012,5,Bicycle,Daegu,May 16 2018  3:01PM,1
6,Gyeongsangbukdo,2012,3,Walking_old_man,Gyeongsangbukdo,May 16 2018  3:01PM,1
15,Gyeonggi,2012,5,Stepless_crossing,Gyeonggi,May 16 2018  3:01PM,1
13,Gyeonggi,2012,4,Stepless_crossing,Gyeonggi,May 16 2018  3:01PM,1
12,Busan,2012,6,Stepless_crossing,Busan,May 16 2018  3:01PM,1
17,Gyeonggi,2012,6,Stepless_crossing,Gyeonggi,May 16 2018  3:01PM,1
17,Gyeonggi,2012,3,Stepless_crossing,Gyeonggi,May 16 2018  3:01PM,1
9,Daegu,2012,9,Bicycle,Daegu,May 16 2018  3:01PM,0
17,Gyeonggi,2012,9,Stepless_crossing,Gyeonggi,May 16 2018  3:01PM,1
6,Gyeongsangbukdo,2012,3,Walking_old_man,Gyeongsangbukdo,May 16 2018  3:01PM,1
6,Gyeongsangbukdo,2012,7,Walking_old_man,Gyeongsangbukdo,May 16 2018  3:01PM,1
6,Gyeongsangbukdo,2012,3,Walking_old_man,Gyeongsangbukdo,May 16 2018  3:01PM,1
9,Daegu,2012,9,Bicycle,Daegu,May 16 2018  3:01PM,1
5,Seoul,2012,3,Walking_children,Seoul,May 16 2018  3:01PM,1
5,Gwangju,2012,3,Walking_children,Gwangju,May 16 2018  3:01PM,1
22,Gyeongsangnamdo,2012,4,Stepless_crossing,Gyeongsangnamdo,May 16 2018  3:01PM,1
9,Gwangju,2012,6,Bicycle,Gwangju,May 16 2018  3:01PM,1
6,Jeollabukdo,2012,6,Walking_old_man,Jeollabukdo,May 16 2018  3:01PM,1
6,Jeollabukdo,2012,2,Walking_old_man,Jeollabukdo,May 16 2018  3:01PM,1
6,Jeollabukdo,2012,3,Walking_old_man,Jeollabukdo,May 16 2018  3:01PM,1
6,Jeollabukdo,2012,3,Walking_old_man,Jeollabukdo,May 16 2018  3:01PM,1
13,Gyeonggi,2012,4,Stepless_crossing,Gyeonggi,May 16 2018  3:01PM,1
22,Gyeongsangnamdo,2012,6,Stepless_crossing,Gyeongsangnamdo,May 16 2018  3:01PM,1
12,Busan,2012,4,Stepless_crossing,Busan,May 16 2018  3:01PM,1
12,Busan,2012,5,Stepless_crossing,Busan,May 16 2018  3:01PM,1
12,Busan,2012,7,Stepless_crossing,Busan,May 16 2018  3:01PM,1
12,Busan,2012,23,Stepless_crossing,Busan,May 16 2018  3:01PM,1
12,Busan,2012,4,Stepless_crossing,Busan,May 16 2018  3:01PM,1
12,Busan,2012,4,Stepless_crossing,Busan,May 16 2018  3:01PM,1
6,Gyeongsangbukdo,2012,3,Walking_old_man,Gyeongsangbukdo,May 16 2018  3:01PM,1
6,Gyeongsangbukdo,2012,6,Walking_old_man,Gyeongsangbukdo,May 16 2018  3:01PM,1
9,Daegu,2012,7,Bicycle,Daegu,May 16 2018  3:01PM,1
6,Gyeongsangbukdo,2012,3,Walking_old_man,Gyeongsangbukdo,May 16 2018  3:01PM,1
8,Daegu,2012,4,Bicycle,Daegu,May 16 2018  3:01PM,1
8,Daegu,2012,5,Bicycle,Daegu,May 16 2018  3:01PM,1
9,Daegu,2012,8,Bicycle,Daegu,May 16 2018  3:01PM,1
6,Gyeongsangbukdo,2012,3,Walking_old_man,Gyeongsangbukdo,May 16 2018  3:01PM,1
22,Gyeongsangnamdo,2012,5,Stepless_crossing,Gyeongsangnamdo,May 16 2018  3:01PM,1
2,Seoul,2012,2,School_zone_children,Seoul,May 16 2018  3:01PM,1
12,Busan,2012,4,Stepless_crossing,Busan,May 16 2018  3:01PM,1
6,Jeollanamdo,2012,5,Walking_old_man,Jeollanamdo,May 16 2018  3:01PM,1
6,Jeollanamdo,2012,4,Walking_old_man,Jeollanamdo,May 16 2018  3:01PM,1
6,Jeollanamdo,2012,4,Walking_old_man,Jeollanamdo,May 16 2018  3:01PM,1
6,Jeollanamdo,2012,3,Walking_old_man,Jeollanamdo,May 16 2018  3:01PM,1
6,Gyeongsangbukdo,2012,6,Walking_old_man,Gyeongsangbukdo,May 16 2018  3:01PM,1
6,Gyeongsangbukdo,2012,7,Walking_old_man,Gyeongsangbukdo,May 16 2018  3:01PM,1
21,Jeollanamdo,2012,3,Stepless_crossing,Jeollanamdo,May 16 2018  3:01PM,1
13,Gyeonggi,2012,6,Stepless_crossing,Gyeonggi,May 16 2018  3:01PM,0
13,Gyeonggi,2012,6,Stepless_crossing,Gyeonggi,May 16 2018  3:01PM,1
13,Gyeonggi,2012,13,Stepless_crossing,Gyeonggi,May 16 2018  3:01PM,1
13,Gyeonggi,2012,4,Stepless_crossing,Gyeonggi,May 16 2018  3:01PM,1
12,Busan,2012,8,Stepless_crossing,Busan,May 16 2018  3:01PM,1
12,Busan,2012,4,Stepless_crossing,Busan,May 16 2018  3:01PM,1
18,Chungcheongbukdo,2012,5,Stepless_crossing,Chungcheongbukdo,May 16 2018  3:01PM,1
18,Chungcheongbukdo,2012,9,Stepless_crossing,Chungcheongbukdo,May 16 2018  3:01PM,1
18,Chungcheongbukdo,2012,5,Stepless_crossing,Chungcheongbukdo,May 16 2018  3:01PM,1
18,Chungcheongbukdo,2012,4,Stepless_crossing,Chungcheongbukdo,May 16 2018  3:01PM,1
21,Jeollanamdo,2012,1,Stepless_crossing,Jeollanamdo,May 16 2018  3:01PM,1
6,Gyeongsangbukdo,2012,6,Walking_old_man,Gyeongsangbukdo,May 16 2018  3:01PM,1
6,Gyeongsangbukdo,2012,4,Walking_old_man,Gyeongsangbukdo,May 16 2018  3:01PM,1
6,Gyeongsangbukdo,2012,4,Walking_old_man,Gyeongsangbukdo,May 16 2018  3:01PM,1
18,Chungcheongbukdo,2012,8,Stepless_crossing,Chungcheongbukdo,May 16 2018  3:01PM,1
18,Chungcheongbukdo,2012,10,Stepless_crossing,Chungcheongbukdo,May 16 2018  3:01PM,1
6,Gyeongsangbukdo,2012,4,Walking_old_man,Gyeongsangbukdo,May 16 2018  3:01PM,1
12,Busan,2012,4,Stepless_crossing,Busan,May 16 2018  3:01PM,1
12,Busan,2012,4,Stepless_crossing,Busan,May 16 2018  3:01PM,1
5,Gwangju,2012,4,Walking_children,Gwangju,May 16 2018  3:01PM,1
5,Gwangju,2012,4,Walking_children,Gwangju,May 16 2018  3:01PM,1
6,Jeollanamdo,2012,3,Walking_old_man,Jeollanamdo,May 16 2018  3:01PM,1
6,Gyeongsangbukdo,2012,4,Walking_old_man,Gyeongsangbukdo,May 16 2018  3:01PM,1
18,Chungcheongbukdo,2012,7,Stepless_crossing,Chungcheongbukdo,May 16 2018  3:01PM,1
13,Gyeonggi,2012,6,Stepless_crossing,Gyeonggi,May 16 2018  3:01PM,1
,Gyeonggi,2012,6,Bicycle,Gyeonggi,May 16 2018  3:01PM,1
19,Gyeonggi,2012,4,Stepless_crossing,Gyeonggi,May 16 2018  3:01PM,1
,Gwangju,2012,8,Bicycle,Gwangju,May 16 2018  3:01PM,2
,Gwangju,2012,4,Bicycle,Gwangju,May 16 2018  3:01PM,2
,Gwangju,2012,4,Bicycle,Gwangju,May 16 2018  3:01PM,2
,Gwangju,2012,4,Bicycle,Gwangju,May 16 2018  3:01PM,2
,Gwangju,2012,5,Bicycle,Gwangju,May 16 2018  3:01PM,2
,Gwangju,2012,7,Bicycle,Gwangju,May 16 2018  3:01PM,2
,Gwangju,2012,8,Bicycle,Gwangju,May 16 2018  3:01PM,2
,Daejeon,2012,5,Bicycle,Daejeon,May 16 2018  3:01PM,2
,Daejeon,2012,5,Bicycle,Daejeon,May 16 2018  3:01PM,2
,Daejeon,2012,5,Bicycle,Daejeon,May 16 2018  3:01PM,2
,Ulsan,2012,4,Bicycle,Ulsan,May 16 2018  3:01PM,2
,Ulsan,2012,4,Bicycle,Ulsan,May 16 2018  3:01PM,2
,Ulsan,2012,6,Bicycle,Ulsan,May 16 2018  3:01PM,2
,Ulsan,2012,5,Bicycle,Ulsan,May 16 2018  3:01PM,2
,Ulsan,2012,6,Bicycle,Ulsan,May 16 2018  3:01PM,2
,Ulsan,2012,4,Bicycle,Ulsan,May 16 2018  3:01PM,2
,Gyeonggi,2012,5,Bicycle,Gyeonggi,May 16 2018  3:01PM,2
,Gyeonggi,2012,4,Bicycle,Gyeonggi,Jun 30 2018  4:00AM,2
,Gyeonggi,2012,5,Bicycle,Gyeonggi,Jun 30 2018  4:00AM,2
,Gyeonggi,2012,6,Bicycle,Gyeonggi,Jun 30 2018  4:00AM,2
,Gyeonggi,2012,5,Bicycle,Gyeonggi,Jun 30 2018  4:00AM,2
,Gyeonggi,2012,5,Bicycle,Gyeonggi,Jun 30 2018  4:00AM,2
,Gyeonggi,2012,5,Bicycle,Gyeonggi,Jun 30 2018  4:00AM,2
,Gyeonggi,2012,4,Bicycle,Gyeonggi,Jun 30 2018  4:00AM,2
,Gyeonggi,2012,4,Bicycle,Gyeonggi,Jun 30 2018  4:00AM,2
12,Gyeongsangbukdo,2012,4,Bicycle,Gyeongsangbukdo,Jun 30 2018  4:00AM,1
12,Gyeongsangbukdo,2012,4,Bicycle,Gyeongsangbukdo,Jun 30 2018  4:00AM,2
12,Gyeongsangbukdo,2012,8,Bicycle,Gyeongsangbukdo,Jun 30 2018  4:00AM,1
6,Ulsan,2012,3,Walking_old_man,Ulsan,Jun 30 2018  4:00AM,1
9,Daegu,2012,4,Bicycle,Daegu,Jun 30 2018  4:00AM,2
9,Daegu,2012,4,Bicycle,Daegu,Jun 30 2018  4:00AM,2
9,Daegu,2012,4,Bicycle,Daegu,Jun 30 2018  4:00AM,2
9,Daegu,2012,4,Bicycle,Daegu,Jun 30 2018  4:00AM,2
6,Daejeon,2012,3,Walking_old_man,Daejeon,Jun 30 2018  4:00AM,2
6,Daejeon,2012,3,Walking_old_man,Daejeon,Jun 30 2018  4:00AM,2
6,Daejeon,2012,3,Walking_old_man,Daejeon,Jun 30 2018  4:00AM,2
6,Daejeon,2012,3,Walking_old_man,Daejeon,Jun 30 2018  4:00AM,2
6,Ulsan,2012,3,Walking_old_man,Ulsan,Jun 30 2018  4:00AM,2
17,Gyeonggi,2012,6,Stepless_crossing,Gyeonggi,Jun 30 2018  4:00AM,2
17,Gyeonggi,2012,5,Stepless_crossing,Gyeonggi,Jun 30 2018  4:00AM,2
17,Gyeonggi,2012,6,Stepless_crossing,Gyeonggi,Jun 30 2018  4:00AM,2
17,Gyeonggi,2012,8,Stepless_crossing,Gyeonggi,Jun 30 2018  4:00AM,2
17,Gyeonggi,2012,3,Stepless_crossing,Gyeonggi,Jun 30 2018  4:00AM,2
6,Daejeon,2012,3,Walking_old_man,Daejeon,Jun 30 2018  4:00AM,2
12,Gyeongsangbukdo,2012,4,Bicycle,Gyeongsangbukdo,Jun 30 2018  4:00AM,1
12,Gyeongsangbukdo,2012,4,Bicycle,Gyeongsangbukdo,Jun 30 2018  4:00AM,1
17,Gyeonggi,2012,4,Stepless_crossing,Gyeonggi,Jun 30 2018  4:00AM,2
17,Gyeonggi,2012,5,Stepless_crossing,Gyeonggi,Jun 30 2018  4:00AM,2
17,Gyeonggi,2012,4,Stepless_crossing,Gyeonggi,Jun 30 2018  4:00AM,2
1,Daegu,2012,2,School_zone_children,Daegu,Jun 30 2018  4:00AM,1
13,Daejeon,2012,5,Stepless_crossing,Daejeon,Jun 30 2018  4:00AM,2
13,Daejeon,2012,5,Stepless_crossing,Daejeon,Jun 30 2018  4:00AM,2
13,Daejeon,2012,6,Stepless_crossing,Daejeon,Jun 30 2018  4:00AM,2
6,Daegu,2012,6,Walking_old_man,Daegu,Jun 30 2018  4:00AM,2
6,Daegu,2012,3,Walking_old_man,Daegu,Jun 30 2018  4:00AM,2
6,Daegu,2012,4,Walking_old_man,Daegu,Jun 30 2018  4:00AM,2
6,Daegu,2012,4,Walking_old_man,Daegu,Jun 30 2018  4:00AM,2
6,Daegu,2012,5,Walking_old_man,Daegu,Jun 30 2018  4:00AM,2
6,Daegu,2012,5,Walking_old_man,Daegu,Jun 30 2018  4:00AM,2
6,Daegu,2012,6,Walking_old_man,Daegu,Jun 30 2018  4:00AM,2
6,Daegu,2012,3,Walking_old_man,Daegu,Jun 30 2018  4:00AM,2
6,Daegu,2012,3,Walking_old_man,Daegu,Jun 30 2018  4:00AM,2
6,Daegu,2012,4,Walking_old_man,Daegu,Jun 30 2018  4:00AM,2
6,Daegu,2012,3,Walking_old_man,Daegu,Jun 30 2018  4:00AM,2
6,Daegu,2012,3,Walking_old_man,Daegu,Jun 30 2018  4:00AM,2
6,Daegu,2012,3,Walking_old_man,Daegu,Jun 30 2018  4:00AM,2
6,Daegu,2012,3,Walking_old_man,Daegu,Jun 30 2018  4:00AM,2
6,Daegu,2012,5,Walking_old_man,Daegu,Jun 30 2018  4:00AM,2
6,Daegu,2012,7,Walking_old_man,Daegu,Jun 30 2018  4:00AM,2
6,Daegu,2012,4,Walking_old_man,Daegu,Jun 30 2018  4:00AM,2
6,Daegu,2012,4,Walking_old_man,Daegu,Jun 30 2018  4:00AM,2
6,Daegu,2012,3,Walking_old_man,Daegu,Jun 30 2018  4:00AM,2
6,Daegu,2012,4,Walking_old_man,Daegu,Jun 30 2018  4:00AM,2
6,Daegu,2012,4,Walking_old_man,Daegu,Jun 30 2018  4:00AM,2
6,Daegu,2012,5,Walking_old_man,Daegu,Jun 30 2018  4:00AM,2
6,Daegu,2012,5,Walking_old_man,Daegu,Jun 30 2018  4:00AM,2
6,Incheon,2012,3,Walking_old_man,Incheon,Jun 30 2018  4:00AM,2
6,Incheon,2012,4,Walking_old_man,Incheon,Jun 30 2018  4:00AM,2
6,Incheon,2012,2,Walking_old_man,Incheon,Jun 30 2018  4:00AM,2
6,Incheon,2012,3,Walking_old_man,Incheon,Jun 30 2018  4:00AM,2
6,Incheon,2012,3,Walking_old_man,Incheon,Jun 30 2018  4:00AM,2
6,Incheon,2012,3,Walking_old_man,Incheon,Jun 30 2018  4:00AM,2
6,Incheon,2012,5,Walking_old_man,Incheon,Jun 30 2018  4:00AM,2
6,Incheon,2012,4,Walking_old_man,Incheon,Jun 30 2018  4:00AM,1
6,Incheon,2012,6,Walking_old_man,Incheon,Jun 30 2018  4:00AM,2
6,Incheon,2012,3,Walking_old_man,Incheon,Jun 30 2018  4:00AM,2
6,Incheon,2012,3,Walking_old_man,Incheon,Jun 30 2018  4:00AM,2
6,Incheon,2012,3,Walking_old_man,Incheon,Jun 30 2018  4:00AM,2
6,Incheon,2012,4,Walking_old_man,Incheon,Jun 30 2018  4:00AM,2
6,Incheon,2012,4,Walking_old_man,Incheon,Jun 30 2018  4:00AM,2
6,Incheon,2012,5,Walking_old_man,Incheon,Jun 30 2018  4:00AM,2
6,Incheon,2012,3,Walking_old_man,Incheon,Jun 30 2018  4:00AM,2
6,Incheon,2012,3,Walking_old_man,Incheon,Jun 30 2018  4:00AM,2
6,Incheon,2012,2,Walking_old_man,Incheon,Jun 30 2018  4:00AM,2
6,Incheon,2012,3,Walking_old_man,Incheon,Jun 30 2018  4:00AM,2
6,Incheon,2012,3,Walking_old_man,Incheon,Jun 30 2018  4:00AM,2
6,Gwangju,2012,3,Walking_old_man,Gwangju,Jun 30 2018  4:00AM,2
6,Gwangju,2012,3,Walking_old_man,Gwangju,Jun 30 2018  4:00AM,2
6,Gwangju,2012,3,Walking_old_man,Gwangju,Jun 30 2018  4:00AM,2
6,Gwangju,2012,4,Walking_old_man,Gwangju,Jun 30 2018  4:00AM,2
6,Gwangju,2012,4,Walking_old_man,Gwangju,Jun 30 2018  4:00AM,2
6,Gwangju,2012,4,Walking_old_man,Gwangju,Jun 30 2018  4:00AM,2
6,Gwangju,2012,3,Walking_old_man,Gwangju,Jun 30 2018  4:00AM,2
6,Gwangju,2012,3,Walking_old_man,Gwangju,Jun 30 2018  4:00AM,2
6,Gwangju,2012,3,Walking_old_man,Gwangju,Jun 30 2018  4:00AM,2
6,Gwangju,2012,7,Walking_old_man,Gwangju,Jun 30 2018  4:00AM,2
6,Gwangju,2012,2,Walking_old_man,Gwangju,Jun 30 2018  4:00AM,2
6,Gwangju,2012,3,Walking_old_man,Gwangju,Jun 30 2018  4:00AM,2
6,Gwangju,2012,3,Walking_old_man,Gwangju,Jun 30 2018  4:00AM,2
6,Gwangju,2012,3,Walking_old_man,Gwangju,Jun 30 2018  4:00AM,2
6,Gwangju,2012,3,Walking_old_man,Gwangju,Jun 30 2018  4:00AM,2
6,Gwangju,2012,5,Walking_old_man,Gwangju,Jun 30 2018  4:00AM,2
6,Gwangju,2012,4,Walking_old_man,Gwangju,Jun 30 2018  4:00AM,2
6,Gwangju,2012,5,Walking_old_man,Gwangju,Jun 30 2018  4:00AM,2
6,Daejeon,2012,3,Walking_old_man,Daejeon,Jun 30 2018  4:00AM,2
6,Daejeon,2012,4,Walking_old_man,Daejeon,Jun 30 2018  4:00AM,2
6,Daejeon,2012,4,Walking_old_man,Daejeon,Jun 30 2018  4:00AM,2
6,Daejeon,2012,5,Walking_old_man,Daejeon,Jun 30 2018  4:00AM,2
6,Daejeon,2012,6,Walking_old_man,Daejeon,Jun 30 2018  4:00AM,2
6,Daejeon,2012,2,Walking_old_man,Daejeon,Jun 30 2018  4:00AM,2
12,Gyeongsangbukdo,2012,5,Bicycle,Gyeongsangbukdo,Jun 30 2018  4:00AM,1
18,Gyeonggi,2012,4,Stepless_crossing,Gyeonggi,Jun 30 2018  4:00AM,2
18,Gyeonggi,2012,4,Stepless_crossing,Gyeonggi,Jun 30 2018  4:00AM,2
18,Gyeonggi,2012,4,Stepless_crossing,Gyeonggi,Jun 30 2018  4:00AM,2
18,Gyeonggi,2012,4,Stepless_crossing,Gyeonggi,Jun 30 2018  4:00AM,2
18,Gyeonggi,2012,8,Stepless_crossing,Gyeonggi,Jun 30 2018  4:00AM,2
6,Busan,2012,4,Walking_old_man,Busan,Jun 30 2018  4:00AM,1
6,Daegu,2012,3,Walking_old_man,Daegu,Jun 30 2018  4:00AM,1
5,Busan,2012,3,Walking_children,Busan,Jun 30 2018  4:00AM,2
5,Busan,2012,3,Walking_children,Busan,Jun 30 2018  4:00AM,2
5,Busan,2012,3,Walking_children,Busan,Jun 30 2018  4:00AM,2
5,Busan,2012,4,Walking_children,Busan,Jun 30 2018  4:00AM,2
5,Daegu,2012,3,Walking_children,Daegu,Jun 30 2018  4:00AM,2
8,Daegu,2012,9,Bicycle,Daegu,Jun 30 2018  4:00AM,1
6,Daegu,2012,3,Walking_old_man,Daegu,Jun 30 2018  4:00AM,2
6,Daegu,2012,3,Walking_old_man,Daegu,Jun 30 2018  4:00AM,2
6,Daegu,2012,4,Walking_old_man,Daegu,Jun 30 2018  4:00AM,2
6,Daegu,2012,3,Walking_old_man,Daegu,Jun 30 2018  4:00AM,2
6,Daegu,2012,4,Walking_old_man,Daegu,Jun 30 2018  4:00AM,2
1,Seoul,2012,2,School_zone_children,Seoul,Jun 30 2018  4:00AM,2
1,Busan,2012,2,School_zone_children,Busan,Jun 30 2018  4:00AM,2
1,Busan,2012,2,School_zone_children,Busan,Jun 30 2018  4:00AM,2
1,Busan,2012,2,School_zone_children,Busan,Jun 30 2018  4:00AM,2
1,Busan,2012,3,School_zone_children,Busan,Jun 30 2018  4:00AM,2
12,Gyeongsangbukdo,2012,7,Bicycle,Gyeongsangbukdo,Jun 30 2018  4:00AM,1
17,Gyeonggi,2012,9,Stepless_crossing,Gyeonggi,Jun 30 2018  4:00AM,2
17,Gyeonggi,2012,4,Stepless_crossing,Gyeonggi,Jun 30 2018  4:00AM,2
12,Gyeongsangbukdo,2012,4,Bicycle,Gyeongsangbukdo,Jun 30 2018  4:00AM,2
12,Gyeongsangbukdo,2012,6,Bicycle,Gyeongsangbukdo,Jun 30 2018  4:00AM,1
12,Jeollanamdo,2012,4,Bicycle,Jeollanamdo,Jun 30 2018  4:00AM,2
12,Gyeongsangbukdo,2012,4,Bicycle,Gyeongsangbukdo,Jun 30 2018  4:00AM,1
5,Busan,2012,4,Walking_children,Busan,Jul 29 2018  5:24AM,2
5,Busan,2012,3,Walking_children,Busan,Jul 29 2018  5:24AM,2
25,Jeju,2012,6,Stepless_crossing,Jeju,Jul 29 2018  5:24AM,2
25,Jeju,2012,6,Stepless_crossing,Jeju,Jul 29 2018  5:24AM,2
25,Jeju,2012,6,Stepless_crossing,Jeju,Jul 29 2018  5:24AM,2
25,Jeju,2012,6,Stepless_crossing,Jeju,Jul 29 2018  5:24AM,2
25,Jeju,2012,7,Stepless_crossing,Jeju,Jul 29 2018  5:24AM,2
25,Jeju,2012,7,Stepless_crossing,Jeju,Jul 29 2018  5:24AM,2
25,Jeju,2012,4,Stepless_crossing,Jeju,Jul 29 2018  5:24AM,2
25,Jeju,2012,4,Stepless_crossing,Jeju,Jul 29 2018  5:24AM,2
25,Jeju,2012,4,Stepless_crossing,Jeju,Jul 29 2018  5:24AM,2
25,Jeju,2012,4,Stepless_crossing,Jeju,Jul 29 2018  5:24AM,2
25,Jeju,2012,5,Stepless_crossing,Jeju,Jul 29 2018  5:24AM,2
25,Jeju,2012,10,Stepless_crossing,Jeju,Jul 29 2018  5:24AM,2
6,Busan,2012,3,Walking_old_man,Busan,Jul 29 2018  5:24AM,2
6,Busan,2012,3,Walking_old_man,Busan,Jul 29 2018  5:24AM,2
6,Busan,2012,3,Walking_old_man,Busan,Jul 29 2018  5:24AM,2
6,Busan,2012,4,Walking_old_man,Busan,Jul 29 2018  5:24AM,2
6,Busan,2012,6,Walking_old_man,Busan,Jul 29 2018  5:24AM,2
6,Busan,2012,7,Walking_old_man,Busan,Jul 29 2018  5:24AM,2
6,Busan,2012,9,Walking_old_man,Busan,Jul 29 2018  5:24AM,2
6,Busan,2012,3,Walking_old_man,Busan,Jul 29 2018  5:24AM,2
6,Busan,2012,3,Walking_old_man,Busan,Jul 29 2018  5:24AM,2
6,Busan,2012,3,Walking_old_man,Busan,Jul 29 2018  5:24AM,2
6,Busan,2012,3,Walking_old_man,Busan,Jul 29 2018  5:24AM,2
6,Busan,2012,6,Walking_old_man,Busan,Jul 29 2018  5:24AM,2
6,Busan,2012,4,Walking_old_man,Busan,Jul 29 2018  5:24AM,2
6,Busan,2012,7,Walking_old_man,Busan,Jul 29 2018  5:24AM,2
6,Busan,2012,3,Walking_old_man,Busan,Jul 29 2018  5:24AM,2
6,Busan,2012,3,Walking_old_man,Busan,Jul 29 2018  5:24AM,2
6,Busan,2012,6,Walking_old_man,Busan,Jul 29 2018  5:24AM,2
6,Busan,2012,4,Walking_old_man,Busan,Jul 29 2018  5:24AM,2
6,Busan,2012,7,Walking_old_man,Busan,Jul 29 2018  5:24AM,2
6,Busan,2012,8,Walking_old_man,Busan,Jul 29 2018  5:24AM,2
6,Busan,2012,3,Walking_old_man,Busan,Jul 29 2018  5:24AM,2
6,Busan,2012,3,Walking_old_man,Busan,Jul 29 2018  5:24AM,2
6,Busan,2012,4,Walking_old_man,Busan,Jul 29 2018  5:24AM,2
6,Busan,2012,4,Walking_old_man,Busan,Jul 29 2018  5:24AM,2
6,Busan,2012,4,Walking_old_man,Busan,Jul 29 2018  5:24AM,2
6,Busan,2012,4,Walking_old_man,Busan,Jul 29 2018  5:24AM,2
6,Busan,2012,5,Walking_old_man,Busan,Jul 29 2018  5:24AM,2
6,Busan,2012,5,Walking_old_man,Busan,Jul 29 2018  5:24AM,2
6,Busan,2012,6,Walking_old_man,Busan,Jul 29 2018  5:24AM,2
6,Busan,2012,4,Walking_old_man,Busan,Jul 29 2018  5:24AM,2
6,Busan,2012,6,Walking_old_man,Busan,Jul 29 2018  5:24AM,2
8,Seoul,2012,5,Bicycle,Seoul,Jul 29 2018  5:24AM,2
8,Seoul,2012,5,Bicycle,Seoul,Jul 29 2018  5:24AM,2
8,Seoul,2012,5,Bicycle,Seoul,Jul 29 2018  5:24AM,2
8,Seoul,2012,5,Bicycle,Seoul,Jul 29 2018  5:24AM,2
8,Seoul,2012,5,Bicycle,Seoul,Jul 29 2018  5:24AM,2
8,Seoul,2012,6,Bicycle,Seoul,Jul 29 2018  5:24AM,2
8,Seoul,2012,6,Bicycle,Seoul,Aug 28 2018 12:27AM,2
8,Seoul,2012,6,Bicycle,Seoul,Aug 28 2018 12:27AM,2
8,Seoul,2012,6,Bicycle,Seoul,Aug 28 2018 12:27AM,2
8,Seoul,2012,6,Bicycle,Seoul,Aug 28 2018 12:27AM,2
8,Seoul,2012,6,Bicycle,Seoul,Aug 28 2018 12:27AM,2
8,Seoul,2012,6,Bicycle,Seoul,Aug 28 2018 12:27AM,2
8,Seoul,2012,7,Bicycle,Seoul,Aug 28 2018 12:27AM,2
8,Seoul,2012,8,Bicycle,Seoul,Aug 28 2018 12:27AM,2
8,Seoul,2012,9,Bicycle,Seoul,Aug 28 2018 12:27AM,2
8,Seoul,2012,9,Bicycle,Seoul,Aug 28 2018 12:27AM,2
8,Seoul,2012,10,Bicycle,Seoul,Aug 28 2018 12:27AM,2
8,Seoul,2012,4,Bicycle,Seoul,Aug 28 2018 12:27AM,2
8,Seoul,2012,4,Bicycle,Seoul,Aug 28 2018 12:27AM,2
8,Seoul,2012,4,Bicycle,Seoul,Aug 28 2018 12:27AM,2
8,Seoul,2012,4,Bicycle,Seoul,Aug 28 2018 12:27AM,2
8,Seoul,2012,4,Bicycle,Seoul,Aug 28 2018 12:27AM,2
8,Seoul,2012,4,Bicycle,Seoul,Aug 28 2018 12:27AM,2
8,Seoul,2012,5,Bicycle,Seoul,Aug 28 2018 12:27AM,2
8,Seoul,2012,5,Bicycle,Seoul,Aug 28 2018 12:27AM,2
8,Seoul,2012,6,Bicycle,Seoul,Aug 28 2018 12:27AM,2
8,Seoul,2012,7,Bicycle,Seoul,Aug 28 2018 12:27AM,2
8,Seoul,2012,11,Bicycle,Seoul,Aug 28 2018 12:27AM,2
8,Busan,2012,4,Bicycle,Busan,Aug 28 2018 12:27AM,2
8,Busan,2012,4,Bicycle,Busan,Aug 28 2018 12:27AM,2
8,Busan,2012,4,Bicycle,Busan,Aug 28 2018 12:27AM,2
8,Busan,2012,5,Bicycle,Busan,Aug 28 2018 12:27AM,2
8,Busan,2012,5,Bicycle,Busan,Aug 28 2018 12:27AM,2
8,Busan,2012,7,Bicycle,Busan,Aug 28 2018 12:27AM,2
8,Busan,2012,5,Bicycle,Busan,Aug 28 2018 12:27AM,2
8,Busan,2012,6,Bicycle,Busan,Aug 28 2018 12:27AM,2
8,Busan,2012,5,Bicycle,Busan,Aug 28 2018 12:27AM,2
8,Busan,2012,5,Bicycle,Busan,Aug 28 2018 12:27AM,2
8,Busan,2012,4,Bicycle,Busan,Aug 28 2018 12:27AM,2
8,Busan,2012,6,Bicycle,Busan,Aug 28 2018 12:27AM,2
8,Busan,2012,4,Bicycle,Busan,Aug 28 2018 12:27AM,2
8,Busan,2012,4,Bicycle,Busan,Aug 28 2018 12:27AM,2
8,Busan,2012,6,Bicycle,Busan,Aug 28 2018 12:27AM,2
8,Busan,2012,7,Bicycle,Busan,Aug 28 2018 12:27AM,2
8,Busan,2012,5,Bicycle,Busan,Aug 28 2018 12:27AM,2
8,Daegu,2012,6,Bicycle,Daegu,Aug 28 2018 12:27AM,2
8,Daegu,2012,6,Bicycle,Daegu,Aug 28 2018 12:27AM,2
8,Daegu,2012,8,Bicycle,Daegu,Aug 28 2018 12:27AM,2
12,Chungcheongbukdo,2012,4,Bicycle,Chungcheongbukdo,Aug 28 2018 12:27AM,2
12,Chungcheongbukdo,2012,4,Bicycle,Chungcheongbukdo,Aug 28 2018 12:27AM,2
12,Chungcheongbukdo,2012,5,Bicycle,Chungcheongbukdo,Aug 28 2018 12:27AM,2
12,Chungcheongbukdo,2012,5,Bicycle,Chungcheongbukdo,Aug 28 2018 12:27AM,2
12,Chungcheongbukdo,2012,5,Bicycle,Chungcheongbukdo,Aug 28 2018 12:27AM,2
12,Chungcheongbukdo,2012,5,Bicycle,Chungcheongbukdo,Aug 28 2018 12:27AM,2
12,Chungcheongbukdo,2012,6,Bicycle,Chungcheongbukdo,Aug 28 2018 12:27AM,2
12,Chungcheongbukdo,2012,10,Bicycle,Chungcheongbukdo,Aug 28 2018 12:27AM,2
12,Chungcheongbukdo,2012,4,Bicycle,Chungcheongbukdo,Aug 28 2018 12:27AM,2
12,Chungcheongbukdo,2012,4,Bicycle,Chungcheongbukdo,Aug 28 2018 12:27AM,2
12,Chungcheongbukdo,2012,6,Bicycle,Chungcheongbukdo,Aug 28 2018 12:27AM,2
12,Chungcheongbukdo,2012,6,Bicycle,Chungcheongbukdo,Aug 28 2018 12:27AM,2
12,Jeollabukdo,2012,4,Bicycle,Jeollabukdo,Aug 28 2018 12:27AM,2
12,Jeollabukdo,2012,5,Bicycle,Jeollabukdo,Aug 28 2018 12:27AM,2
12,Jeollabukdo,2012,5,Bicycle,Jeollabukdo,Aug 28 2018 12:27AM,2
12,Jeollabukdo,2012,5,Bicycle,Jeollabukdo,Aug 28 2018 12:27AM,2
12,Jeollabukdo,2012,4,Bicycle,Jeollabukdo,Aug 28 2018 12:27AM,2
12,Jeollabukdo,2012,4,Bicycle,Jeollabukdo,Aug 28 2018 12:27AM,2
25,Jeju,2012,4,Stepless_crossing,Jeju,Aug 28 2018 12:27AM,2
6,Busan,2012,5,Walking_old_man,Busan,Aug 28 2018 12:27AM,1
6,Busan,2012,8,Walking_old_man,Busan,Aug 28 2018 12:27AM,2
6,Busan,2012,8,Walking_old_man,Busan,Aug 28 2018 12:27AM,2
6,Busan,2012,3,Walking_old_man,Busan,Aug 28 2018 12:27AM,2
17,Gyeonggi,2012,5,Stepless_crossing,Gyeonggi,Aug 28 2018 12:27AM,2
17,Gyeonggi,2012,4,Stepless_crossing,Gyeonggi,Aug 28 2018 12:27AM,2
17,Gyeonggi,2012,4,Stepless_crossing,Gyeonggi,Aug 28 2018 12:27AM,2
17,Gyeonggi,2012,4,Stepless_crossing,Gyeonggi,Aug 28 2018 12:27AM,2
17,Gyeonggi,2012,5,Stepless_crossing,Gyeonggi,Aug 28 2018 12:27AM,2
13,Daejeon,2012,7,Stepless_crossing,Daejeon,Aug 28 2018 12:27AM,2
13,Daejeon,2012,8,Stepless_crossing,Daejeon,Aug 28 2018 12:27AM,2
13,Daejeon,2012,4,Stepless_crossing,Daejeon,Aug 28 2018 12:27AM,2
13,Daejeon,2012,4,Stepless_crossing,Daejeon,Aug 28 2018 12:27AM,2
12,Jeollanamdo,2012,5,Bicycle,Jeollanamdo,Aug 28 2018 12:27AM,2
22,Gyeongsangbukdo,2012,5,Stepless_crossing,Gyeongsangbukdo,Aug 28 2018 12:27AM,1
8,Seoul,2012,4,Bicycle,Seoul,Aug 28 2018 12:27AM,2
8,Seoul,2012,4,Bicycle,Seoul,Aug 28 2018 12:27AM,2
8,Seoul,2012,5,Bicycle,Seoul,Aug 28 2018 12:27AM,2
8,Seoul,2012,5,Bicycle,Seoul,Aug 28 2018 12:27AM,2
8,Seoul,2012,5,Bicycle,Seoul,Aug 28 2018 12:27AM,2
5,Seoul,2012,3,Walking_children,Seoul,Aug 28 2018 12:27AM,2
5,Seoul,2012,3,Walking_children,Seoul,Aug 28 2018 12:27AM,2
5,Seoul,2012,3,Walking_children,Seoul,Aug 28 2018 12:27AM,1
5,Seoul,2012,3,Walking_children,Seoul,Aug 28 2018 12:27AM,1
5,Seoul,2012,4,Walking_children,Seoul,Aug 28 2018 12:27AM,2
5,Seoul,2012,4,Walking_children,Seoul,Aug 28 2018 12:27AM,1
5,Seoul,2012,3,Walking_children,Seoul,Aug 28 2018 12:27AM,2
5,Busan,2012,3,Walking_children,Busan,Aug 28 2018 12:27AM,2
5,Busan,2012,3,Walking_children,Busan,Aug 28 2018 12:27AM,2
5,Busan,2012,3,Walking_children,Busan,Aug 28 2018 12:27AM,2
5,Busan,2012,3,Walking_children,Busan,Aug 28 2018 12:27AM,2
6,Seoul,2012,3,Walking_old_man,Seoul,Aug 28 2018 12:27AM,2
6,Seoul,2012,5,Walking_old_man,Seoul,Aug 28 2018 12:27AM,2
6,Seoul,2012,6,Walking_old_man,Seoul,Aug 28 2018 12:27AM,2
6,Seoul,2012,6,Walking_old_man,Seoul,Aug 28 2018 12:27AM,1
6,Seoul,2012,3,Walking_old_man,Seoul,Aug 28 2018 12:27AM,2
6,Seoul,2012,5,Walking_old_man,Seoul,Aug 28 2018 12:27AM,2
6,Seoul,2012,3,Walking_old_man,Seoul,Aug 28 2018 12:27AM,2
6,Seoul,2012,4,Walking_old_man,Seoul,Aug 28 2018 12:27AM,2
6,Seoul,2012,4,Walking_old_man,Seoul,Aug 28 2018 12:27AM,2
6,Seoul,2012,5,Walking_old_man,Seoul,Aug 28 2018 12:27AM,2
6,Seoul,2012,5,Walking_old_man,Seoul,Aug 28 2018 12:27AM,2
6,Seoul,2012,6,Walking_old_man,Seoul,Aug 28 2018 12:27AM,2
6,Seoul,2012,10,Walking_old_man,Seoul,Aug 28 2018 12:27AM,2
6,Seoul,2012,3,Walking_old_man,Seoul,Aug 28 2018 12:27AM,2
6,Seoul,2012,3,Walking_old_man,Seoul,Aug 28 2018 12:27AM,2
6,Seoul,2012,4,Walking_old_man,Seoul,Aug 28 2018 12:27AM,2
6,Seoul,2012,4,Walking_old_man,Seoul,Aug 28 2018 12:27AM,2
6,Seoul,2012,5,Walking_old_man,Seoul,Aug 28 2018 12:27AM,2
6,Seoul,2012,5,Walking_old_man,Seoul,Aug 28 2018 12:27AM,2
6,Busan,2012,3,Walking_old_man,Busan,Aug 28 2018 12:27AM,2
6,Busan,2012,3,Walking_old_man,Busan,Aug 28 2018 12:27AM,2
6,Busan,2012,3,Walking_old_man,Busan,Aug 28 2018 12:27AM,2
6,Busan,2012,3,Walking_old_man,Busan,Aug 28 2018 12:27AM,2
6,Busan,2012,5,Walking_old_man,Busan,Aug 28 2018 12:27AM,2
6,Busan,2012,5,Walking_old_man,Busan,Aug 28 2018 12:27AM,2
6,Busan,2012,5,Walking_old_man,Busan,Aug 28 2018 12:27AM,2
6,Busan,2012,4,Walking_old_man,Busan,Aug 28 2018 12:27AM,2
6,Busan,2012,4,Walking_old_man,Busan,Aug 28 2018 12:27AM,2
6,Busan,2012,4,Walking_old_man,Busan,Aug 28 2018 12:27AM,2
6,Busan,2012,3,Walking_old_man,Busan,Aug 28 2018 12:27AM,2
6,Busan,2012,3,Walking_old_man,Busan,Aug 28 2018 12:27AM,2
6,Busan,2012,6,Walking_old_man,Busan,Aug 28 2018 12:27AM,2
6,Busan,2012,8,Walking_old_man,Busan,Aug 28 2018 12:27AM,2
6,Busan,2012,3,Walking_old_man,Busan,Aug 28 2018 12:27AM,2
6,Busan,2012,3,Walking_old_man,Busan,Aug 28 2018 12:27AM,2
6,Busan,2012,3,Walking_old_man,Busan,Aug 28 2018 12:27AM,2
6,Busan,2012,3,Walking_old_man,Busan,Aug 28 2018 12:27AM,2
6,Busan,2012,4,Walking_old_man,Busan,Aug 28 2018 12:27AM,2
6,Busan,2012,4,Walking_old_man,Busan,Aug 28 2018 12:27AM,2
6,Busan,2012,4,Walking_old_man,Busan,Aug 28 2018 12:27AM,2
6,Busan,2012,4,Walking_old_man,Busan,Aug 28 2018 12:27AM,2
6,Seoul,2012,3,Walking_old_man,Seoul,Aug 28 2018 12:27AM,2
6,Seoul,2012,4,Walking_old_man,Seoul,Aug 28 2018 12:27AM,2
6,Seoul,2012,4,Walking_old_man,Seoul,Aug 28 2018 12:27AM,2
6,Seoul,2012,5,Walking_old_man,Seoul,Aug 28 2018 12:27AM,2
6,Seoul,2012,6,Walking_old_man,Seoul,Aug 28 2018 12:27AM,2
6,Seoul,2012,3,Walking_old_man,Seoul,Aug 28 2018 12:27AM,2
6,Seoul,2012,3,Walking_old_man,Seoul,Aug 28 2018 12:27AM,2
6,Seoul,2012,4,Walking_old_man,Seoul,Aug 28 2018 12:27AM,2
6,Seoul,2012,4,Walking_old_man,Seoul,Aug 28 2018 12:27AM,2
6,Seoul,2012,4,Walking_old_man,Seoul,Aug 28 2018 12:27AM,2
6,Seoul,2012,7,Walking_old_man,Seoul,Aug 28 2018 12:27AM,2
6,Seoul,2012,3,Walking_old_man,Seoul,Aug 28 2018 12:27AM,2
6,Seoul,2012,3,Walking_old_man,Seoul,Aug 28 2018 12:27AM,2
6,Seoul,2012,3,Walking_old_man,Seoul,Aug 28 2018 12:27AM,2
6,Seoul,2012,4,Walking_old_man,Seoul,Aug 28 2018 12:27AM,2
6,Seoul,2012,7,Walking_old_man,Seoul,Aug 28 2018 12:27AM,2
6,Seoul,2012,3,Walking_old_man,Seoul,Aug 28 2018 12:27AM,2
6,Seoul,2012,3,Walking_old_man,Seoul,Aug 28 2018 12:27AM,2
6,Seoul,2012,3,Walking_old_man,Seoul,Aug 28 2018 12:27AM,2
6,Seoul,2012,3,Walking_old_man,Seoul,Aug 28 2018 12:27AM,2
6,Seoul,2012,3,Walking_old_man,Seoul,Aug 28 2018 12:27AM,2
6,Seoul,2012,3,Walking_old_man,Seoul,Aug 28 2018 12:27AM,2
6,Seoul,2012,3,Walking_old_man,Seoul,Aug 28 2018 12:27AM,2
6,Seoul,2012,3,Walking_old_man,Seoul,Aug 28 2018 12:27AM,2
6,Seoul,2012,4,Walking_old_man,Seoul,Aug 28 2018 12:27AM,2
6,Seoul,2012,5,Walking_old_man,Seoul,Aug 28 2018 12:27AM,2
6,Seoul,2012,3,Walking_old_man,Seoul,Aug 28 2018 12:27AM,2
6,Seoul,2012,4,Walking_old_man,Seoul,Aug 28 2018 12:27AM,2
6,Seoul,2012,5,Walking_old_man,Seoul,Aug 28 2018 12:27AM,2
6,Seoul,2012,5,Walking_old_man,Seoul,Aug 28 2018 12:27AM,2
6,Seoul,2012,6,Walking_old_man,Seoul,Aug 28 2018 12:27AM,2
6,Seoul,2012,3,Walking_old_man,Seoul,Aug 28 2018 12:27AM,2
6,Seoul,2012,3,Walking_old_man,Seoul,Aug 28 2018 12:27AM,2
6,Seoul,2012,3,Walking_old_man,Seoul,Aug 28 2018 12:27AM,2
6,Seoul,2012,3,Walking_old_man,Seoul,Aug 28 2018 12:27AM,2
6,Seoul,2012,4,Walking_old_man,Seoul,Aug 28 2018 12:27AM,2
6,Seoul,2012,4,Walking_old_man,Seoul,Aug 28 2018 12:27AM,2
6,Seoul,2012,5,Walking_old_man,Seoul,Aug 28 2018 12:27AM,2
6,Seoul,2012,5,Walking_old_man,Seoul,Aug 28 2018 12:27AM,2
6,Seoul,2012,5,Walking_old_man,Seoul,Aug 28 2018 12:27AM,2
6,Seoul,2012,4,Walking_old_man,Seoul,Aug 28 2018 12:27AM,2
6,Seoul,2012,5,Walking_old_man,Seoul,Aug 28 2018 12:27AM,2
6,Seoul,2012,3,Walking_old_man,Seoul,Aug 28 2018 12:27AM,2
21,Jeollabukdo,2012,4,Stepless_crossing,Jeollabukdo,Aug 28 2018 12:27AM,2
21,Jeollabukdo,2012,4,Stepless_crossing,Jeollabukdo,Aug 28 2018 12:27AM,2
21,Jeollabukdo,2012,9,Stepless_crossing,Jeollabukdo,Aug 28 2018 12:27AM,2
21,Jeollabukdo,2012,4,Stepless_crossing,Jeollabukdo,Aug 28 2018 12:27AM,2
21,Jeollabukdo,2012,4,Stepless_crossing,Jeollabukdo,Aug 28 2018 12:27AM,2
6,Jeju,2012,6,Walking_children,Jeju,Aug 28 2018 12:27AM,2
6,Jeju,2012,6,Walking_children,Jeju,Aug 28 2018 12:27AM,2
6,Jeju,2012,6,Walking_children,Jeju,Aug 28 2018 12:27AM,2
6,Jeju,2012,6,Walking_children,Jeju,Aug 28 2018 12:27AM,2
6,Jeju,2012,4,Walking_children,Jeju,Aug 28 2018 12:27AM,2
17,Gyeonggi,2012,4,Stepless_crossing,Gyeonggi,Aug 28 2018 12:27AM,2
17,Gyeonggi,2012,4,Stepless_crossing,Gyeonggi,Aug 28 2018 12:27AM,2
17,Gyeonggi,2012,4,Stepless_crossing,Gyeonggi,Aug 28 2018 12:27AM,2
17,Gyeonggi,2012,5,Stepless_crossing,Gyeonggi,Aug 28 2018 12:27AM,2
6,Seoul,2012,3,Walking_old_man,Seoul,Aug 28 2018 12:27AM,2
6,Seoul,2012,4,Walking_old_man,Seoul,Aug 28 2018 12:27AM,2
6,Seoul,2012,3,Walking_old_man,Seoul,Aug 28 2018 12:27AM,2
6,Seoul,2012,3,Walking_old_man,Seoul,Aug 28 2018 12:27AM,2
6,Seoul,2012,3,Walking_old_man,Seoul,Aug 28 2018 12:27AM,2
6,Chungcheongnamdo,2012,3,Walking_children,Chungcheongnamdo,Aug 28 2018 12:27AM,2
6,Chungcheongnamdo,2012,4,Walking_children,Chungcheongnamdo,Aug 28 2018 12:27AM,2
6,Jeollabukdo,2012,3,Walking_children,Jeollabukdo,Aug 28 2018 12:27AM,2
6,Jeollabukdo,2012,4,Walking_children,Jeollabukdo,Aug 28 2018 12:27AM,2
6,Jeollabukdo,2012,5,Walking_children,Jeollabukdo,Aug 28 2018 12:27AM,2
6,Jeollabukdo,2012,4,Walking_children,Jeollabukdo,Aug 28 2018 12:27AM,2
6,Jeollabukdo,2012,4,Walking_children,Jeollabukdo,Aug 28 2018 12:27AM,2
6,Jeollabukdo,2012,5,Walking_children,Jeollabukdo,Aug 28 2018 12:27AM,2
6,Jeollabukdo,2012,5,Walking_children,Jeollabukdo,Aug 28 2018 12:27AM,2
6,Jeollabukdo,2012,3,Walking_children,Jeollabukdo,Aug 28 2018 12:27AM,2
6,Jeollabukdo,2012,3,Walking_children,Jeollabukdo,Aug 28 2018 12:27AM,2
6,Jeollabukdo,2012,3,Walking_children,Jeollabukdo,Aug 28 2018 12:27AM,2
6,Jeollanamdo,2012,3,Walking_children,Jeollanamdo,Aug 28 2018 12:27AM,2
6,Jeollanamdo,2012,3,Walking_children,Jeollanamdo,Aug 28 2018 12:27AM,2
6,Jeollanamdo,2012,4,Walking_children,Jeollanamdo,Aug 28 2018 12:27AM,2
6,Jeollanamdo,2012,3,Walking_children,Jeollanamdo,Aug 28 2018 12:27AM,2
6,Jeollanamdo,2012,3,Walking_children,Jeollanamdo,Aug 28 2018 12:27AM,2
6,Jeollanamdo,2012,3,Walking_children,Jeollanamdo,Aug 28 2018 12:27AM,2
6,Jeollanamdo,2012,4,Walking_children,Jeollanamdo,Aug 28 2018 12:27AM,2
6,Jeollanamdo,2012,3,Walking_children,Jeollanamdo,Aug 28 2018 12:27AM,2
6,Jeollanamdo,2012,3,Walking_children,Jeollanamdo,Aug 28 2018 12:27AM,2
6,Jeollanamdo,2012,5,Walking_children,Jeollanamdo,Aug 28 2018 12:27AM,2
6,Jeollanamdo,2012,4,Walking_children,Jeollanamdo,Aug 28 2018 12:27AM,2
6,Jeollanamdo,2012,3,Walking_children,Jeollanamdo,Aug 28 2018 12:27AM,2
6,Jeollanamdo,2012,3,Walking_children,Jeollanamdo,Aug 28 2018 12:27AM,2
6,Jeollanamdo,2012,3,Walking_children,Jeollanamdo,Aug 28 2018 12:27AM,2
6,Jeollanamdo,2012,3,Walking_children,Jeollanamdo,Aug 28 2018 12:27AM,2
6,Gyeongsangbukdo,2012,3,Walking_children,Gyeongsangbukdo,Aug 28 2018 12:27AM,2
6,Gyeongsangbukdo,2012,3,Walking_children,Gyeongsangbukdo,Aug 28 2018 12:27AM,2
6,Gyeongsangbukdo,2012,3,Walking_children,Gyeongsangbukdo,Aug 28 2018 12:27AM,2
6,Gyeongsangbukdo,2012,3,Walking_children,Gyeongsangbukdo,Aug 28 2018 12:27AM,2
6,Gyeongsangbukdo,2012,3,Walking_children,Gyeongsangbukdo,Aug 28 2018 12:27AM,2
6,Gyeongsangbukdo,2012,4,Walking_children,Gyeongsangbukdo,Aug 28 2018 12:27AM,2
6,Gyeongsangbukdo,2012,4,Walking_children,Gyeongsangbukdo,Aug 28 2018 12:27AM,2
6,Gyeongsangbukdo,2012,4,Walking_children,Gyeongsangbukdo,Aug 28 2018 12:27AM,2
6,Gyeongsangbukdo,2012,3,Walking_children,Gyeongsangbukdo,Aug 28 2018 12:27AM,2
6,Gyeongsangnamdo,2012,3,Walking_children,Gyeongsangnamdo,Aug 28 2018 12:27AM,2
6,Gyeongsangnamdo,2012,3,Walking_children,Gyeongsangnamdo,Aug 28 2018 12:27AM,2
6,Gyeongsangnamdo,2012,5,Walking_children,Gyeongsangnamdo,Aug 28 2018 12:27AM,2
6,Gyeongsangnamdo,2012,3,Walking_children,Gyeongsangnamdo,Aug 28 2018 12:27AM,2
6,Gyeongsangnamdo,2012,3,Walking_children,Gyeongsangnamdo,Aug 28 2018 12:27AM,2
6,Gyeongsangnamdo,2012,3,Walking_children,Gyeongsangnamdo,Aug 28 2018 12:27AM,2
6,Gyeongsangnamdo,2012,4,Walking_children,Gyeongsangnamdo,Aug 28 2018 12:27AM,2
6,Gyeongsangnamdo,2012,6,Walking_children,Gyeongsangnamdo,Aug 28 2018 12:27AM,2
6,Gyeongsangnamdo,2012,3,Walking_children,Gyeongsangnamdo,Aug 28 2018 12:27AM,2
6,Gyeongsangnamdo,2012,4,Walking_children,Gyeongsangnamdo,Aug 28 2018 12:27AM,2
6,Gyeongsangnamdo,2012,5,Walking_children,Gyeongsangnamdo,Aug 28 2018 12:27AM,2
6,Gyeongsangnamdo,2012,5,Walking_children,Gyeongsangnamdo,Aug 28 2018 12:27AM,2
6,Gyeongsangnamdo,2012,3,Walking_children,Gyeongsangnamdo,Aug 28 2018 12:27AM,2
6,Gyeongsangnamdo,2012,3,Walking_children,Gyeongsangnamdo,Aug 28 2018 12:27AM,2
6,Jeju,2012,3,Walking_children,Jeju,Aug 28 2018 12:27AM,2
6,Jeju,2012,3,Walking_children,Jeju,Aug 28 2018 12:27AM,2
6,Jeju,2012,4,Walking_children,Jeju,Aug 28 2018 12:27AM,2
6,Seoul,2012,3,Walking_old_man,Seoul,Aug 28 2018 12:27AM,2
6,Seoul,2012,4,Walking_old_man,Seoul,Aug 28 2018 12:27AM,2
6,Seoul,2012,4,Walking_old_man,Seoul,Aug 28 2018 12:27AM,2
6,Seoul,2012,5,Walking_old_man,Seoul,Aug 28 2018 12:27AM,2
6,Seoul,2012,5,Walking_old_man,Seoul,Sep 26 2018  7:24AM,2
6,Seoul,2012,6,Walking_old_man,Seoul,Sep 26 2018  7:24AM,2
6,Seoul,2012,3,Walking_old_man,Seoul,Sep 26 2018  7:24AM,2
6,Seoul,2012,3,Walking_old_man,Seoul,Sep 26 2018  7:24AM,2
6,Seoul,2012,3,Walking_old_man,Seoul,Sep 26 2018  7:24AM,2
6,Seoul,2012,3,Walking_old_man,Seoul,Sep 26 2018  7:24AM,2
6,Seoul,2012,4,Walking_old_man,Seoul,Sep 26 2018  7:24AM,2
6,Seoul,2012,4,Walking_old_man,Seoul,Sep 26 2018  7:24AM,2
6,Seoul,2012,7,Walking_old_man,Seoul,Sep 26 2018  7:24AM,2
6,Seoul,2012,7,Walking_old_man,Seoul,Sep 26 2018  7:24AM,2
6,Seoul,2012,3,Walking_old_man,Seoul,Sep 26 2018  7:24AM,2
6,Seoul,2012,4,Walking_old_man,Seoul,Sep 26 2018  7:24AM,2
6,Seoul,2012,7,Walking_old_man,Seoul,Sep 26 2018  7:24AM,2
6,Seoul,2012,3,Walking_old_man,Seoul,Sep 26 2018  7:24AM,2
6,Seoul,2012,3,Walking_old_man,Seoul,Sep 26 2018  7:24AM,2
6,Seoul,2012,3,Walking_old_man,Seoul,Sep 26 2018  7:24AM,2
6,Seoul,2012,3,Walking_old_man,Seoul,Sep 26 2018  7:24AM,2
6,Seoul,2012,3,Walking_old_man,Seoul,Sep 26 2018  7:24AM,2
6,Seoul,2012,4,Walking_old_man,Seoul,Sep 26 2018  7:24AM,2
6,Seoul,2012,6,Walking_old_man,Seoul,Sep 26 2018  7:24AM,2
6,Seoul,2012,3,Walking_old_man,Seoul,Sep 26 2018  7:24AM,2
6,Seoul,2012,3,Walking_old_man,Seoul,Sep 26 2018  7:24AM,2
6,Seoul,2012,3,Walking_old_man,Seoul,Sep 26 2018  7:24AM,2
6,Seoul,2012,4,Walking_old_man,Seoul,Sep 26 2018  7:24AM,2
6,Seoul,2012,4,Walking_old_man,Seoul,Sep 26 2018  7:24AM,2
6,Seoul,2012,4,Walking_old_man,Seoul,Sep 26 2018  7:24AM,2
6,Seoul,2012,2,Walking_old_man,Seoul,Sep 26 2018  7:24AM,2
6,Seoul,2012,3,Walking_old_man,Seoul,Sep 26 2018  7:24AM,2
6,Seoul,2012,3,Walking_old_man,Seoul,Sep 26 2018  7:24AM,2
6,Seoul,2012,3,Walking_old_man,Seoul,Sep 26 2018  7:24AM,2
6,Seoul,2012,4,Walking_old_man,Seoul,Sep 26 2018  7:24AM,2
6,Seoul,2012,4,Walking_old_man,Seoul,Sep 26 2018  7:24AM,2
6,Seoul,2012,4,Walking_old_man,Seoul,Sep 26 2018  7:24AM,2
6,Seoul,2012,4,Walking_old_man,Seoul,Sep 26 2018  7:24AM,2
6,Seoul,2012,4,Walking_old_man,Seoul,Sep 26 2018  7:24AM,2
6,Seoul,2012,5,Walking_old_man,Seoul,Sep 26 2018  7:24AM,2
6,Seoul,2012,5,Walking_old_man,Seoul,Sep 26 2018  7:24AM,2
6,Seoul,2012,7,Walking_old_man,Seoul,Sep 26 2018  7:24AM,2
6,Seoul,2012,3,Walking_old_man,Seoul,Sep 26 2018  7:24AM,2
6,Seoul,2012,3,Walking_old_man,Seoul,Sep 26 2018  7:24AM,2
6,Seoul,2012,5,Walking_old_man,Seoul,Sep 26 2018  7:24AM,2
6,Seoul,2012,5,Walking_old_man,Seoul,Sep 26 2018  7:24AM,2
12,Jeollanamdo,2012,5,Bicycle,Jeollanamdo,Sep 26 2018  7:24AM,2
12,Jeollanamdo,2012,5,Bicycle,Jeollanamdo,Sep 26 2018  7:24AM,2
12,Jeollanamdo,2012,5,Bicycle,Jeollanamdo,Sep 26 2018  7:24AM,2
6,Chungcheongbukdo,2012,4,Walking_children,Chungcheongbukdo,Sep 26 2018  7:24AM,2
6,Chungcheongnamdo,2012,3,Walking_children,Chungcheongnamdo,Sep 26 2018  7:24AM,2
6,Chungcheongnamdo,2012,3,Walking_children,Chungcheongnamdo,Sep 26 2018  7:24AM,2
12,Chungcheongbukdo,2012,4,Bicycle,Chungcheongbukdo,Sep 26 2018  7:24AM,1
12,Chungcheongbukdo,2012,4,Bicycle,Chungcheongbukdo,Sep 26 2018  7:24AM,1
5,Busan,2012,3,Walking_children,Busan,Sep 26 2018  7:24AM,2
5,Busan,2012,4,Walking_children,Busan,Sep 26 2018  7:24AM,2
5,Busan,2012,4,Walking_children,Busan,Sep 26 2018  7:24AM,2
12,Chungcheongbukdo,2012,4,Bicycle,Chungcheongbukdo,Sep 26 2018  7:24AM,2
12,Gangwon,2012,5,Bicycle,Gangwon,Sep 26 2018  7:24AM,2
12,Gangwon,2012,4,Bicycle,Gangwon,Sep 26 2018  7:24AM,2
12,Gangwon,2012,4,Bicycle,Gangwon,Sep 26 2018  7:24AM,2
12,Gangwon,2012,4,Bicycle,Gangwon,Sep 26 2018  7:24AM,2
12,Gangwon,2012,4,Bicycle,Gangwon,Sep 26 2018  7:24AM,2
13,Gwangju,2012,6,Stepless_crossing,Gwangju,Sep 26 2018  7:24AM,2
12,Chungcheongbukdo,2012,4,Bicycle,Chungcheongbukdo,Sep 26 2018  7:24AM,2
12,Chungcheongbukdo,2012,4,Bicycle,Chungcheongbukdo,Sep 26 2018  7:24AM,2
12,Chungcheongbukdo,2012,5,Bicycle,Chungcheongbukdo,Sep 26 2018  7:24AM,2
6,Seoul,2012,3,Walking_old_man,Seoul,Sep 26 2018  7:24AM,1
6,Seoul,2012,4,Walking_old_man,Seoul,Sep 26 2018  7:24AM,1
6,Seoul,2012,4,Walking_old_man,Seoul,Sep 26 2018  7:24AM,1
6,Seoul,2012,5,Walking_old_man,Seoul,Sep 26 2018  7:24AM,1
6,Seoul,2012,4,Walking_old_man,Seoul,Sep 26 2018  7:24AM,1
6,Seoul,2012,4,Walking_old_man,Seoul,Sep 26 2018  7:24AM,1
6,Seoul,2012,4,Walking_old_man,Seoul,Sep 26 2018  7:24AM,1
6,Seoul,2012,4,Walking_old_man,Seoul,Sep 26 2018  7:24AM,1
6,Seoul,2012,4,Walking_old_man,Seoul,Sep 26 2018  7:24AM,1
6,Seoul,2012,4,Walking_old_man,Seoul,Sep 26 2018  7:24AM,1
6,Seoul,2012,6,Walking_old_man,Seoul,Sep 26 2018  7:24AM,2
6,Seoul,2012,16,Walking_old_man,Seoul,Sep 26 2018  7:24AM,2
6,Seoul,2012,3,Walking_old_man,Seoul,Sep 26 2018  7:24AM,2
1,Seoul,2012,2,School_zone_children,Seoul,Sep 26 2018  7:24AM,1
1,Seoul,2012,2,School_zone_children,Seoul,Sep 26 2018  7:24AM,1
1,Seoul,2012,2,School_zone_children,Seoul,Sep 26 2018  7:24AM,1
9,Daegu,2012,7,Bicycle,Daegu,Sep 26 2018  7:24AM,2
9,Daegu,2012,7,Bicycle,Daegu,Sep 26 2018  7:24AM,2
9,Daegu,2012,4,Bicycle,Daegu,Sep 26 2018  7:24AM,2
9,Daegu,2012,4,Bicycle,Daegu,Sep 26 2018  7:24AM,2
12,Jeollabukdo,2012,6,Bicycle,Jeollabukdo,Sep 26 2018  7:24AM,2
12,Jeollabukdo,2012,6,Bicycle,Jeollabukdo,Sep 26 2018  7:24AM,2
12,Jeollabukdo,2012,4,Bicycle,Jeollabukdo,Sep 26 2018  7:24AM,2
12,Jeollabukdo,2012,5,Bicycle,Jeollabukdo,Sep 26 2018  7:24AM,2
12,Jeollabukdo,2012,4,Bicycle,Jeollabukdo,Sep 26 2018  7:24AM,2
12,Jeollabukdo,2012,5,Bicycle,Jeollabukdo,Sep 26 2018  7:24AM,2
12,Jeollabukdo,2012,4,Bicycle,Jeollabukdo,Sep 26 2018  7:24AM,2
12,Jeollabukdo,2012,5,Bicycle,Jeollabukdo,Sep 26 2018  7:24AM,2
12,Gangwon,2012,5,Bicycle,Gangwon,Sep 26 2018  7:24AM,2
12,Gangwon,2012,4,Bicycle,Gangwon,Sep 26 2018  7:24AM,2
12,Gangwon,2012,4,Bicycle,Gangwon,Sep 26 2018  7:24AM,2
15,Gyeonggi,2012,6,Stepless_crossing,Gyeonggi,Sep 26 2018  7:24AM,1
15,Gyeonggi,2012,8,Stepless_crossing,Gyeonggi,Sep 26 2018  7:24AM,1
13,Daejeon,2012,4,Stepless_crossing,Daejeon,Sep 26 2018  7:24AM,2
13,Daejeon,2012,4,Stepless_crossing,Daejeon,Sep 26 2018  7:24AM,2
13,Daejeon,2012,4,Stepless_crossing,Daejeon,Sep 26 2018  7:24AM,2
13,Daejeon,2012,5,Stepless_crossing,Daejeon,Sep 26 2018  7:24AM,2
13,Daejeon,2012,6,Stepless_crossing,Daejeon,Sep 26 2018  7:24AM,2
12,Gangwon,2012,4,Bicycle,Gangwon,Sep 26 2018  7:24AM,1
8,Seoul,2012,4,Bicycle,Seoul,Sep 26 2018  7:24AM,2
8,Seoul,2012,5,Bicycle,Seoul,Sep 26 2018  7:24AM,2
8,Seoul,2012,5,Bicycle,Seoul,Sep 26 2018  7:24AM,2
8,Seoul,2012,4,Bicycle,Seoul,Sep 26 2018  7:24AM,2
8,Seoul,2012,4,Bicycle,Seoul,Sep 26 2018  7:24AM,2
18,Gyeonggi,2012,5,Stepless_crossing,Gyeonggi,Sep 26 2018  7:24AM,2
18,Gyeonggi,2012,5,Stepless_crossing,Gyeonggi,Sep 26 2018  7:24AM,2
18,Gyeonggi,2012,4,Stepless_crossing,Gyeonggi,Sep 26 2018  7:24AM,2
18,Gyeonggi,2012,5,Stepless_crossing,Gyeonggi,Sep 26 2018  7:24AM,2
18,Gyeonggi,2012,7,Stepless_crossing,Gyeonggi,Sep 26 2018  7:24AM,2
12,Gyeonggi,2012,4,Bicycle,Gyeonggi,Sep 26 2018  7:24AM,2
12,Gyeonggi,2012,4,Bicycle,Gyeonggi,Sep 26 2018  7:24AM,2
12,Gyeonggi,2012,7,Bicycle,Gyeonggi,Sep 26 2018  7:24AM,2
12,Gyeonggi,2012,4,Bicycle,Gyeonggi,Sep 26 2018  7:24AM,2
12,Gangwon,2012,4,Bicycle,Gangwon,Sep 26 2018  7:24AM,2
18,Gyeonggi,2012,8,Stepless_crossing,Gyeonggi,Sep 26 2018  7:24AM,1
18,Gyeonggi,2012,4,Stepless_crossing,Gyeonggi,Sep 26 2018  7:24AM,1
8,Seoul,2012,8,Bicycle,Seoul,Sep 26 2018  7:24AM,2
8,Seoul,2012,6,Bicycle,Seoul,Sep 26 2018  7:24AM,2
8,Seoul,2012,6,Bicycle,Seoul,Sep 26 2018  7:24AM,2
8,Seoul,2012,4,Bicycle,Seoul,Sep 26 2018  7:24AM,2
8,Seoul,2012,4,Bicycle,Seoul,Sep 26 2018  7:24AM,2
17,Gyeonggi,2012,9,Stepless_crossing,Gyeonggi,Sep 26 2018  7:24AM,1
12,Jeollabukdo,2012,5,Bicycle,Jeollabukdo,Sep 26 2018  7:24AM,1
6,Seoul,2012,3,Walking_old_man,Seoul,Sep 26 2018  7:24AM,2
6,Seoul,2012,3,Walking_old_man,Seoul,Sep 26 2018  7:24AM,2
6,Seoul,2012,4,Walking_old_man,Seoul,Sep 26 2018  7:24AM,2
6,Seoul,2012,8,Walking_old_man,Seoul,Sep 26 2018  7:24AM,2
6,Seoul,2012,3,Walking_old_man,Seoul,Sep 26 2018  7:24AM,2
6,Seoul,2012,3,Walking_old_man,Seoul,Sep 26 2018  7:24AM,2
1,Seoul,2012,2,School_zone_children,Seoul,Sep 26 2018  7:24AM,1
6,Chungcheongbukdo,2012,3,Walking_children,Chungcheongbukdo,Sep 26 2018  7:24AM,2
12,Jeollabukdo,2012,6,Bicycle,Jeollabukdo,Sep 26 2018  7:24AM,2
12,Jeollabukdo,2012,4,Bicycle,Jeollabukdo,Sep 26 2018  7:24AM,2
12,Jeollabukdo,2012,4,Bicycle,Jeollabukdo,Sep 26 2018  7:24AM,2
12,Jeollabukdo,2012,4,Bicycle,Jeollabukdo,Sep 26 2018  7:24AM,2
12,Jeollabukdo,2012,5,Bicycle,Jeollabukdo,Sep 26 2018  7:24AM,2
12,Gyeonggi,2012,4,Bicycle,Gyeonggi,Sep 26 2018  7:24AM,2
12,Gyeonggi,2012,5,Bicycle,Gyeonggi,Sep 26 2018  7:24AM,2
12,Gyeonggi,2012,4,Bicycle,Gyeonggi,Sep 26 2018  7:24AM,2
12,Gyeonggi,2012,6,Bicycle,Gyeonggi,Sep 26 2018  7:24AM,2
12,Gyeonggi,2012,6,Bicycle,Gyeonggi,Sep 26 2018  7:24AM,2
6,Gyeonggi,2012,5,Walking_children,Gyeonggi,Sep 26 2018  7:24AM,2
6,Gyeonggi,2012,3,Walking_children,Gyeonggi,Sep 26 2018  7:24AM,2
6,Gyeonggi,2012,3,Walking_children,Gyeonggi,Sep 26 2018  7:24AM,2
6,Gyeonggi,2012,4,Walking_children,Gyeonggi,Sep 26 2018  7:24AM,2
6,Gyeonggi,2012,4,Walking_children,Gyeonggi,Sep 26 2018  7:24AM,2
6,Gyeonggi,2012,5,Walking_children,Gyeonggi,Sep 26 2018  7:24AM,2
6,Gyeonggi,2012,3,Walking_children,Gyeonggi,Sep 26 2018  7:24AM,2
6,Gyeonggi,2012,5,Walking_children,Gyeonggi,Sep 26 2018  7:24AM,2
6,Gyeonggi,2012,3,Walking_children,Gyeonggi,Sep 26 2018  7:24AM,2
6,Gyeonggi,2012,3,Walking_children,Gyeonggi,Sep 26 2018  7:24AM,2
6,Gyeonggi,2012,3,Walking_children,Gyeonggi,Sep 26 2018  7:24AM,2
6,Gyeonggi,2012,4,Walking_children,Gyeonggi,Sep 26 2018  7:24AM,2
6,Gyeonggi,2012,3,Walking_children,Gyeonggi,Sep 26 2018  7:24AM,2
6,Gangwon,2012,3,Walking_children,Gangwon,Sep 26 2018  7:24AM,2
6,Gangwon,2012,3,Walking_children,Gangwon,Sep 26 2018  7:24AM,2
6,Gangwon,2012,3,Walking_children,Gangwon,Sep 26 2018  7:24AM,2
6,Gangwon,2012,4,Walking_children,Gangwon,Sep 26 2018  7:24AM,2
6,Gangwon,2012,3,Walking_children,Gangwon,Sep 26 2018  7:24AM,2
6,Chungcheongbukdo,2012,3,Walking_children,Chungcheongbukdo,Sep 26 2018  7:24AM,2
6,Chungcheongbukdo,2012,4,Walking_children,Chungcheongbukdo,Sep 26 2018  7:24AM,2
6,Chungcheongbukdo,2012,4,Walking_children,Chungcheongbukdo,Sep 26 2018  7:24AM,2
6,Chungcheongbukdo,2012,4,Walking_children,Chungcheongbukdo,Sep 26 2018  7:24AM,2
6,Chungcheongbukdo,2012,4,Walking_children,Chungcheongbukdo,Sep 26 2018  7:24AM,2
6,Chungcheongbukdo,2012,3,Walking_children,Chungcheongbukdo,Sep 26 2018  7:24AM,2
6,Chungcheongbukdo,2012,4,Walking_children,Chungcheongbukdo,Sep 26 2018  7:24AM,2
12,Gyeonggi,2012,5,Bicycle,Gyeonggi,Sep 26 2018  7:24AM,2
12,Gyeonggi,2012,5,Bicycle,Gyeonggi,Sep 26 2018  7:24AM,2
6,Gyeonggi,2012,6,Walking_children,Gyeonggi,Sep 26 2018  7:24AM,2
6,Gyeonggi,2012,3,Walking_children,Gyeonggi,Sep 26 2018  7:24AM,2
6,Gyeonggi,2012,3,Walking_children,Gyeonggi,Sep 26 2018  7:24AM,2
6,Gyeonggi,2012,3,Walking_children,Gyeonggi,Sep 26 2018  7:24AM,2
6,Gyeonggi,2012,4,Walking_children,Gyeonggi,Sep 26 2018  7:24AM,2
6,Gyeonggi,2012,4,Walking_children,Gyeonggi,Sep 26 2018  7:24AM,1
25,Gyeongsangnamdo,2012,5,Stepless_crossing,Gyeongsangnamdo,Sep 26 2018  7:24AM,2
25,Gyeongsangnamdo,2012,7,Stepless_crossing,Gyeongsangnamdo,Sep 26 2018  7:24AM,2
25,Gyeongsangnamdo,2012,12,Stepless_crossing,Gyeongsangnamdo,Sep 26 2018  7:24AM,2
25,Gyeongsangnamdo,2012,4,Stepless_crossing,Gyeongsangnamdo,Sep 26 2018  7:24AM,2
25,Gyeongsangnamdo,2012,4,Stepless_crossing,Gyeongsangnamdo,Sep 26 2018  7:24AM,2
19,Gyeonggi,2012,6,Stepless_crossing,Gyeonggi,Sep 26 2018  7:24AM,1
5,Seoul,2012,3,Walking_children,Seoul,Sep 26 2018  7:24AM,1
8,Seoul,2012,4,Bicycle,Seoul,Oct 23 2018 10:24PM,2
8,Seoul,2012,5,Bicycle,Seoul,Oct 23 2018 10:24PM,2
8,Seoul,2012,7,Bicycle,Seoul,Oct 23 2018 10:24PM,2
8,Seoul,2012,5,Bicycle,Seoul,Oct 23 2018 10:24PM,1
22,Gyeongsangbukdo,2012,4,Stepless_crossing,Gyeongsangbukdo,Oct 23 2018 10:24PM,2
22,Gyeongsangbukdo,2012,5,Stepless_crossing,Gyeongsangbukdo,Oct 23 2018 10:24PM,2
22,Gyeongsangbukdo,2012,5,Stepless_crossing,Gyeongsangbukdo,Oct 23 2018 10:24PM,2
22,Gyeongsangbukdo,2012,4,Stepless_crossing,Gyeongsangbukdo,Oct 23 2018 10:24PM,2
22,Gyeongsangbukdo,2012,4,Stepless_crossing,Gyeongsangbukdo,Oct 23 2018 10:24PM,2
22,Gyeongsangbukdo,2012,4,Stepless_crossing,Gyeongsangbukdo,Oct 23 2018 10:24PM,2
22,Gyeongsangbukdo,2012,6,Stepless_crossing,Gyeongsangbukdo,Oct 23 2018 10:24PM,2
22,Gyeongsangbukdo,2012,7,Stepless_crossing,Gyeongsangbukdo,Oct 23 2018 10:24PM,2
22,Gyeongsangbukdo,2012,4,Stepless_crossing,Gyeongsangbukdo,Oct 23 2018 10:24PM,2
9,Daegu,2012,6,Bicycle,Daegu,Oct 23 2018 10:24PM,2
8,Seoul,2012,4,Bicycle,Seoul,Oct 23 2018 10:24PM,2
8,Seoul,2012,4,Bicycle,Seoul,Oct 23 2018 10:24PM,2
8,Seoul,2012,4,Bicycle,Seoul,Oct 23 2018 10:24PM,2
20,Jeollabukdo,2012,5,Stepless_crossing,Jeollabukdo,Oct 23 2018 10:24PM,1
13,Daejeon,2012,7,Stepless_crossing,Daejeon,Oct 23 2018 10:24PM,1
22,Gyeongsangnamdo,2012,7,Stepless_crossing,Gyeongsangnamdo,Oct 23 2018 10:24PM,1
5,Gyeonggi,2012,3,Walking_children,Gyeonggi,Oct 23 2018 10:24PM,1
5,Daegu,2012,4,Walking_children,Daegu,Oct 23 2018 10:24PM,1
6,Gyeonggi,2012,8,Walking_old_man,Gyeonggi,Oct 23 2018 10:24PM,1
12,Gyeongsangbukdo,2012,5,Bicycle,Gyeongsangbukdo,Oct 23 2018 10:24PM,1
12,Gyeongsangbukdo,2012,8,Bicycle,Gyeongsangbukdo,Oct 23 2018 10:24PM,1
12,Gyeongsangbukdo,2012,5,Bicycle,Gyeongsangbukdo,Oct 23 2018 10:24PM,1
22,Gyeongsangnamdo,2012,6,Stepless_crossing,Gyeongsangnamdo,Oct 23 2018 10:24PM,1
13,Daejeon,2012,7,Stepless_crossing,Daejeon,Oct 23 2018 10:24PM,1
13,Daejeon,2012,6,Stepless_crossing,Daejeon,Oct 23 2018 10:24PM,1
12,Gyeongsangbukdo,2012,5,Bicycle,Gyeongsangbukdo,Oct 23 2018 10:24PM,1
12,Gyeongsangbukdo,2012,4,Bicycle,Gyeongsangbukdo,Oct 23 2018 10:24PM,1
12,Gyeongsangbukdo,2012,4,Bicycle,Gyeongsangbukdo,Oct 23 2018 10:24PM,1
12,Gyeongsangbukdo,2012,4,Bicycle,Gyeongsangbukdo,Oct 23 2018 10:24PM,1
17,Gyeonggi,2012,5,Stepless_crossing,Gyeonggi,Oct 23 2018 10:24PM,1
6,Gyeonggi,2012,3,Walking_old_man,Gyeonggi,Oct 23 2018 10:24PM,1
5,Daegu,2012,3,Walking_children,Daegu,Oct 23 2018 10:24PM,1
5,Daegu,2012,3,Walking_children,Daegu,Oct 23 2018 10:24PM,1
5,Daegu,2012,3,Walking_children,Daegu,Oct 23 2018 10:24PM,1
15,Gyeonggi,2012,4,Stepless_crossing,Gyeonggi,Oct 23 2018 10:24PM,1
6,Gyeonggi,2012,6,Walking_old_man,Gyeonggi,Oct 23 2018 10:24PM,1
8,Daegu,2012,4,Bicycle,Daegu,Oct 23 2018 10:24PM,1
6,Gyeonggi,2012,3,Walking_old_man,Gyeonggi,Oct 23 2018 10:24PM,1
13,Daejeon,2012,5,Stepless_crossing,Daejeon,Oct 23 2018 10:24PM,1
6,Gyeonggi,2012,4,Walking_old_man,Gyeonggi,Oct 23 2018 10:24PM,1
6,Gyeonggi,2012,3,Walking_old_man,Gyeonggi,Oct 23 2018 10:24PM,1
6,Gyeonggi,2012,3,Walking_old_man,Gyeonggi,Oct 23 2018 10:24PM,1
6,Gyeonggi,2012,4,Walking_old_man,Gyeonggi,Oct 23 2018 10:24PM,1
9,Daegu,2012,5,Bicycle,Daegu,Oct 23 2018 10:24PM,1
6,Gyeonggi,2012,5,Walking_old_man,Gyeonggi,Oct 23 2018 10:24PM,1
6,Seoul,2012,7,Bicycle,Seoul,Oct 23 2018 10:24PM,1
6,Seoul,2012,4,Bicycle,Seoul,Oct 23 2018 10:24PM,1
6,Seoul,2012,4,Bicycle,Seoul,Oct 23 2018 10:24PM,1
13,Daejeon,2012,4,Stepless_crossing,Daejeon,Oct 23 2018 10:24PM,1
6,Gyeonggi,2012,3,Walking_old_man,Gyeonggi,Oct 23 2018 10:24PM,1
5,Gyeonggi,2012,3,Walking_children,Gyeonggi,Oct 23 2018 10:24PM,1
6,Seoul,2012,6,Bicycle,Seoul,Oct 23 2018 10:24PM,1
6,Seoul,2012,6,Bicycle,Seoul,Oct 23 2018 10:24PM,1
6,Seoul,2012,7,Bicycle,Seoul,Oct 23 2018 10:24PM,1
13,Gyeonggi,2012,12,Stepless_crossing,Gyeonggi,Oct 23 2018 10:24PM,1
15,Gyeonggi,2012,9,Stepless_crossing,Gyeonggi,Oct 23 2018 10:24PM,1
2,Seoul,2012,2,School_zone_children,Seoul,Oct 23 2018 10:24PM,1
,Gyeonggi,2012,7,Bicycle,Gyeonggi,Oct 23 2018 10:24PM,1
5,Daegu,2012,3,Walking_children,Daegu,Oct 23 2018 10:24PM,1
5,Gyeonggi,2012,3,Walking_children,Gyeonggi,Oct 23 2018 10:24PM,1
1,Daejeon,2012,2,School_zone_children,Daejeon,Oct 23 2018 10:24PM,1
1,Gyeonggi,2012,2,School_zone_children,Gyeonggi,Oct 23 2018 10:24PM,1
1,Gyeonggi,2012,2,School_zone_children,Gyeonggi,Oct 23 2018 10:24PM,1
6,Gyeonggi,2012,4,Walking_old_man,Gyeonggi,Oct 23 2018 10:24PM,1
6,Gyeonggi,2012,4,Walking_old_man,Gyeonggi,Oct 23 2018 10:24PM,1
17,Gyeonggi,2012,4,Stepless_crossing,Gyeonggi,Oct 23 2018 10:24PM,1
6,Gyeonggi,2012,3,Walking_old_man,Gyeonggi,Oct 23 2018 10:24PM,1
6,Gyeonggi,2012,3,Walking_old_man,Gyeonggi,Oct 23 2018 10:24PM,1
22,Gyeongsangnamdo,2012,6,Stepless_crossing,Gyeongsangnamdo,Oct 23 2018 10:24PM,1
13,Daejeon,2012,4,Stepless_crossing,Daejeon,Oct 23 2018 10:24PM,1
22,Gyeongsangbukdo,2012,4,Stepless_crossing,Gyeongsangbukdo,Oct 23 2018 10:24PM,1
12,Gyeongsangbukdo,2012,4,Bicycle,Gyeongsangbukdo,Oct 23 2018 10:24PM,1
6,Gyeonggi,2012,4,Walking_old_man,Gyeonggi,Oct 23 2018 10:24PM,1
6,Gyeonggi,2012,4,Walking_old_man,Gyeonggi,Oct 23 2018 10:24PM,1
17,Gyeonggi,2012,4,Stepless_crossing,Gyeonggi,Oct 23 2018 10:24PM,1
12,Gyeongsangbukdo,2012,5,Bicycle,Gyeongsangbukdo,Oct 23 2018 10:24PM,1
12,Gyeongsangbukdo,2012,5,Bicycle,Gyeongsangbukdo,Oct 23 2018 10:24PM,1
12,Gyeongsangbukdo,2012,4,Bicycle,Gyeongsangbukdo,Oct 23 2018 10:24PM,1
12,Gyeongsangbukdo,2012,4,Bicycle,Gyeongsangbukdo,Oct 23 2018 10:24PM,1
6,Seoul,2012,6,Bicycle,Seoul,Oct 23 2018 10:24PM,1
5,Gyeonggi,2012,3,Walking_children,Gyeonggi,Oct 23 2018 10:24PM,1
6,Gyeonggi,2012,3,Walking_old_man,Gyeonggi,Oct 23 2018 10:24PM,1
6,Gyeonggi,2012,3,Walking_old_man,Gyeonggi,Oct 23 2018 10:24PM,1
6,Gyeonggi,2012,4,Walking_old_man,Gyeonggi,Oct 23 2018 10:24PM,1
5,Daegu,2012,5,Walking_children,Daegu,Oct 23 2018 10:24PM,1
6,Gyeonggi,2012,3,Walking_old_man,Gyeonggi,Oct 23 2018 10:24PM,1
12,Gwangju,2012,6,Stepless_crossing,Gwangju,Oct 23 2018 10:24PM,1
8,Daegu,2012,4,Bicycle,Daegu,Oct 23 2018 10:24PM,1
6,Seoul,2012,6,Bicycle,Seoul,Oct 23 2018 10:24PM,1
12,Gyeongsangbukdo,2012,5,Bicycle,Gyeongsangbukdo,Oct 23 2018 10:24PM,1
5,Daegu,2012,3,Walking_children,Daegu,Oct 23 2018 10:24PM,1
5,Daegu,2012,3,Walking_children,Daegu,Oct 23 2018 10:24PM,1
5,Daegu,2012,3,Walking_children,Daegu,Oct 23 2018 10:24PM,1
5,Seoul,2012,5,Walking_children,Seoul,Oct 23 2018 10:24PM,1
5,Seoul,2012,3,Walking_children,Seoul,Oct 23 2018 10:24PM,1
5,Daegu,2012,4,Walking_children,Daegu,Oct 23 2018 10:24PM,1
12,Gyeongsangbukdo,2012,7,Bicycle,Gyeongsangbukdo,Oct 23 2018 10:24PM,1
6,Seoul,2012,4,Bicycle,Seoul,Oct 23 2018 10:24PM,1
21,Jeollabukdo,2012,4,Stepless_crossing,Jeollabukdo,Oct 23 2018 10:24PM,1
18,Gyeonggi,2012,5,Stepless_crossing,Gyeonggi,Oct 23 2018 10:24PM,1
18,Gyeonggi,2012,6,Stepless_crossing,Gyeonggi,Oct 23 2018 10:24PM,1
18,Gyeonggi,2012,5,Stepless_crossing,Gyeonggi,Oct 23 2018 10:24PM,1
22,Gyeongsangnamdo,2012,4,Stepless_crossing,Gyeongsangnamdo,Oct 23 2018 10:24PM,1
22,Gyeongsangnamdo,2012,4,Stepless_crossing,Gyeongsangnamdo,Oct 23 2018 10:24PM,1
17,Gyeonggi,2012,4,Stepless_crossing,Gyeonggi,Oct 23 2018 10:24PM,1
6,Gyeonggi,2012,4,Walking_old_man,Gyeonggi,Oct 23 2018 10:24PM,1
6,Gyeonggi,2012,6,Walking_old_man,Gyeonggi,Oct 23 2018 10:24PM,1
6,Gyeonggi,2012,3,Walking_old_man,Gyeonggi,Oct 23 2018 10:24PM,1
18,Gyeonggi,2012,4,Stepless_crossing,Gyeonggi,Oct 23 2018 10:24PM,1
13,Daejeon,2012,6,Stepless_crossing,Daejeon,Oct 23 2018 10:24PM,1
6,Gyeonggi,2012,3,Walking_old_man,Gyeonggi,Oct 23 2018 10:24PM,1
6,Ulsan,2012,5,Walking_old_man,Ulsan,Oct 23 2018 10:24PM,1
21,Jeollabukdo,2012,4,Stepless_crossing,Jeollabukdo,Oct 23 2018 10:24PM,1
12,Gyeongsangbukdo,2012,7,Bicycle,Gyeongsangbukdo,Oct 23 2018 10:24PM,1
6,Ulsan,2012,3,Walking_old_man,Ulsan,Oct 23 2018 10:24PM,1
13,Daejeon,2012,6,Stepless_crossing,Daejeon,Oct 23 2018 10:24PM,1
8,Daegu,2012,10,Bicycle,Daegu,Oct 23 2018 10:24PM,1
8,Daegu,2012,4,Bicycle,Daegu,Oct 23 2018 10:24PM,1
12,Gwangju,2012,5,Stepless_crossing,Gwangju,Oct 23 2018 10:24PM,1
8,Daegu,2012,9,Bicycle,Daegu,Oct 23 2018 10:24PM,1
9,Daegu,2012,5,Bicycle,Daegu,Oct 23 2018 10:24PM,1
6,Seoul,2012,5,Bicycle,Seoul,Oct 23 2018 10:24PM,1
8,Daegu,2012,4,Bicycle,Daegu,Nov  5 2018  6:54PM,1
13,Daejeon,2012,9,Stepless_crossing,Daejeon,Nov  5 2018  6:54PM,1
13,Daejeon,2012,5,Stepless_crossing,Daejeon,Nov  5 2018  6:54PM,1
13,Daejeon,2012,5,Stepless_crossing,Daejeon,Nov  5 2018  6:54PM,1
17,Gyeonggi,2012,4,Stepless_crossing,Gyeonggi,Nov  5 2018  6:54PM,1
9,Daegu,2012,4,Bicycle,Daegu,Nov  5 2018  6:54PM,1
5,Daegu,2012,4,Walking_children,Daegu,Nov  5 2018  6:54PM,1
12,Gyeongsangbukdo,2012,7,Bicycle,Gyeongsangbukdo,Nov  5 2018  6:54PM,1
6,Seoul,2012,9,Bicycle,Seoul,Nov  5 2018  6:54PM,1
6,Seoul,2012,4,Bicycle,Seoul,Nov  5 2018  6:54PM,1
13,Daejeon,2012,9,Stepless_crossing,Daejeon,Nov  5 2018  6:54PM,1
13,Gyeonggi,2012,7,Stepless_crossing,Gyeonggi,Nov  5 2018  6:54PM,1
12,Gyeongsangbukdo,2012,6,Bicycle,Gyeongsangbukdo,May  5 2018  6:54PM,1
6,Seoul,2012,4,Bicycle,Seoul,May  5 2018  6:54PM,1
6,Seoul,2012,4,Bicycle,Seoul,May  5 2018  6:54PM,1
19,Gyeonggi,2012,5,Stepless_crossing,Gyeonggi,May  5 2018  6:54PM,1
6,Ulsan,2012,4,Walking_old_man,Ulsan,May  5 2018  6:54PM,1
1,Gwangju,2012,2,School_zone_children,Gwangju,May  5 2018  6:54PM,1
12,Gyeongsangbukdo,2012,6,Bicycle,Gyeongsangbukdo,May  5 2018  6:54PM,1
1,Gwangju,2012,2,School_zone_children,Gwangju,May  5 2018  6:54PM,1
13,Daejeon,2012,8,Stepless_crossing,Daejeon,May  5 2018  6:54PM,1
12,Gyeongsangbukdo,2012,5,Bicycle,Gyeongsangbukdo,May  5 2018  6:54PM,1
9,Gwangju,2012,4,Bicycle,Gwangju,May  5 2018  6:54PM,1
1,Gyeongsangnamdo,2012,2,School_zone_children,Gyeongsangnamdo,May  5 2018  6:54PM,1
6,Seoul,2012,4,Bicycle,Seoul,May  5 2018  6:54PM,1
21,Jeollanamdo,2012,6,Stepless_crossing,Jeollanamdo,May  5 2018  6:54PM,1
6,Seoul,2012,6,Bicycle,Seoul,May  5 2018  6:54PM,1
17,Gyeonggi,2012,4,Stepless_crossing,Gyeonggi,May  5 2018  6:54PM,1
17,Gyeonggi,2012,4,Stepless_crossing,Gyeonggi,May  5 2018  6:54PM,1
8,Daegu,2012,6,Bicycle,Daegu,May  5 2018  6:54PM,1
6,Seoul,2012,4,Bicycle,Seoul,May  5 2018  6:54PM,1
6,Seoul,2012,4,Bicycle,Seoul,May  5 2018  6:54PM,1
6,Seoul,2012,6,Bicycle,Seoul,May  5 2018  6:54PM,1
12,Gwangju,2012,4,Stepless_crossing,Gwangju,May  5 2018  6:54PM,1
6,Seoul,2012,6,Bicycle,Seoul,May  5 2018  6:54PM,1
6,Seoul,2012,4,Bicycle,Seoul,May  5 2018  6:54PM,1
17,Gyeonggi,2012,9,Stepless_crossing,Gyeonggi,May  5 2018  6:54PM,1
6,Seoul,2012,5,Bicycle,Seoul,May  5 2018  6:54PM,1
1,Gyeongsangnamdo,2012,2,School_zone_children,Gyeongsangnamdo,May  5 2018  6:54PM,1
13,Gyeonggi,2012,6,Stepless_crossing,Gyeonggi,May  5 2018  6:54PM,1
12,Incheon,2012,10,Stepless_crossing,Incheon,May  5 2018  6:54PM,1
6,Seoul,2012,5,Bicycle,Seoul,May  5 2018  6:54PM,1
17,Gyeonggi,2012,5,Stepless_crossing,Gyeonggi,May  5 2018  6:54PM,1
17,Gyeonggi,2012,5,Stepless_crossing,Gyeonggi,May  5 2018  6:54PM,1
13,Gyeonggi,2012,6,Stepless_crossing,Gyeonggi,May  5 2018  6:54PM,1
18,Chungcheongnamdo,2012,6,Stepless_crossing,Chungcheongnamdo,May  5 2018  6:54PM,1
18,Chungcheongnamdo,2012,5,Stepless_crossing,Chungcheongnamdo,May  5 2018  6:54PM,1
8,Daegu,2012,6,Bicycle,Daegu,May  5 2018  6:54PM,1
5,Gyeonggi,2012,3,Walking_children,Gyeonggi,May  5 2018  6:54PM,1
5,Gyeonggi,2012,4,Walking_children,Gyeonggi,May  5 2018  6:54PM,1
12,Incheon,2012,7,Stepless_crossing,Incheon,May  5 2018  6:54PM,1
13,Gyeonggi,2012,6,Stepless_crossing,Gyeonggi,May  5 2018  6:54PM,1
17,Gyeonggi,2012,1,Stepless_crossing,Gyeonggi,May  5 2018  6:54PM,1
17,Gyeonggi,2012,4,Stepless_crossing,Gyeonggi,May  5 2018  6:54PM,1
17,Gyeonggi,2012,4,Stepless_crossing,Gyeonggi,May  5 2018  6:54PM,1
10,Gyeonggi,2012,5,Bicycle,Gyeonggi,May  5 2018  6:54PM,1
10,Gyeonggi,2012,5,Bicycle,Gyeonggi,May  5 2018  6:54PM,1
6,Seoul,2012,4,Bicycle,Seoul,May  5 2018  6:54PM,1
12,Incheon,2012,5,Stepless_crossing,Incheon,May  5 2018  6:54PM,1
6,Seoul,2012,6,Bicycle,Seoul,May  5 2018  6:54PM,1
6,Seoul,2012,4,Bicycle,Seoul,May  5 2018  6:54PM,1
5,Seoul,2012,4,Walking_children,Seoul,May  5 2018  6:54PM,1
18,Chungcheongnamdo,2012,4,Stepless_crossing,Chungcheongnamdo,May  5 2018  6:54PM,1
18,Chungcheongnamdo,2012,4,Stepless_crossing,Chungcheongnamdo,May  5 2018  6:54PM,1
18,Chungcheongnamdo,2012,4,Stepless_crossing,Chungcheongnamdo,May  5 2018  6:54PM,1
6,Seoul,2012,10,Bicycle,Seoul,May  5 2018  6:54PM,1
6,Seoul,2012,6,Bicycle,Seoul,May  5 2018  6:54PM,1
13,Gyeonggi,2012,6,Stepless_crossing,Gyeonggi,May  5 2018  6:54PM,1
12,Incheon,2012,6,Stepless_crossing,Incheon,May  5 2018  6:54PM,1
5,Gyeonggi,2012,3,Walking_children,Gyeonggi,May  5 2018  6:54PM,1
5,Gyeonggi,2012,4,Walking_children,Gyeonggi,May  5 2018  6:54PM,1
5,Gyeonggi,2012,4,Walking_children,Gyeonggi,May  5 2018  6:54PM,1
12,Incheon,2012,4,Stepless_crossing,Incheon,May  5 2018  6:54PM,1
12,Incheon,2012,6,Stepless_crossing,Incheon,Dec 29 2018  4:24PM,1
17,Gyeonggi,2012,9,Stepless_crossing,Gyeonggi,Dec 29 2018  4:24PM,1
12,Incheon,2012,6,Stepless_crossing,Incheon,Dec 29 2018  4:24PM,1
6,Seoul,2012,5,Bicycle,Seoul,Dec 29 2018  4:24PM,1
6,Seoul,2012,6,Bicycle,Seoul,Dec 29 2018  4:24PM,1
6,Seoul,2012,6,Bicycle,Seoul,Dec 29 2018  4:24PM,1
20,Jeollabukdo,2012,9,Stepless_crossing,Jeollabukdo,Dec 29 2018  4:24PM,1
5,Gyeonggi,2012,4,Walking_children,Gyeonggi,Dec 29 2018  4:24PM,1
6,Seoul,2012,4,Bicycle,Seoul,Dec 29 2018  4:24PM,1
9,Incheon,2012,4,Bicycle,Incheon,Dec 29 2018  4:24PM,1
9,Gwangju,2012,6,Bicycle,Gwangju,Dec 29 2018  4:24PM,1
13,Gyeonggi,2012,3,Stepless_crossing,Gyeonggi,Dec 29 2018  4:24PM,1
12,Incheon,2012,6,Stepless_crossing,Incheon,Dec 29 2018  4:24PM,1
13,Gyeonggi,2012,4,Stepless_crossing,Gyeonggi,Dec 29 2018  4:24PM,1
6,Seoul,2012,6,Bicycle,Seoul,Dec 29 2018  4:24PM,1
17,Gyeonggi,2012,4,Stepless_crossing,Gyeonggi,Dec 29 2018  4:24PM,1
12,Incheon,2012,5,Stepless_crossing,Incheon,Dec 29 2018  4:24PM,1
5,Gyeonggi,2012,3,Walking_children,Gyeonggi,Dec 29 2018  4:24PM,1
5,Gyeonggi,2012,4,Walking_children,Gyeonggi,Dec 29 2018  4:24PM,1
12,Incheon,2012,5,Stepless_crossing,Incheon,Dec 29 2018  4:24PM,1
12,Incheon,2012,4,Stepless_crossing,Incheon,Dec 29 2018  4:24PM,1
12,Incheon,2012,5,Stepless_crossing,Incheon,Dec 29 2018  4:24PM,1
13,Gyeonggi,2012,8,Stepless_crossing,Gyeonggi,Dec 29 2018  4:24PM,1
6,Seoul,2012,5,Bicycle,Seoul,Dec 29 2018  4:24PM,1
1,Gyeongsangnamdo,2012,2,School_zone_children,Gyeongsangnamdo,Dec 29 2018  4:24PM,1
9,Incheon,2012,7,Bicycle,Incheon,Dec 29 2018  4:24PM,1
12,Incheon,2012,3,Stepless_crossing,Incheon,Dec 29 2018  4:24PM,1
6,Seoul,2012,4,Bicycle,Seoul,Dec 29 2018  4:24PM,1
13,Gyeonggi,2012,5,Stepless_crossing,Gyeonggi,Dec 29 2018  4:24PM,1
10,Gyeonggi,2012,7,Bicycle,Gyeonggi,Dec 29 2018  4:24PM,1
6,Seoul,2012,8,Bicycle,Seoul,Dec 29 2018  4:24PM,1
1,Gyeongsangnamdo,2012,2,School_zone_children,Gyeongsangnamdo,Dec 29 2018  4:24PM,1
12,Incheon,2012,6,Stepless_crossing,Incheon,Dec 29 2018  4:24PM,1
12,Incheon,2012,4,Stepless_crossing,Incheon,Dec 29 2018  4:24PM,1
12,Incheon,2012,7,Stepless_crossing,Incheon,Dec 29 2018  4:24PM,1
8,Daegu,2012,6,Bicycle,Daegu,Dec 29 2018  4:24PM,1
18,Chungcheongnamdo,2012,4,Stepless_crossing,Chungcheongnamdo,Dec 29 2018  4:24PM,1
12,Incheon,2012,5,Stepless_crossing,Incheon,Dec 29 2018  4:24PM,1
12,Incheon,2012,4,Stepless_crossing,Incheon,Dec 29 2018  4:24PM,1
6,Seoul,2012,6,Bicycle,Seoul,Dec 29 2018  4:24PM,1
6,Seoul,2012,4,Bicycle,Seoul,Dec 29 2018  4:24PM,1
6,Seoul,2012,4,Bicycle,Seoul,Dec 29 2018  4:24PM,1
10,Gyeonggi,2012,7,Bicycle,Gyeonggi,Dec 29 2018  4:24PM,1
17,Gyeonggi,2012,9,Stepless_crossing,Gyeonggi,Dec 29 2018  4:24PM,1
8,Daegu,2012,6,Bicycle,Daegu,Dec 29 2018  4:24PM,1
8,Daegu,2012,6,Bicycle,Daegu,Dec 29 2018  4:24PM,1
8,Daegu,2012,6,Bicycle,Daegu,Dec 29 2018  4:24PM,1
12,Incheon,2012,7,Stepless_crossing,Incheon,Dec 29 2018  4:24PM,1
6,Seoul,2012,10,Bicycle,Seoul,Dec 29 2018  4:24PM,1
12,Incheon,2012,6,Stepless_crossing,Incheon,Dec 29 2018  4:24PM,1
,Seoul,2012,8,Bicycle,Seoul,Dec 29 2018  4:24PM,1
8,Daegu,2012,5,Bicycle,Daegu,Dec 29 2018  4:24PM,1
8,Daegu,2012,6,Bicycle,Daegu,Dec 29 2018  4:24PM,1
8,Daegu,2012,6,Bicycle,Daegu,Dec 29 2018  4:24PM,1
,Seoul,2012,7,Bicycle,Seoul,Dec 29 2018  4:24PM,1
5,Gyeonggi,2012,3,Walking_children,Gyeonggi,Dec 29 2018  4:24PM,1
8,Daegu,2012,5,Bicycle,Daegu,Dec 29 2018  4:24PM,1
12,Gwangju,2012,8,Stepless_crossing,Gwangju,Dec 29 2018  4:24PM,1
5,Gyeonggi,2012,3,Walking_children,Gyeonggi,Dec 29 2018  4:24PM,1
5,Gyeonggi,2012,3,Walking_children,Gyeonggi,Dec 29 2018  4:24PM,1
6,Seoul,2012,7,Bicycle,Seoul,Dec 29 2018  4:24PM,1
12,Gwangju,2012,10,Stepless_crossing,Gwangju,Dec 29 2018  4:24PM,1
12,Gwangju,2012,12,Stepless_crossing,Gwangju,Dec 29 2018  4:24PM,1
16,Gyeonggi,2012,6,Stepless_crossing,Gyeonggi,Dec 29 2018  4:24PM,1
12,Incheon,2012,7,Stepless_crossing,Incheon,Dec 29 2018  4:24PM,1
8,Daegu,2012,5,Bicycle,Daegu,Dec 29 2018  4:24PM,1
12,Incheon,2012,7,Stepless_crossing,Incheon,Dec 29 2018  4:24PM,1
20,Jeollabukdo,2012,6,Stepless_crossing,Jeollabukdo,Dec 29 2018  4:24PM,1
12,Incheon,2012,4,Stepless_crossing,Incheon,Dec 29 2018  4:24PM,1
22,Gyeongsangnamdo,2012,7,Stepless_crossing,Gyeongsangnamdo,Dec 29 2018  4:24PM,1
12,Incheon,2012,6,Stepless_crossing,Incheon,Dec 29 2018  4:24PM,1
12,Incheon,2012,10,Stepless_crossing,Incheon,Dec 29 2018  4:24PM,1
12,Incheon,2012,3,Stepless_crossing,Incheon,Dec 29 2018  4:24PM,1
6,Seoul,2012,6,Bicycle,Seoul,Dec 29 2018  4:24PM,1
5,Seoul,2012,3,Walking_children,Seoul,Dec 29 2018  4:24PM,1
5,Seoul,2012,4,Walking_children,Seoul,Dec 29 2018  4:24PM,1
6,Seoul,2012,5,Bicycle,Seoul,Dec 29 2018  4:24PM,1
17,Gyeonggi,2012,7,Stepless_crossing,Gyeonggi,Dec 29 2018  4:24PM,1
12,Incheon,2012,7,Stepless_crossing,Incheon,Dec 29 2018  4:24PM,1
6,Seoul,2012,5,Bicycle,Seoul,Dec 29 2018  4:24PM,1
6,Seoul,2012,5,Bicycle,Seoul,Dec 29 2018  4:24PM,1
6,Seoul,2012,5,Bicycle,Seoul,Dec 29 2018  4:24PM,1
12,Incheon,2012,7,Stepless_crossing,Incheon,Dec 29 2018  4:24PM,1
6,Seoul,2012,4,Bicycle,Seoul,Dec 29 2018  4:24PM,1
6,Seoul,2012,4,Bicycle,Seoul,Dec 29 2018  4:24PM,1
12,Incheon,2012,5,Stepless_crossing,Incheon,Dec 29 2018  4:24PM,1
12,Incheon,2012,11,Stepless_crossing,Incheon,Dec 29 2018  4:24PM,1
18,Chungcheongnamdo,2012,4,Stepless_crossing,Chungcheongnamdo,Dec 29 2018  4:24PM,1
22,Gyeongsangnamdo,2012,6,Stepless_crossing,Gyeongsangnamdo,Dec 29 2018  4:24PM,1
13,Gyeonggi,2012,4,Stepless_crossing,Gyeonggi,Dec 29 2018  4:24PM,1
17,Gyeonggi,2012,6,Stepless_crossing,Gyeonggi,Dec 29 2018  4:24PM,1
17,Gyeonggi,2012,4,Stepless_crossing,Gyeonggi,Dec 29 2018  4:24PM,1
17,Gyeonggi,2012,5,Stepless_crossing,Gyeonggi,Dec 29 2018  4:24PM,1
6,Seoul,2012,4,Bicycle,Seoul,Dec 29 2018  4:24PM,1
17,Gyeonggi,2012,4,Stepless_crossing,Gyeonggi,Dec 29 2018  4:24PM,1
6,Seoul,2012,9,Bicycle,Seoul,Dec 29 2018  4:24PM,1
6,Seoul,2012,6,Bicycle,Seoul,Dec 29 2018  4:24PM,1
6,Seoul,2012,9,Bicycle,Seoul,Dec 29 2018  4:24PM,1
17,Gyeonggi,2012,6,Stepless_crossing,Gyeonggi,Dec 29 2018  4:24PM,1
6,Seoul,2012,8,Bicycle,Seoul,Dec 29 2018  4:24PM,1
12,Incheon,2012,5,Stepless_crossing,Incheon,Dec 29 2018  4:24PM,1
12,Gwangju,2012,4,Stepless_crossing,Gwangju,Dec 29 2018  4:24PM,1
12,Gwangju,2012,4,Stepless_crossing,Gwangju,Dec 29 2018  4:24PM,1
12,Gwangju,2012,6,Stepless_crossing,Gwangju,Dec 29 2018  4:24PM,1
21,Gyeongsangbukdo,2012,4,Stepless_crossing,Gyeongsangbukdo,Dec 29 2018  4:24PM,1
13,Gyeonggi,2012,4,Stepless_crossing,Gyeonggi,Dec 29 2018  4:24PM,1
13,Gyeonggi,2012,4,Stepless_crossing,Gyeonggi,Dec 29 2018  4:24PM,1
6,Seoul,2012,7,Bicycle,Seoul,Dec 29 2018  4:24PM,1
12,Incheon,2012,9,Stepless_crossing,Incheon,Dec 29 2018  4:24PM,1
5,Gyeonggi,2012,3,Walking_children,Gyeonggi,Dec 29 2018  4:24PM,1
6,Seoul,2012,6,Bicycle,Seoul,Dec 29 2018  4:24PM,1
13,Gyeonggi,2012,4,Stepless_crossing,Gyeonggi,Dec 29 2018  4:24PM,1
6,Seoul,2012,6,Bicycle,Seoul,Dec 29 2018  4:24PM,1
12,Incheon,2012,6,Stepless_crossing,Incheon,Dec 29 2018  4:24PM,1
6,Seoul,2012,5,Bicycle,Seoul,Dec 29 2018  4:24PM,1
5,Seoul,2012,3,Walking_children,Seoul,Dec 29 2018  4:24PM,1
6,Seoul,2012,6,Bicycle,Seoul,Dec 29 2018  4:24PM,1
21,Jeollanamdo,2012,4,Stepless_crossing,Jeollanamdo,Dec 29 2018  4:24PM,1
6,Seoul,2012,5,Bicycle,Seoul,Dec 29 2018  4:24PM,1
6,Seoul,2012,5,Bicycle,Seoul,Dec 29 2018  4:24PM,1
6,Seoul,2012,5,Bicycle,Seoul,Dec 29 2018  4:24PM,1
5,Seoul,2012,5,Walking_children,Seoul,Dec 29 2018  4:24PM,1
12,Incheon,2012,5,Stepless_crossing,Incheon,Dec 29 2018  4:24PM,1
6,Seoul,2012,5,Bicycle,Seoul,Dec 29 2018  4:24PM,1
1,Gyeongsangnamdo,2012,2,School_zone_children,Gyeongsangnamdo,Dec 29 2018  4:24PM,1
12,Incheon,2012,5,Stepless_crossing,Incheon,Dec 29 2018  4:24PM,1
17,Gyeonggi,2012,5,Stepless_crossing,Gyeonggi,Dec 29 2018  4:24PM,1
6,Seoul,2012,4,Bicycle,Seoul,Dec 29 2018  4:24PM,1
6,Seoul,2012,4,Bicycle,Seoul,Dec 29 2018  4:24PM,1
5,Gyeonggi,2012,3,Walking_children,Gyeonggi,Dec 29 2018  4:24PM,1
9,Incheon,2012,6,Bicycle,Incheon,Dec 29 2018  4:24PM,1
6,Seoul,2012,10,Bicycle,Seoul,Dec 29 2018  4:24PM,1
6,Seoul,2012,3,Bicycle,Seoul,Dec 29 2018  4:24PM,1
5,Gyeonggi,2012,3,Walking_children,Gyeonggi,Dec 29 2018  4:24PM,1
6,Seoul,2012,7,Bicycle,Seoul,Dec 29 2018  4:24PM,1
6,Seoul,2012,7,Bicycle,Seoul,Dec 29 2018  4:24PM,1
6,Seoul,2012,7,Bicycle,Seoul,Dec 29 2018  4:24PM,1
6,Seoul,2012,8,Bicycle,Seoul,Dec 29 2018  4:24PM,1
5,Seoul,2012,4,Walking_children,Seoul,Dec 29 2018  4:24PM,1
6,Seoul,2012,6,Bicycle,Seoul,Dec 29 2018  4:24PM,1
6,Seoul,2012,6,Bicycle,Seoul,Dec 29 2018  4:24PM,1
12,Incheon,2012,4,Stepless_crossing,Incheon,Dec 29 2018  4:24PM,1
6,Seoul,2012,6,Bicycle,Seoul,Dec 29 2018  4:24PM,1
17,Gyeonggi,2012,4,Stepless_crossing,Gyeonggi,Dec 29 2018  4:24PM,1
13,Gyeonggi,2012,4,Stepless_crossing,Gyeonggi,Dec 29 2018  4:24PM,1
10,Gyeonggi,2012,6,Bicycle,Gyeonggi,Dec 29 2018  4:24PM,1
17,Gyeonggi,2012,4,Stepless_crossing,Gyeonggi,Dec 29 2018  4:24PM,1
5,Ulsan,2012,3,Walking_children,Ulsan,Dec 29 2018  4:24PM,1
6,Seoul,2012,5,Bicycle,Seoul,Dec 29 2018  4:24PM,1
17,Gyeonggi,2012,4,Stepless_crossing,Gyeonggi,Dec 29 2018  4:24PM,1
18,Chungcheongnamdo,2012,6,Stepless_crossing,Chungcheongnamdo,Dec 29 2018  4:24PM,1
6,Seoul,2012,5,Bicycle,Seoul,Dec 29 2018  4:24PM,1
6,Seoul,2012,5,Bicycle,Seoul,Dec 29 2018  4:24PM,1
12,Incheon,2012,4,Stepless_crossing,Incheon,Dec 29 2018  4:24PM,1
18,Chungcheongnamdo,2012,4,Stepless_crossing,Chungcheongnamdo,Dec 29 2018  4:24PM,1
13,Gyeonggi,2012,4,Stepless_crossing,Gyeonggi,Dec 29 2018  4:24PM,1
8,Daegu,2012,5,Bicycle,Daegu,Dec 29 2018  4:24PM,1
17,Gyeonggi,2012,4,Stepless_crossing,Gyeonggi,Dec 29 2018  4:24PM,1
12,Gwangju,2012,4,Stepless_crossing,Gwangju,Dec 29 2018  4:24PM,1
9,Incheon,2012,6,Bicycle,Incheon,Dec 29 2018  4:24PM,1
6,Seoul,2012,5,Bicycle,Seoul,Dec 29 2018  4:24PM,1
17,Gyeonggi,2012,26,Stepless_crossing,Gyeonggi,Dec 29 2018  4:24PM,1
13,Gyeonggi,2012,13,Stepless_crossing,Gyeonggi,Dec 29 2018  4:24PM,1
13,Gyeonggi,2012,13,Stepless_crossing,Gyeonggi,Dec 29 2018  4:24PM,1
6,Seoul,2012,4,Bicycle,Seoul,Dec 29 2018  4:24PM,1
6,Seoul,2012,4,Bicycle,Seoul,Dec 29 2018  4:24PM,1
19,Gyeonggi,2012,4,Stepless_crossing,Gyeonggi,Dec 29 2018  4:24PM,1
19,Gyeonggi,2012,5,Stepless_crossing,Gyeonggi,Dec 29 2018  4:24PM,1
19,Gyeonggi,2012,4,Stepless_crossing,Gyeonggi,Dec 29 2018  4:24PM,1
19,Gyeonggi,2012,3,Stepless_crossing,Gyeonggi,Dec 29 2018  4:24PM,1
6,Seoul,2012,4,Bicycle,Seoul,Dec 29 2018  4:24PM,1
13,Gyeonggi,2012,4,Stepless_crossing,Gyeonggi,Dec 29 2018  4:24PM,1
6,Seoul,2012,6,Bicycle,Seoul,Dec 29 2018  4:24PM,1
1,Gyeongsangbukdo,2012,2,School_zone_children,Gyeongsangbukdo,Dec 29 2018  4:24PM,1
1,Gyeongsangbukdo,2012,3,School_zone_children,Gyeongsangbukdo,Dec 29 2018  4:24PM,1
17,Gyeonggi,2012,13,Stepless_crossing,Gyeonggi,Dec 29 2018  4:24PM,1
12,Daegu,2012,6,Stepless_crossing,Daegu,Dec 29 2018  4:24PM,1
12,Daegu,2012,9,Stepless_crossing,Daegu,Dec 29 2018  4:24PM,1
12,Incheon,2012,4,Stepless_crossing,Incheon,Dec 29 2018  4:24PM,1
18,Chungcheongnamdo,2012,4,Stepless_crossing,Chungcheongnamdo,Dec 29 2018  4:24PM,1
5,Seoul,2012,4,Walking_children,Seoul,Dec 29 2018  4:24PM,1
6,Seoul,2012,5,Bicycle,Seoul,Dec 29 2018  4:24PM,1
22,Gyeongsangnamdo,2012,6,Stepless_crossing,Gyeongsangnamdo,Dec 29 2018  4:24PM,1
9,Incheon,2012,7,Bicycle,Incheon,Dec 29 2018  4:24PM,1
9,Incheon,2012,4,Bicycle,Incheon,Dec 29 2018  4:24PM,1
6,Seoul,2012,7,Bicycle,Seoul,Dec 29 2018  4:24PM,1
6,Seoul,2012,4,Bicycle,Seoul,Dec 29 2018  4:24PM,1
6,Seoul,2012,4,Bicycle,Seoul,Dec 29 2018  4:24PM,1
8,Daegu,2012,5,Bicycle,Daegu,Dec 29 2018  4:24PM,1
17,Gyeonggi,2012,9,Stepless_crossing,Gyeonggi,Dec 29 2018  4:24PM,1
9,Incheon,2012,6,Bicycle,Incheon,Dec 29 2018  4:24PM,1
12,Daegu,2012,6,Stepless_crossing,Daegu,Dec 29 2018  4:24PM,1
6,Seoul,2012,5,Bicycle,Seoul,Dec 29 2018  4:24PM,1
13,Gyeonggi,2012,6,Stepless_crossing,Gyeonggi,Dec 29 2018  4:24PM,1
5,Seoul,2012,3,Walking_children,Seoul,Dec 29 2018  4:24PM,1
9,Incheon,2012,5,Bicycle,Incheon,Dec 29 2018  4:24PM,1
9,Incheon,2012,6,Bicycle,Incheon,Dec 29 2018  4:24PM,1
12,Daegu,2012,5,Stepless_crossing,Daegu,Dec 29 2018  4:24PM,1
6,Seoul,2012,4,Bicycle,Seoul,Dec 29 2018  4:24PM,1
6,Seoul,2012,5,Bicycle,Seoul,Dec 29 2018  4:24PM,1
22,Gyeongsangnamdo,2012,5,Stepless_crossing,Gyeongsangnamdo,Dec 29 2018  4:24PM,1
22,Gyeongsangnamdo,2012,5,Stepless_crossing,Gyeongsangnamdo,Dec 29 2018  4:24PM,1
18,Jeollabukdo,2012,5,Stepless_crossing,Jeollabukdo,Dec 29 2018  4:24PM,1
18,Chungcheongnamdo,2012,4,Stepless_crossing,Chungcheongnamdo,Dec 29 2018  4:24PM,1
12,Daegu,2012,9,Stepless_crossing,Daegu,Dec 29 2018  4:24PM,1
5,Seoul,2012,3,Walking_children,Seoul,Dec 29 2018  4:24PM,1
13,Gyeonggi,2012,5,Stepless_crossing,Gyeonggi,Dec 29 2018  4:24PM,1
17,Gyeonggi,2012,7,Stepless_crossing,Gyeonggi,Dec 29 2018  4:24PM,1
5,Ulsan,2012,3,Walking_children,Ulsan,Dec 29 2018  4:24PM,1
6,Seoul,2012,4,Bicycle,Seoul,Dec 29 2018  4:24PM,1
6,Gyeongsangnamdo,2012,3,Walking_old_man,Gyeongsangnamdo,Dec 29 2018  4:24PM,1
6,Gyeongsangnamdo,2012,4,Walking_old_man,Gyeongsangnamdo,Dec 29 2018  4:24PM,1
21,Jeollanamdo,2012,3,Stepless_crossing,Jeollanamdo,Dec 29 2018  4:24PM,1
13,Gyeonggi,2012,5,Stepless_crossing,Gyeonggi,Dec 29 2018  4:24PM,1
5,Incheon,2012,3,Walking_children,Incheon,Dec 29 2018  4:24PM,1
12,Seoul,2012,8,Stepless_crossing,Seoul,Dec 29 2018  4:24PM,1
12,Seoul,2012,7,Stepless_crossing,Seoul,Dec 29 2018  4:24PM,1
6,Gyeonggi,2012,3,Walking_old_man,Gyeonggi,Dec 29 2018  4:24PM,1
20,Jeollabukdo,2012,5,Stepless_crossing,Jeollabukdo,Dec 29 2018  4:24PM,1
6,Gyeonggi,2012,5,Walking_old_man,Gyeonggi,Dec 29 2018  4:24PM,1
6,Gyeonggi,2012,3,Walking_old_man,Gyeonggi,Dec 29 2018  4:24PM,1
8,Daegu,2012,5,Bicycle,Daegu,Dec 29 2018  4:24PM,1
6,Gyeonggi,2012,3,Walking_old_man,Gyeonggi,Dec 29 2018  4:24PM,1
12,Seoul,2012,17,Stepless_crossing,Seoul,Dec 29 2018  4:24PM,1
12,Seoul,2012,11,Stepless_crossing,Seoul,Dec 29 2018  4:24PM,1
12,Seoul,2012,8,Stepless_crossing,Seoul,Dec 29 2018  4:24PM,1
22,Gyeongsangnamdo,2012,7,Stepless_crossing,Gyeongsangnamdo,Dec 29 2018  4:24PM,1
1,Gyeonggi,2012,2,School_zone_children,Gyeonggi,Dec 29 2018  4:24PM,1
12,Seoul,2012,4,Stepless_crossing,Seoul,Dec 29 2018  4:24PM,1
12,Seoul,2012,4,Stepless_crossing,Seoul,Dec 29 2018  4:24PM,1
12,Seoul,2012,8,Stepless_crossing,Seoul,Dec 29 2018  4:24PM,1
6,Gyeonggi,2012,3,Walking_old_man,Gyeonggi,Dec 29 2018  4:24PM,1
6,Gyeonggi,2012,3,Walking_old_man,Gyeonggi,Dec 29 2018  4:24PM,1
6,Gyeonggi,2012,3,Walking_old_man,Gyeonggi,Dec 29 2018  4:24PM,1
6,Gyeonggi,2012,3,Walking_old_man,Gyeonggi,Dec 29 2018  4:24PM,1
20,Jeollabukdo,2012,5,Stepless_crossing,Jeollabukdo,Dec 29 2018  4:24PM,1
6,Gyeonggi,2012,3,Walking_old_man,Gyeonggi,Dec 29 2018  4:24PM,1
6,Gyeonggi,2012,4,Walking_old_man,Gyeonggi,Dec 29 2018  4:24PM,1
12,Seoul,2012,5,Stepless_crossing,Seoul,Dec 29 2018  4:24PM,1
1,Seoul,2012,4,Walking_children,Seoul,Dec 29 2018  4:24PM,1
12,Seoul,2012,4,Stepless_crossing,Seoul,Dec 29 2018  4:24PM,1
20,Jeollabukdo,2012,5,Stepless_crossing,Jeollabukdo,Dec 29 2018  4:24PM,1
17,Gyeonggi,2012,7,Stepless_crossing,Gyeonggi,Dec 29 2018  4:24PM,1
6,Seoul,2012,8,Bicycle,Seoul,Dec 29 2018  4:24PM,1
13,Ulsan,2012,4,Stepless_crossing,Ulsan,Dec 29 2018  4:24PM,1
6,Seoul,2012,8,Bicycle,Seoul,Dec 29 2018  4:24PM,1
6,Seoul,2012,6,Bicycle,Seoul,Dec 29 2018  4:24PM,1
6,Seoul,2012,4,Bicycle,Seoul,Dec 29 2018  4:24PM,1
12,Jeju,2012,4,Bicycle,Jeju,Dec 29 2018  4:24PM,1
10,Gyeonggi,2012,7,Bicycle,Gyeonggi,Dec 29 2018  4:24PM,1
6,Gyeonggi,2012,3,Walking_old_man,Gyeonggi,Dec 29 2018  4:24PM,1
13,Daejeon,2012,6,Stepless_crossing,Daejeon,Dec 29 2018  4:24PM,1
18,Gangwon,2012,4,Stepless_crossing,Gangwon,Dec 29 2018  4:24PM,1
18,Gangwon,2012,7,Stepless_crossing,Gangwon,Dec 29 2018  4:24PM,1
18,Gangwon,2012,6,Stepless_crossing,Gangwon,Dec 29 2018  4:24PM,1
21,Jeollabukdo,2012,4,Stepless_crossing,Jeollabukdo,Dec 29 2018  4:24PM,1
21,Jeollabukdo,2012,7,Stepless_crossing,Jeollabukdo,Dec 29 2018  4:24PM,1
6,Gyeonggi,2012,4,Walking_old_man,Gyeonggi,Dec 29 2018  4:24PM,1
17,Gyeonggi,2012,5,Stepless_crossing,Gyeonggi,Dec 29 2018  4:24PM,1
6,Gyeonggi,2012,4,Walking_old_man,Gyeonggi,Dec 29 2018  4:24PM,1
6,Gyeonggi,2012,3,Walking_old_man,Gyeonggi,Dec 29 2018  4:24PM,1
6,Seoul,2012,5,Bicycle,Seoul,Dec 29 2018  4:24PM,1
12,Gyeongsangnamdo,2012,6,Bicycle,Gyeongsangnamdo,Dec 29 2018  4:24PM,1
13,Daejeon,2012,4,Stepless_crossing,Daejeon,Dec 29 2018  4:24PM,1
13,Daejeon,2012,4,Stepless_crossing,Daejeon,Dec 29 2018  4:24PM,1
13,Daejeon,2012,4,Stepless_crossing,Daejeon,Dec 29 2018  4:24PM,1
13,Daejeon,2012,5,Stepless_crossing,Daejeon,Dec 29 2018  4:24PM,1
17,Gyeonggi,2012,5,Stepless_crossing,Gyeonggi,Dec 29 2018  4:24PM,1
6,Gyeonggi,2012,3,Walking_old_man,Gyeonggi,Dec 29 2018  4:24PM,1
17,Gyeonggi,2012,5,Stepless_crossing,Gyeonggi,Dec 29 2018  4:24PM,1
,Gyeonggi,2012,4,Bicycle,Gyeonggi,Dec 29 2018  4:24PM,1
,Gyeonggi,2012,4,Bicycle,Gyeonggi,Dec 29 2018  4:24PM,1
,Gyeonggi,2012,4,Bicycle,Gyeonggi,Dec 29 2018  4:24PM,1
,Gyeonggi,2012,5,Bicycle,Gyeonggi,Dec 29 2018  4:24PM,1
12,Gyeongsangnamdo,2012,4,Bicycle,Gyeongsangnamdo,Dec 29 2018  4:24PM,1
27,Ulsan,2013,3,Walking_old_man,Ulsan,Jan  4 2018  8:04PM,1
37,Gyeongsangbukdo,2013,6,Walking_old_man,Gyeongsangbukdo,Jan  4 2018  8:04PM,1
34,Seoul,2013,4,Bicycle,Seoul,Jan  4 2018  8:04PM,1
37,Gyeongsangbukdo,2013,4,Walking_old_man,Gyeongsangbukdo,Jan  4 2018  8:04PM,1
34,Seoul,2013,6,Bicycle,Seoul,Jan  4 2018  8:04PM,1
25,Seoul,2013,3,Walking_old_man,Seoul,Jan  4 2018  8:04PM,1
24,Seoul,2013,3,Walking_old_man,Seoul,Jan  4 2018  8:04PM,1
27,Daejeon,2013,3,Walking_old_man,Daejeon,Jan  4 2018  8:04PM,1
37,Gyeongsangbukdo,2013,3,Walking_old_man,Gyeongsangbukdo,Jan  4 2018  8:04PM,1
27,Ulsan,2013,3,Walking_old_man,Ulsan,Jan  4 2018  8:04PM,1
29,Gyeonggi,2013,3,Walking_old_man,Gyeonggi,Jan  4 2018  8:04PM,1
35,Seoul,2013,7,Bicycle,Seoul,Jan  4 2018  8:04PM,1
31,Gyeongsangnamdo,2013,4,Walking_old_man,Gyeongsangnamdo,Jan  4 2018  8:04PM,1
31,Gyeongsangnamdo,2013,3,Walking_old_man,Gyeongsangnamdo,Jan  4 2018  8:04PM,1
27,Ulsan,2013,4,Walking_old_man,Ulsan,Jan  4 2018  8:04PM,1
30,Gyeonggi,2013,3,Walking_old_man,Gyeonggi,Jan  4 2018  8:04PM,1
35,Seoul,2013,4,Bicycle,Seoul,Jan  4 2018  8:04PM,1
35,Seoul,2013,8,Bicycle,Seoul,Jan  4 2018  8:04PM,1
35,Seoul,2013,5,Bicycle,Seoul,Jan  4 2018  8:04PM,1
34,Seoul,2013,6,Bicycle,Seoul,Jan  4 2018  8:04PM,1
37,Chungcheongnamdo,2013,3,Walking_old_man,Chungcheongnamdo,Jan  4 2018  8:04PM,1
27,Gwangju,2013,3,Walking_old_man,Gwangju,Jan  4 2018  8:04PM,1
38,Gyeongsangnamdo,2013,3,Walking_old_man,Gyeongsangnamdo,Jan  4 2018  8:04PM,1
29,Gyeonggi,2013,3,Walking_old_man,Gyeonggi,Jan  4 2018  8:04PM,1
37,Chungcheongnamdo,2013,3,Walking_old_man,Chungcheongnamdo,Jan  4 2018  8:04PM,1
34,Seoul,2013,6,Bicycle,Seoul,Jan  4 2018  8:04PM,1
30,Gyeonggi,2013,5,Walking_old_man,Gyeonggi,Jan  4 2018  8:04PM,1
26,Daegu,2013,4,Walking_old_man,Daegu,Jan  4 2018  8:04PM,1
26,Daegu,2013,4,Walking_old_man,Daegu,Jan  4 2018  8:04PM,1
29,Gyeonggi,2013,3,Walking_old_man,Gyeonggi,Jan  4 2018  8:04PM,1
26,Busan,2013,3,Walking_old_man,Busan,Jan  4 2018  8:04PM,1
26,Daegu,2013,7,Walking_old_man,Daegu,Jan  4 2018  8:04PM,1
29,Gyeonggi,2013,4,Walking_old_man,Gyeonggi,Jan  4 2018  8:04PM,1
24,Seoul,2013,4,Walking_old_man,Seoul,Jan  4 2018  8:04PM,1
24,Seoul,2013,4,Walking_old_man,Seoul,Jan  4 2018  8:04PM,1
37,Chungcheongnamdo,2013,3,Walking_old_man,Chungcheongnamdo,Jan  4 2018  8:04PM,1
37,Chungcheongnamdo,2013,12,Walking_old_man,Chungcheongnamdo,Jan  4 2018  8:04PM,1
27,Gwangju,2013,3,Walking_old_man,Gwangju,Jan  4 2018  8:04PM,1
27,Gwangju,2013,4,Walking_old_man,Gwangju,Jan  4 2018  8:04PM,1
27,Gwangju,2013,3,Walking_old_man,Gwangju,Jan  4 2018  8:04PM,1
37,Chungcheongnamdo,2013,3,Walking_old_man,Chungcheongnamdo,Jan  4 2018  8:04PM,1
37,Chungcheongnamdo,2013,4,Walking_old_man,Chungcheongnamdo,Jan  4 2018  8:04PM,1
26,Busan,2013,4,Walking_old_man,Busan,Jan  4 2018  8:04PM,1
34,Seoul,2013,4,Bicycle,Seoul,Jan  4 2018  8:04PM,1
26,Busan,2013,3,Walking_old_man,Busan,Jan  4 2018  8:04PM,1
29,Gyeonggi,2013,3,Walking_old_man,Gyeonggi,Jan  4 2018  8:04PM,1
29,Gyeonggi,2013,3,Walking_old_man,Gyeonggi,Jan  4 2018  8:04PM,1
29,Gyeonggi,2013,6,Walking_old_man,Gyeonggi,Jan  4 2018  8:04PM,1
29,Gyeonggi,2013,5,Walking_old_man,Gyeonggi,Jan  4 2018  8:04PM,1
34,Seoul,2013,4,Bicycle,Seoul,Jan  4 2018  8:04PM,1
34,Seoul,2013,5,Bicycle,Seoul,Jan  4 2018  8:04PM,1
26,Busan,2013,4,Walking_old_man,Busan,Jan  4 2018  8:04PM,1
25,Jeollanamdo,2013,2,School_zone_children,Jeollanamdo,Jan  4 2018  8:04PM,1
34,Seoul,2013,5,Bicycle,Seoul,Jan  4 2018  8:04PM,1
34,Seoul,2013,6,Bicycle,Seoul,Jan  4 2018  8:04PM,1
37,Chungcheongnamdo,2013,6,Walking_old_man,Chungcheongnamdo,Jan  4 2018  8:04PM,1
34,Seoul,2013,6,Bicycle,Seoul,Jan  4 2018  8:04PM,1
37,Chungcheongnamdo,2013,3,Walking_old_man,Chungcheongnamdo,Jan  4 2018  8:04PM,1
24,Seoul,2013,3,Walking_old_man,Seoul,Jan  4 2018  8:04PM,1
25,Chungcheongbukdo,2013,2,School_zone_children,Chungcheongbukdo,Jan  4 2018  8:04PM,1
24,Seoul,2013,3,Walking_old_man,Seoul,Jan  4 2018  8:04PM,1
34,Seoul,2013,7,Bicycle,Seoul,Jan  4 2018  8:04PM,1
26,Busan,2013,3,Walking_old_man,Busan,Jan  4 2018  8:04PM,1
26,Busan,2013,4,Walking_old_man,Busan,Jan  4 2018  8:04PM,1
37,Chungcheongnamdo,2013,3,Walking_old_man,Chungcheongnamdo,Jan  4 2018  8:04PM,1
28,Gyeonggi,2013,4,Walking_old_man,Gyeonggi,Jan  4 2018  8:04PM,1
26,Busan,2013,4,Walking_old_man,Busan,Jan  4 2018  8:04PM,1
26,Busan,2013,4,Walking_old_man,Busan,Jan  4 2018  8:04PM,1
25,Chungcheongbukdo,2013,2,School_zone_children,Chungcheongbukdo,Jan  4 2018  8:04PM,1
25,Chungcheongbukdo,2013,2,School_zone_children,Chungcheongbukdo,Jan  4 2018  8:04PM,1
24,Seoul,2013,2,Walking_old_man,Seoul,Jan  4 2018  8:04PM,1
37,Chungcheongbukdo,2013,5,Walking_old_man,Chungcheongbukdo,Jan  4 2018  8:04PM,1
27,Gwangju,2013,4,Walking_old_man,Gwangju,Jan  4 2018  8:04PM,1
29,Gyeonggi,2013,7,Walking_old_man,Gyeonggi,Jan  4 2018  8:04PM,1
34,Seoul,2013,8,Bicycle,Seoul,Jan  4 2018  8:04PM,1
25,Gyeonggi,2013,2,School_zone_children,Gyeonggi,Jan  4 2018  8:04PM,1
37,Chungcheongbukdo,2013,3,Walking_old_man,Chungcheongbukdo,Jan  4 2018  8:04PM,1
37,Chungcheongbukdo,2013,3,Walking_old_man,Chungcheongbukdo,Jan  4 2018  8:04PM,1
37,Chungcheongbukdo,2013,4,Walking_old_man,Chungcheongbukdo,Jan  4 2018  8:04PM,1
37,Chungcheongbukdo,2013,3,Walking_old_man,Chungcheongbukdo,Jan  4 2018  8:04PM,1
37,Chungcheongbukdo,2013,3,Walking_old_man,Chungcheongbukdo,Jan  4 2018  8:04PM,1
37,Chungcheongbukdo,2013,3,Walking_old_man,Chungcheongbukdo,Jan  4 2018  8:04PM,1
27,Gyeonggi,2013,4,Walking_old_man,Gyeonggi,Jan  4 2018  8:04PM,1
30,Gyeonggi,2013,3,Walking_old_man,Gyeonggi,Jan  4 2018  8:04PM,1
24,Seoul,2013,3,Walking_old_man,Seoul,Jan  4 2018  8:04PM,1
37,Gyeongsangbukdo,2013,3,Walking_old_man,Gyeongsangbukdo,Jan  4 2018  8:04PM,1
37,Gyeongsangbukdo,2013,3,Walking_old_man,Gyeongsangbukdo,Jan  4 2018  8:04PM,1
37,Gyeongsangnamdo,2013,7,Walking_old_man,Gyeongsangnamdo,Jan  4 2018  8:04PM,1
34,Seoul,2013,5,Bicycle,Seoul,Jan  4 2018  8:04PM,1
26,Busan,2013,3,Walking_old_man,Busan,Jan  4 2018  8:04PM,1
37,Gyeongsangnamdo,2013,5,Walking_old_man,Gyeongsangnamdo,Jan  4 2018  8:04PM,1
25,Gyeonggi,2013,2,School_zone_children,Gyeonggi,Jan  4 2018  8:04PM,1
37,Chungcheongbukdo,2013,4,Walking_old_man,Chungcheongbukdo,Jan  4 2018  8:04PM,1
26,Busan,2013,3,Walking_old_man,Busan,Jan  4 2018  8:04PM,1
37,Gyeongsangbukdo,2013,3,Walking_old_man,Gyeongsangbukdo,Jan  4 2018  8:04PM,1
37,Gyeongsangbukdo,2013,4,Walking_old_man,Gyeongsangbukdo,Jan  4 2018  8:04PM,1
34,Seoul,2013,5,Bicycle,Seoul,Jan  4 2018  8:04PM,1
37,Gyeongsangbukdo,2013,3,Walking_old_man,Gyeongsangbukdo,Jan  4 2018  8:04PM,1
34,Seoul,2013,4,Bicycle,Seoul,Jan  4 2018  8:04PM,1
24,Seoul,2013,3,Walking_old_man,Seoul,Jan  4 2018  8:04PM,1
37,Jeollanamdo,2013,5,Walking_old_man,Jeollanamdo,Jan  4 2018  8:04PM,1
37,Jeollanamdo,2013,5,Walking_old_man,Jeollanamdo,Jan  4 2018  8:04PM,1
25,Seoul,2013,5,Walking_old_man,Seoul,Jan  4 2018  8:04PM,1
25,Seoul,2013,5,Walking_old_man,Seoul,Jan  4 2018  8:04PM,1
23,Seoul,2013,3,Walking_old_man,Seoul,Jan  4 2018  8:04PM,1
29,Gyeonggi,2013,3,Walking_old_man,Gyeonggi,Jan  4 2018  8:04PM,1
26,Daegu,2013,5,Walking_old_man,Daegu,Jan  4 2018  8:04PM,1
34,Seoul,2013,4,Bicycle,Seoul,Jan  4 2018  8:04PM,1
34,Seoul,2013,4,Bicycle,Seoul,Jan  4 2018  8:04PM,1
26,Daegu,2013,3,Walking_old_man,Daegu,Jan  4 2018  8:04PM,1
26,Daegu,2013,3,Walking_old_man,Daegu,Jan  4 2018  8:04PM,1
26,Daegu,2013,5,Walking_old_man,Daegu,Jan  4 2018  8:04PM,1
26,Daegu,2013,3,Walking_old_man,Daegu,Jan  4 2018  8:04PM,1
29,Gyeonggi,2013,4,Walking_old_man,Gyeonggi,Jan  4 2018  8:04PM,1
33,Gyeongsangnamdo,2013,3,Walking_old_man,Gyeongsangnamdo,Jan  4 2018  8:04PM,1
35,Seoul,2013,4,Bicycle,Seoul,Jan  4 2018  8:04PM,1
26,Daegu,2013,3,Walking_old_man,Daegu,Jan  4 2018  8:04PM,1
34,Seoul,2013,4,Bicycle,Seoul,Jan  4 2018  8:04PM,1
29,Gyeonggi,2013,4,Walking_old_man,Gyeonggi,Jan  4 2018  8:04PM,1
26,Daegu,2013,3,Walking_old_man,Daegu,Jan  4 2018  8:04PM,1
37,Jeollabukdo,2013,7,Walking_old_man,Jeollabukdo,Jan  4 2018  8:04PM,1
37,Gyeongsangnamdo,2013,5,Walking_old_man,Gyeongsangnamdo,Jan  4 2018  8:04PM,1
37,Jeollabukdo,2013,3,Walking_old_man,Jeollabukdo,Jan  4 2018  8:04PM,1
27,Gwangju,2013,3,Walking_old_man,Gwangju,Jan  4 2018  8:04PM,1
27,Gwangju,2013,3,Walking_old_man,Gwangju,Jan  4 2018  8:04PM,1
27,Gwangju,2013,3,Walking_old_man,Gwangju,Jan  4 2018  8:04PM,1
27,Gwangju,2013,3,Walking_old_man,Gwangju,Jan  4 2018  8:04PM,1
37,Jeollabukdo,2013,7,Walking_old_man,Jeollabukdo,Jan  4 2018  8:04PM,1
25,Seoul,2013,4,Walking_old_man,Seoul,Jan  4 2018  8:04PM,1
27,Gwangju,2013,4,Walking_old_man,Gwangju,Jan  4 2018  8:04PM,1
37,Jeollabukdo,2013,3,Walking_old_man,Jeollabukdo,Jan  4 2018  8:04PM,1
37,Jeollabukdo,2013,3,Walking_old_man,Jeollabukdo,Jan  4 2018  8:04PM,1
37,Gyeongsangnamdo,2013,3,Walking_old_man,Gyeongsangnamdo,Jan  4 2018  8:04PM,1
37,Gyeongsangnamdo,2013,3,Walking_old_man,Gyeongsangnamdo,Jan  4 2018  8:04PM,1
34,Seoul,2013,4,Bicycle,Seoul,Jan  4 2018  8:04PM,1
34,Seoul,2013,4,Bicycle,Seoul,Jan  4 2018  8:04PM,1
34,Seoul,2013,7,Bicycle,Seoul,Jan  4 2018  8:04PM,1
31,Gyeongsangnamdo,2013,3,Walking_old_man,Gyeongsangnamdo,Jan  4 2018  8:04PM,1
37,Jeollabukdo,2013,3,Walking_old_man,Jeollabukdo,Jan  4 2018  8:04PM,1
34,Seoul,2013,5,Bicycle,Seoul,Jan  4 2018  8:04PM,1
29,Gyeonggi,2013,8,Walking_old_man,Gyeonggi,Jan  4 2018  8:04PM,1
35,Seoul,2013,5,Bicycle,Seoul,Jan  4 2018  8:04PM,1
26,Daegu,2013,3,Walking_old_man,Daegu,Jan  4 2018  8:04PM,1
37,Jeollabukdo,2013,4,Walking_old_man,Jeollabukdo,Jan  4 2018  8:04PM,1
35,Seoul,2013,5,Bicycle,Seoul,Jan  4 2018  8:04PM,1
34,Seoul,2013,7,Bicycle,Seoul,Jan  4 2018  8:04PM,1
26,Daegu,2013,4,Walking_old_man,Daegu,Jan  4 2018  8:04PM,1
29,Gyeonggi,2013,5,Walking_old_man,Gyeonggi,Jan  4 2018  8:04PM,1
34,Seoul,2013,7,Bicycle,Seoul,Jan  4 2018  8:04PM,1
29,Gyeonggi,2013,5,Walking_old_man,Gyeonggi,Jan  4 2018  8:04PM,1
25,Seoul,2013,5,Walking_old_man,Seoul,Jan  4 2018  8:04PM,1
34,Seoul,2013,5,Bicycle,Seoul,Jan  4 2018  8:04PM,1
26,Daegu,2013,5,Walking_old_man,Daegu,Jan  4 2018  8:04PM,1
25,Jeju,2013,2,School_zone_children,Jeju,Jan  4 2018  8:04PM,1
25,Jeju,2013,2,School_zone_children,Jeju,Jan  4 2018  8:04PM,1
24,Seoul,2013,3,Walking_old_man,Seoul,Jan  4 2018  8:04PM,1
37,Jeollabukdo,2013,3,Walking_old_man,Jeollabukdo,Jan  4 2018  8:04PM,1
26,Daegu,2013,6,Walking_old_man,Daegu,Jan  4 2018  8:04PM,1
29,Gyeonggi,2013,3,Walking_old_man,Gyeonggi,Jan  4 2018  8:04PM,1
37,Jeollabukdo,2013,3,Walking_old_man,Jeollabukdo,Jan  4 2018  8:04PM,1
25,Gyeongsangnamdo,2013,2,School_zone_children,Gyeongsangnamdo,Jan  4 2018  8:04PM,1
24,Seoul,2013,3,Walking_old_man,Seoul,Jan  4 2018  8:04PM,1
26,Daegu,2013,3,Walking_old_man,Daegu,Jan  4 2018  8:04PM,1
37,Jeollabukdo,2013,3,Walking_old_man,Jeollabukdo,Jan  4 2018  8:04PM,1
37,Jeollabukdo,2013,4,Walking_old_man,Jeollabukdo,Jan  4 2018  8:04PM,1
35,Seoul,2013,5,Bicycle,Seoul,Jan  4 2018  8:04PM,1
37,Gyeongsangnamdo,2013,3,Walking_old_man,Gyeongsangnamdo,Jan  4 2018  8:04PM,1
29,Gyeonggi,2013,3,Walking_old_man,Gyeonggi,Jan  4 2018  8:04PM,1
37,Jeollabukdo,2013,3,Walking_old_man,Jeollabukdo,Jan  4 2018  8:04PM,1
26,Daegu,2013,3,Walking_old_man,Daegu,Jan  4 2018  8:04PM,1
25,Gyeongsangbukdo,2013,2,School_zone_children,Gyeongsangbukdo,Jan  4 2018  8:04PM,1
37,Jeollabukdo,2013,4,Walking_old_man,Jeollabukdo,Jan  4 2018  8:04PM,1
29,Gyeonggi,2013,3,Walking_old_man,Gyeonggi,Jan  4 2018  8:04PM,1
37,Jeollabukdo,2013,5,Walking_old_man,Jeollabukdo,Jan  4 2018  8:04PM,1
29,Gyeonggi,2013,5,Walking_old_man,Gyeonggi,Jan  4 2018  8:04PM,1
37,Jeollabukdo,2013,8,Walking_old_man,Jeollabukdo,Jan  4 2018  8:04PM,1
28,Gyeonggi,2013,3,Walking_old_man,Gyeonggi,Jan  4 2018  8:04PM,1
37,Jeollabukdo,2013,8,Walking_old_man,Jeollabukdo,Jan  4 2018  8:04PM,1
27,Gwangju,2013,4,Walking_old_man,Gwangju,Jan  4 2018  8:04PM,1
33,Gyeongsangnamdo,2013,4,Walking_old_man,Gyeongsangnamdo,Jan  4 2018  8:04PM,1
34,Seoul,2013,4,Bicycle,Seoul,Jan  4 2018  8:04PM,1
37,Jeollabukdo,2013,6,Walking_old_man,Jeollabukdo,Jan  4 2018  8:04PM,1
29,Gyeonggi,2013,4,Walking_old_man,Gyeonggi,Jan  4 2018  8:04PM,1
37,Jeollabukdo,2013,5,Walking_old_man,Jeollabukdo,Jan  4 2018  8:04PM,1
37,Jeollabukdo,2013,4,Walking_old_man,Jeollabukdo,Jan  4 2018  8:04PM,1
26,Daegu,2013,3,Walking_old_man,Daegu,Jan  4 2018  8:04PM,1
26,Daegu,2013,6,Walking_old_man,Daegu,Jan  4 2018  8:04PM,1
34,Seoul,2013,5,Bicycle,Seoul,Jan  4 2018  8:04PM,1
25,Gyeongsangbukdo,2013,3,School_zone_children,Gyeongsangbukdo,Jan  4 2018  8:04PM,1
35,Seoul,2013,6,Bicycle,Seoul,Jan  4 2018  8:04PM,1
34,Seoul,2013,7,Bicycle,Seoul,Jan  4 2018  8:04PM,1
29,Gyeonggi,2013,3,Walking_old_man,Gyeonggi,Jan  4 2018  8:04PM,1
29,Gyeonggi,2013,6,Walking_old_man,Gyeonggi,Jan  4 2018  8:04PM,1
37,Jeollabukdo,2013,3,Walking_old_man,Jeollabukdo,Jan  4 2018  8:04PM,1
34,Seoul,2013,4,Bicycle,Seoul,Jan  4 2018  8:04PM,1
27,Gwangju,2013,4,Walking_old_man,Gwangju,Jan  4 2018  8:04PM,1
37,Jeollabukdo,2013,3,Walking_old_man,Jeollabukdo,Jan  4 2018  8:04PM,1
37,Jeollabukdo,2013,3,Walking_old_man,Jeollabukdo,Jan  4 2018  8:04PM,1
26,Daegu,2013,4,Walking_old_man,Daegu,Jan  4 2018  8:04PM,1
29,Gyeonggi,2013,3,Walking_old_man,Gyeonggi,Jan  4 2018  8:04PM,1
25,Jeollanamdo,2013,3,School_zone_children,Jeollanamdo,Jan  4 2018  8:04PM,1
24,Seoul,2013,4,Walking_old_man,Seoul,Jan  4 2018  8:04PM,1
34,Seoul,2013,4,Bicycle,Seoul,Jan  4 2018  8:04PM,1
27,Gwangju,2013,4,Walking_old_man,Gwangju,Jan  4 2018  8:04PM,1
37,Jeollabukdo,2013,4,Walking_old_man,Jeollabukdo,Jan  4 2018  8:04PM,1
34,Seoul,2013,4,Bicycle,Seoul,Jan  4 2018  8:04PM,1
26,Daegu,2013,3,Walking_old_man,Daegu,Jan  4 2018  8:04PM,1
26,Daegu,2013,3,Walking_old_man,Daegu,Jan  4 2018  8:04PM,1
27,Gwangju,2013,6,Walking_old_man,Gwangju,Jan  4 2018  8:04PM,1
25,Seoul,2013,3,Walking_old_man,Seoul,Jan  4 2018  8:04PM,1
37,Gyeongsangnamdo,2013,3,Walking_old_man,Gyeongsangnamdo,Jan  4 2018  8:04PM,1
26,Daegu,2013,3,Walking_old_man,Daegu,Jan  4 2018  8:04PM,1
37,Chungcheongnamdo,2013,3,Walking_old_man,Chungcheongnamdo,Jan  4 2018  8:04PM,1
37,Jeollabukdo,2013,7,Walking_old_man,Jeollabukdo,Jan  4 2018  8:04PM,1
37,Gyeongsangnamdo,2013,5,Walking_old_man,Gyeongsangnamdo,Jan  4 2018  8:04PM,1
34,Seoul,2013,5,Bicycle,Seoul,Jan  4 2018  8:04PM,1
37,Chungcheongnamdo,2013,6,Walking_old_man,Chungcheongnamdo,Feb  4 2018  8:219PM,1
29,Gyeonggi,2013,3,Walking_old_man,Gyeonggi,Feb  4 2018  8:219PM,1
37,Chungcheongnamdo,2013,4,Walking_old_man,Chungcheongnamdo,Feb  4 2018  8:219PM,1
24,Seoul,2013,4,Walking_old_man,Seoul,Feb  4 2018  8:219PM,1
37,Jeollanamdo,2013,3,Walking_old_man,Jeollanamdo,Feb  4 2018  8:219PM,1
29,Gyeonggi,2013,4,Walking_old_man,Gyeonggi,Feb  4 2018  8:219PM,1
29,Gyeonggi,2013,3,Walking_old_man,Gyeonggi,Feb  4 2018  8:219PM,1
26,Daegu,2013,4,Walking_old_man,Daegu,Feb  4 2018  8:219PM,1
37,Jeollanamdo,2013,3,Walking_old_man,Jeollanamdo,Feb  4 2018  8:219PM,1
37,Jeollanamdo,2013,3,Walking_old_man,Jeollanamdo,Feb  4 2018  8:219PM,1
37,Jeollanamdo,2013,4,Walking_old_man,Jeollanamdo,Feb  4 2018  8:219PM,1
37,Jeollanamdo,2013,3,Walking_old_man,Jeollanamdo,Feb  4 2018  8:219PM,1
29,Gyeonggi,2013,3,Walking_old_man,Gyeonggi,Feb  4 2018  8:219PM,1
37,Jeollanamdo,2013,2,Walking_old_man,Jeollanamdo,Feb  4 2018  8:219PM,1
37,Jeollanamdo,2013,14,Walking_old_man,Jeollanamdo,Feb  4 2018  8:219PM,1
37,Jeollanamdo,2013,7,Walking_old_man,Jeollanamdo,Feb  4 2018  8:219PM,1
37,Jeollanamdo,2013,4,Walking_old_man,Jeollanamdo,Feb  4 2018  8:219PM,1
37,Jeollanamdo,2013,3,Walking_old_man,Jeollanamdo,Feb  4 2018  8:219PM,1
23,Seoul,2013,5,Walking_old_man,Seoul,Feb  4 2018  8:219PM,1
37,Jeollanamdo,2013,3,Walking_old_man,Jeollanamdo,Feb  4 2018  8:219PM,1
37,Jeollanamdo,2013,3,Walking_old_man,Jeollanamdo,Feb  4 2018  8:219PM,1
37,Jeollanamdo,2013,3,Walking_old_man,Jeollanamdo,Feb  4 2018  8:219PM,1
30,Gyeonggi,2013,3,Walking_old_man,Gyeonggi,Feb  4 2018  8:219PM,1
25,Seoul,2013,3,Walking_old_man,Seoul,Feb  4 2018  8:219PM,1
27,Gwangju,2013,4,Walking_old_man,Gwangju,Feb  4 2018  8:219PM,1
27,Gwangju,2013,3,Walking_old_man,Gwangju,Feb  4 2018  8:219PM,1
27,Gwangju,2013,3,Walking_old_man,Gwangju,Feb  4 2018  8:219PM,1
27,Daejeon,2013,5,Walking_old_man,Daejeon,Feb  4 2018  8:219PM,1
27,Daejeon,2013,4,Walking_old_man,Daejeon,Feb  4 2018  8:219PM,1
27,Daejeon,2013,3,Walking_old_man,Daejeon,Feb  4 2018  8:219PM,1
27,Gwangju,2013,3,Walking_old_man,Gwangju,Feb  4 2018  8:219PM,1
34,Seoul,2013,6,Bicycle,Seoul,Feb  4 2018  8:219PM,1
26,Daegu,2013,4,Walking_old_man,Daegu,Feb  4 2018  8:219PM,1
24,Seoul,2013,5,Walking_old_man,Seoul,Feb  4 2018  8:219PM,1
34,Seoul,2013,4,Bicycle,Seoul,Feb  4 2018  8:219PM,1
37,Jeollanamdo,2013,3,Walking_old_man,Jeollanamdo,Feb  4 2018  8:219PM,1
26,Daegu,2013,5,Walking_old_man,Daegu,Feb  4 2018  8:219PM,1
37,Jeollanamdo,2013,4,Walking_old_man,Jeollanamdo,Feb  4 2018  8:219PM,1
25,Seoul,2013,5,Walking_old_man,Seoul,Feb  4 2018  8:219PM,1
30,Gyeonggi,2013,9,Walking_old_man,Gyeonggi,Feb  4 2018  8:219PM,1
26,Daegu,2013,8,Walking_old_man,Daegu,Feb  4 2018  8:219PM,1
25,Seoul,2013,8,Walking_old_man,Seoul,Feb  4 2018  8:219PM,1
25,Seoul,2013,5,Walking_old_man,Seoul,Feb  4 2018  8:219PM,1
34,Seoul,2013,4,Bicycle,Seoul,Feb  4 2018  8:219PM,1
34,Seoul,2013,4,Bicycle,Seoul,Feb  4 2018  8:219PM,1
26,Daegu,2013,4,Walking_old_man,Daegu,Feb  4 2018  8:219PM,1
25,Seoul,2013,3,Walking_old_man,Seoul,Feb  4 2018  8:219PM,1
33,Gyeongsangnamdo,2013,4,Walking_old_man,Gyeongsangnamdo,Feb  4 2018  8:219PM,1
26,Daegu,2013,4,Walking_old_man,Daegu,Feb  4 2018  8:219PM,1
37,Jeollanamdo,2013,4,Walking_old_man,Jeollanamdo,Feb  4 2018  8:219PM,1
26,Daegu,2013,3,Walking_old_man,Daegu,Feb  4 2018  8:219PM,1
26,Daegu,2013,6,Walking_old_man,Daegu,Feb  4 2018  8:219PM,1
25,Seoul,2013,3,Walking_old_man,Seoul,Feb  4 2018  8:219PM,1
34,Seoul,2013,5,Bicycle,Seoul,Feb  4 2018  8:219PM,1
34,Seoul,2013,4,Bicycle,Seoul,Feb  4 2018  8:219PM,1
34,Seoul,2013,4,Bicycle,Seoul,Feb  4 2018  8:219PM,1
24,Seoul,2013,6,Walking_old_man,Seoul,Feb  4 2018  8:219PM,1
34,Seoul,2013,8,Bicycle,Seoul,Feb  4 2018  8:219PM,1
34,Seoul,2013,6,Bicycle,Seoul,Feb  4 2018  8:219PM,1
34,Seoul,2013,5,Bicycle,Seoul,Feb  4 2018  8:219PM,1
25,Seoul,2013,4,Walking_old_man,Seoul,Feb  4 2018  8:219PM,1
33,Gyeongsangnamdo,2013,5,Walking_old_man,Gyeongsangnamdo,Feb  4 2018  8:219PM,1
29,Gyeonggi,2013,4,Walking_old_man,Gyeonggi,Feb  4 2018  8:219PM,1
25,Seoul,2013,5,Walking_old_man,Seoul,Feb  4 2018  8:219PM,1
37,Gyeongsangnamdo,2013,3,Walking_old_man,Gyeongsangnamdo,Feb  4 2018  8:219PM,1
26,Daegu,2013,4,Walking_old_man,Daegu,Feb  4 2018  8:219PM,1
26,Daegu,2013,4,Walking_old_man,Daegu,Feb  4 2018  8:219PM,1
26,Busan,2013,3,Walking_old_man,Busan,Feb  4 2018  8:219PM,1
26,Busan,2013,3,Walking_old_man,Busan,Feb  4 2018  8:219PM,1
26,Busan,2013,4,Walking_old_man,Busan,Feb  4 2018  8:219PM,1
25,Daejeon,2013,2,School_zone_children,Daejeon,Feb  4 2018  8:219PM,2
25,Daejeon,2013,2,School_zone_children,Daejeon,Feb  4 2018  8:219PM,2
24,Seoul,2013,3,Walking_old_man,Seoul,Feb  4 2018  8:219PM,2
25,Daegu,2013,2,School_zone_children,Daegu,Feb  4 2018  8:219PM,1
34,Seoul,2013,6,Bicycle,Seoul,Feb  4 2018  8:219PM,1
34,Seoul,2013,7,Bicycle,Seoul,Feb  4 2018  8:219PM,2
34,Seoul,2013,6,Bicycle,Seoul,Feb  4 2018  8:219PM,2
34,Seoul,2013,6,Bicycle,Seoul,Feb  4 2018  8:219PM,2
34,Seoul,2013,6,Bicycle,Seoul,Feb  4 2018  8:219PM,1
34,Seoul,2013,6,Bicycle,Seoul,Feb  4 2018  8:219PM,1
23,Seoul,2013,4,Walking_old_man,Seoul,Feb  4 2018  8:219PM,1
24,Seoul,2013,4,Walking_old_man,Seoul,Feb  4 2018  8:219PM,1
24,Seoul,2013,4,Walking_old_man,Seoul,Feb  4 2018  8:219PM,1
25,Seoul,2013,2,School_zone_children,Seoul,Feb  4 2018  8:219PM,2
25,Seoul,2013,2,School_zone_children,Seoul,Feb  4 2018  8:219PM,2
25,Seoul,2013,2,School_zone_children,Seoul,Feb  4 2018  8:219PM,2
25,Seoul,2013,2,School_zone_children,Seoul,Feb  4 2018  8:219PM,2
25,Seoul,2013,2,School_zone_children,Seoul,Feb  4 2018  8:219PM,2
25,Busan,2013,2,School_zone_children,Busan,Feb  4 2018  8:219PM,2
24,Seoul,2013,3,Walking_old_man,Seoul,Feb  4 2018  8:219PM,2
24,Seoul,2013,3,Walking_old_man,Seoul,Feb  4 2018  8:219PM,2
24,Seoul,2013,6,Walking_old_man,Seoul,Feb  4 2018  8:219PM,2
24,Seoul,2013,6,Walking_old_man,Seoul,Feb  4 2018  8:219PM,2
24,Seoul,2013,5,Walking_old_man,Seoul,Feb  4 2018  8:219PM,2
34,Seoul,2013,9,Bicycle,Seoul,Feb  4 2018  8:219PM,1
34,Seoul,2013,8,Bicycle,Seoul,Feb  4 2018  8:219PM,1
34,Seoul,2013,4,Bicycle,Seoul,Feb  4 2018  8:219PM,2
34,Seoul,2013,4,Bicycle,Seoul,Feb  4 2018  8:219PM,2
34,Seoul,2013,4,Bicycle,Seoul,Feb  4 2018  8:219PM,2
34,Seoul,2013,11,Bicycle,Seoul,Feb  4 2018  8:219PM,2
34,Seoul,2013,10,Bicycle,Seoul,Feb  4 2018  8:219PM,2
37,Gangwon,2013,4,Walking_old_man,Gangwon,Feb  4 2018  8:219PM,2
37,Gangwon,2013,3,Walking_old_man,Gangwon,Feb  4 2018  8:219PM,2
37,Gangwon,2013,3,Walking_old_man,Gangwon,Feb  4 2018  8:219PM,2
37,Gangwon,2013,3,Walking_old_man,Gangwon,Feb  4 2018  8:219PM,2
37,Gangwon,2013,5,Walking_old_man,Gangwon,Feb  4 2018  8:219PM,2
27,Incheon,2013,3,Walking_old_man,Incheon,Feb  4 2018  8:219PM,1
26,Busan,2013,3,Walking_old_man,Busan,Feb  4 2018  8:219PM,2
26,Busan,2013,3,Walking_old_man,Busan,Feb  4 2018  8:219PM,2
26,Busan,2013,3,Walking_old_man,Busan,Feb  4 2018  8:219PM,2
26,Busan,2013,3,Walking_old_man,Busan,Feb  4 2018  8:219PM,2
26,Busan,2013,7,Walking_old_man,Busan,Feb  4 2018  8:219PM,2
26,Busan,2013,5,Walking_old_man,Busan,Feb  4 2018  8:219PM,2
26,Busan,2013,5,Walking_old_man,Busan,Feb  4 2018  8:219PM,2
26,Busan,2013,4,Walking_old_man,Busan,Feb  4 2018  8:219PM,2
26,Busan,2013,4,Walking_old_man,Busan,Feb  4 2018  8:219PM,2
26,Busan,2013,3,Walking_old_man,Busan,Feb  4 2018  8:219PM,2
26,Busan,2013,3,Walking_old_man,Busan,Feb  4 2018  8:219PM,2
26,Busan,2013,3,Walking_old_man,Busan,Feb  4 2018  8:219PM,2
26,Busan,2013,9,Walking_old_man,Busan,Feb  4 2018  8:219PM,2
26,Busan,2013,4,Walking_old_man,Busan,Feb  4 2018  8:219PM,2
26,Busan,2013,4,Walking_old_man,Busan,Feb  4 2018  8:219PM,2
26,Busan,2013,3,Walking_old_man,Busan,Mar  4 2018  8:219PM,2
26,Busan,2013,5,Walking_old_man,Busan,Mar  4 2018  8:219PM,2
26,Busan,2013,4,Walking_old_man,Busan,Mar  4 2018  8:219PM,2
24,Seoul,2013,5,Walking_old_man,Seoul,Mar  4 2018  8:219PM,1
24,Seoul,2013,3,Walking_old_man,Seoul,Mar  4 2018  8:219PM,1
34,Jeju,2013,3,Walking_old_man,Jeju,Mar  4 2018  8:219PM,1
37,Gangwon,2013,5,Walking_old_man,Gangwon,Mar  4 2018  8:219PM,1
27,Incheon,2013,6,Walking_old_man,Incheon,Mar  4 2018  8:219PM,2
27,Incheon,2013,3,Walking_old_man,Incheon,Mar  4 2018  8:219PM,2
26,Seoul,2013,5,Walking_old_man,Seoul,Mar  4 2018  8:219PM,2
26,Seoul,2013,3,Walking_old_man,Seoul,Mar  4 2018  8:219PM,2
26,Seoul,2013,3,Walking_old_man,Seoul,Mar  4 2018  8:219PM,2
26,Seoul,2013,5,Walking_old_man,Seoul,Mar  4 2018  8:219PM,2
26,Seoul,2013,4,Walking_old_man,Seoul,Mar  4 2018  8:219PM,2
26,Seoul,2013,6,Walking_old_man,Seoul,Mar  4 2018  8:219PM,2
26,Seoul,2013,5,Walking_old_man,Seoul,Mar  4 2018  8:219PM,2
26,Seoul,2013,4,Walking_old_man,Seoul,Mar  4 2018  8:219PM,2
26,Seoul,2013,4,Walking_old_man,Seoul,Mar  4 2018  8:219PM,2
26,Seoul,2013,4,Walking_old_man,Seoul,Mar  4 2018  8:219PM,2
26,Seoul,2013,4,Walking_old_man,Seoul,Mar  4 2018  8:219PM,2
26,Seoul,2013,4,Walking_old_man,Seoul,Mar  4 2018  8:219PM,2
26,Seoul,2013,3,Walking_old_man,Seoul,Mar  4 2018  8:219PM,2
26,Seoul,2013,3,Walking_old_man,Seoul,Mar  4 2018  8:219PM,2
26,Seoul,2013,3,Walking_old_man,Seoul,Mar  4 2018  8:219PM,2
26,Seoul,2013,3,Walking_old_man,Seoul,Mar  4 2018  8:219PM,2
26,Seoul,2013,6,Walking_old_man,Seoul,Mar  4 2018  8:219PM,2
26,Seoul,2013,5,Walking_old_man,Seoul,Mar  4 2018  8:219PM,2
26,Seoul,2013,4,Walking_old_man,Seoul,Mar  4 2018  8:219PM,2
26,Seoul,2013,4,Walking_old_man,Seoul,Mar  4 2018  8:219PM,2
26,Seoul,2013,3,Walking_old_man,Seoul,Mar  4 2018  8:219PM,2
26,Seoul,2013,7,Walking_old_man,Seoul,Mar  4 2018  8:219PM,2
26,Seoul,2013,6,Walking_old_man,Seoul,Mar  4 2018  8:219PM,2
26,Seoul,2013,6,Walking_old_man,Seoul,Mar  4 2018  8:219PM,2
26,Seoul,2013,5,Walking_old_man,Seoul,Mar  4 2018  8:219PM,2
26,Seoul,2013,4,Walking_old_man,Seoul,Mar  4 2018  8:219PM,2
26,Seoul,2013,3,Walking_old_man,Seoul,Mar  4 2018  8:219PM,2
26,Seoul,2013,3,Walking_old_man,Seoul,Mar  4 2018  8:219PM,2
26,Seoul,2013,6,Walking_old_man,Seoul,Mar  4 2018  8:219PM,2
26,Seoul,2013,4,Walking_old_man,Seoul,Mar  4 2018  8:219PM,2
26,Seoul,2013,4,Walking_old_man,Seoul,Mar  4 2018  8:219PM,2
26,Seoul,2013,3,Walking_old_man,Seoul,Mar  4 2018  8:219PM,2
26,Seoul,2013,3,Walking_old_man,Seoul,Mar  4 2018  8:219PM,2
26,Seoul,2013,5,Walking_old_man,Seoul,Mar  4 2018  8:219PM,2
26,Seoul,2013,3,Walking_old_man,Seoul,Mar  4 2018  8:219PM,2
26,Seoul,2013,3,Walking_old_man,Seoul,Mar  4 2018  8:219PM,2
26,Seoul,2013,3,Walking_old_man,Seoul,Mar  4 2018  8:219PM,2
26,Seoul,2013,5,Walking_old_man,Seoul,Mar  4 2018  8:219PM,2
26,Seoul,2013,4,Walking_old_man,Seoul,Mar  4 2018  8:219PM,2
26,Seoul,2013,4,Walking_old_man,Seoul,Mar  4 2018  8:219PM,2
26,Seoul,2013,3,Walking_old_man,Seoul,Mar  4 2018  8:219PM,2
26,Busan,2013,4,Walking_old_man,Busan,Mar  4 2018  8:219PM,2
26,Busan,2013,4,Walking_old_man,Busan,Mar  4 2018  8:219PM,2
26,Busan,2013,3,Walking_old_man,Busan,Mar  4 2018  8:219PM,2
26,Busan,2013,3,Walking_old_man,Busan,Mar  4 2018  8:219PM,2
26,Busan,2013,5,Walking_old_man,Busan,Mar  4 2018  8:219PM,2
26,Busan,2013,5,Walking_old_man,Busan,Mar  4 2018  8:219PM,2
26,Busan,2013,3,Walking_old_man,Busan,Mar  4 2018  8:219PM,2
26,Busan,2013,3,Walking_old_man,Busan,Mar  4 2018  8:219PM,2
26,Busan,2013,3,Walking_old_man,Busan,Mar  4 2018  8:219PM,2
26,Busan,2013,3,Walking_old_man,Busan,Mar  4 2018  8:219PM,2
26,Busan,2013,6,Walking_old_man,Busan,Mar  4 2018  8:219PM,2
26,Busan,2013,4,Walking_old_man,Busan,Mar  4 2018  8:219PM,2
26,Busan,2013,4,Walking_old_man,Busan,Mar  4 2018  8:219PM,2
26,Busan,2013,3,Walking_old_man,Busan,Mar  4 2018  8:219PM,2
26,Busan,2013,3,Walking_old_man,Busan,Mar  4 2018  8:219PM,2
34,Seoul,2013,4,Bicycle,Seoul,Mar  4 2018  8:219PM,2
34,Seoul,2013,8,Bicycle,Seoul,Mar  4 2018  8:219PM,2
34,Seoul,2013,8,Bicycle,Seoul,Mar  4 2018  8:219PM,2
34,Seoul,2013,8,Bicycle,Seoul,Mar  4 2018  8:219PM,1
34,Seoul,2013,5,Bicycle,Seoul,Mar  4 2018  8:219PM,2
34,Seoul,2013,4,Bicycle,Seoul,Mar  4 2018  8:219PM,2
34,Seoul,2013,4,Bicycle,Seoul,Mar  4 2018  8:219PM,2
34,Seoul,2013,7,Bicycle,Seoul,Mar  4 2018  8:219PM,2
34,Seoul,2013,7,Bicycle,Seoul,Mar  4 2018  8:219PM,2
34,Seoul,2013,6,Bicycle,Seoul,Mar  4 2018  8:219PM,2
34,Seoul,2013,6,Bicycle,Seoul,Mar  4 2018  8:219PM,2
34,Seoul,2013,6,Bicycle,Seoul,Mar  4 2018  8:219PM,2
34,Seoul,2013,5,Bicycle,Seoul,Mar  4 2018  8:219PM,2
34,Seoul,2013,5,Bicycle,Seoul,Mar  4 2018  8:219PM,2
24,Seoul,2013,3,Walking_old_man,Seoul,Mar  4 2018  8:219PM,2
24,Seoul,2013,3,Walking_old_man,Seoul,Mar  4 2018  8:219PM,2
24,Seoul,2013,5,Walking_old_man,Seoul,Mar  4 2018  8:219PM,2
24,Seoul,2013,5,Walking_old_man,Seoul,Mar  4 2018  8:219PM,2
24,Seoul,2013,5,Walking_old_man,Seoul,Mar  4 2018  8:219PM,2
29,Gyeonggi,2013,4,Walking_old_man,Gyeonggi,Mar  4 2018  8:219PM,2
29,Gyeonggi,2013,4,Walking_old_man,Gyeonggi,Mar  4 2018  8:219PM,2
29,Gyeonggi,2013,5,Walking_old_man,Gyeonggi,Mar  4 2018  8:219PM,2
29,Gyeonggi,2013,4,Walking_old_man,Gyeonggi,Mar  4 2018  8:219PM,1
29,Gyeonggi,2013,4,Walking_old_man,Gyeonggi,Mar  4 2018  8:219PM,2
29,Gyeonggi,2013,6,Walking_old_man,Gyeonggi,Mar  4 2018  8:219PM,2
29,Gyeonggi,2013,4,Walking_old_man,Gyeonggi,Mar  4 2018  8:219PM,2
29,Gyeonggi,2013,4,Walking_old_man,Gyeonggi,Mar  4 2018  8:219PM,2
27,Incheon,2013,4,Walking_old_man,Incheon,Mar  4 2018  8:219PM,2
34,Jeju,2013,3,Walking_old_man,Jeju,Mar  4 2018  8:219PM,1
34,Jeju,2013,5,Walking_old_man,Jeju,Mar  4 2018  8:219PM,2
34,Jeju,2013,5,Walking_old_man,Jeju,Mar  4 2018  8:219PM,2
34,Jeju,2013,3,Walking_old_man,Jeju,Mar  4 2018  8:219PM,2
34,Jeju,2013,4,Walking_old_man,Jeju,Mar  4 2018  8:219PM,2
24,Seoul,2013,4,Walking_old_man,Seoul,Mar  4 2018  8:219PM,2
24,Seoul,2013,4,Walking_old_man,Seoul,Mar  4 2018  8:219PM,2
24,Seoul,2013,3,Walking_old_man,Seoul,Mar  4 2018  8:219PM,2
24,Seoul,2013,3,Walking_old_man,Seoul,Apr  4 2018  8:219PM,2
24,Seoul,2013,3,Walking_old_man,Seoul,Apr  4 2018  8:219PM,2
24,Seoul,2013,6,Walking_old_man,Seoul,Apr  4 2018  8:219PM,1
35,Seoul,2013,7,Bicycle,Seoul,Apr  4 2018  8:219PM,2
35,Seoul,2013,7,Bicycle,Seoul,Apr  4 2018  8:219PM,2
35,Seoul,2013,7,Bicycle,Seoul,Apr  4 2018  8:219PM,2
35,Seoul,2013,7,Bicycle,Seoul,Apr  4 2018  8:219PM,2
35,Seoul,2013,7,Bicycle,Seoul,Apr  4 2018  8:219PM,2
35,Seoul,2013,6,Bicycle,Seoul,Apr  4 2018  8:219PM,2
35,Seoul,2013,6,Bicycle,Seoul,Apr  4 2018  8:219PM,2
35,Seoul,2013,6,Bicycle,Seoul,Apr  4 2018  8:219PM,2
34,Gyeongsangnamdo,2013,4,Walking_old_man,Gyeongsangnamdo,Apr  4 2018  8:219PM,2
34,Gyeongsangnamdo,2013,3,Walking_old_man,Gyeongsangnamdo,Apr  4 2018  8:219PM,2
34,Gyeongsangnamdo,2013,5,Walking_old_man,Gyeongsangnamdo,Apr  4 2018  8:219PM,2
34,Gyeongsangnamdo,2013,4,Walking_old_man,Gyeongsangnamdo,Apr  4 2018  8:219PM,2
34,Gyeongsangnamdo,2013,3,Walking_old_man,Gyeongsangnamdo,Apr  4 2018  8:219PM,2
34,Jeju,2013,8,Walking_old_man,Jeju,Apr  4 2018  8:219PM,1
29,Gyeonggi,2013,3,Walking_old_man,Gyeonggi,Apr  4 2018  8:219PM,1
29,Gyeonggi,2013,3,Walking_old_man,Gyeonggi,Apr  4 2018  8:219PM,1
29,Gyeonggi,2013,3,Walking_old_man,Gyeonggi,Apr  4 2018  8:219PM,2
29,Gyeonggi,2013,4,Walking_old_man,Gyeonggi,Apr  4 2018  8:219PM,2
29,Gyeonggi,2013,4,Walking_old_man,Gyeonggi,Apr  4 2018  8:219PM,2
26,Busan,2013,4,Walking_old_man,Busan,Apr  4 2018  8:219PM,1
34,Jeju,2013,3,Walking_old_man,Jeju,Apr  4 2018  8:219PM,1
34,Seoul,2013,4,Bicycle,Seoul,Apr  4 2018  8:219PM,1
34,Seoul,2013,7,Bicycle,Seoul,Apr  4 2018  8:219PM,1
34,Seoul,2013,4,Bicycle,Seoul,Apr  4 2018  8:219PM,1
26,Seoul,2013,4,Walking_old_man,Seoul,Apr  4 2018  8:219PM,2
26,Seoul,2013,4,Walking_old_man,Seoul,Apr  4 2018  8:219PM,2
26,Seoul,2013,4,Walking_old_man,Seoul,Apr  4 2018  8:219PM,2
26,Seoul,2013,3,Walking_old_man,Seoul,Apr  4 2018  8:219PM,2
26,Seoul,2013,3,Walking_old_man,Seoul,Apr  4 2018  8:219PM,2
26,Seoul,2013,3,Walking_old_man,Seoul,Apr  4 2018  8:219PM,2
26,Seoul,2013,5,Walking_old_man,Seoul,Apr  4 2018  8:219PM,2
29,Gyeonggi,2013,5,Walking_old_man,Gyeonggi,Apr  4 2018  8:219PM,2
29,Gyeonggi,2013,5,Walking_old_man,Gyeonggi,Apr  4 2018  8:219PM,2
37,Gangwon,2013,5,Walking_old_man,Gangwon,Apr  4 2018  8:219PM,1
37,Gangwon,2013,3,Walking_old_man,Gangwon,Apr  4 2018  8:219PM,2
37,Gangwon,2013,3,Walking_old_man,Gangwon,Apr  4 2018  8:219PM,2
37,Gangwon,2013,3,Walking_old_man,Gangwon,Apr  4 2018  8:219PM,2
37,Gangwon,2013,3,Walking_old_man,Gangwon,Apr  4 2018  8:219PM,2
37,Gangwon,2013,5,Walking_old_man,Gangwon,Apr  4 2018  8:219PM,2
29,Gyeonggi,2013,3,Walking_old_man,Gyeonggi,Apr  4 2018  8:219PM,1
37,Gangwon,2013,4,Walking_old_man,Gangwon,Apr  4 2018  8:219PM,1
,Gangwon,2013,5,Stepless_crossing,Gangwon,Apr  4 2018  8:219PM,2
,Gangwon,2013,3,Stepless_crossing,Gangwon,Apr  4 2018  8:219PM,0
,Chungcheongbukdo,2013,6,Stepless_crossing,Chungcheongbukdo,Apr  4 2018  8:219PM,0
,Chungcheongbukdo,2013,6,Stepless_crossing,Chungcheongbukdo,Apr  4 2018  8:219PM,2
,Chungcheongbukdo,2013,4,Stepless_crossing,Chungcheongbukdo,Apr  4 2018  8:219PM,2
,Chungcheongnamdo,2013,1,Stepless_crossing,Chungcheongnamdo,Apr  4 2018  8:219PM,2
,Chungcheongnamdo,2013,4,Stepless_crossing,Chungcheongnamdo,Apr  4 2018  8:219PM,0
,Chungcheongnamdo,2013,3,Stepless_crossing,Chungcheongnamdo,Apr  4 2018  8:219PM,2
,Chungcheongnamdo,2013,3,Stepless_crossing,Chungcheongnamdo,Apr  4 2018  8:219PM,2
,Chungcheongnamdo,2013,3,Stepless_crossing,Chungcheongnamdo,Apr  4 2018  8:219PM,0
,Chungcheongnamdo,2013,3,Stepless_crossing,Chungcheongnamdo,Apr  4 2018  8:219PM,2
,Chungcheongnamdo,2013,3,Stepless_crossing,Chungcheongnamdo,Apr  4 2018  8:219PM,0
,Chungcheongnamdo,2013,2,Stepless_crossing,Chungcheongnamdo,Apr  4 2018  8:219PM,0
,Chungcheongnamdo,2013,7,Stepless_crossing,Chungcheongnamdo,Apr  4 2018  8:219PM,2
,Chungcheongnamdo,2013,5,Stepless_crossing,Chungcheongnamdo,Apr  4 2018  8:219PM,2
,Chungcheongnamdo,2013,5,Stepless_crossing,Chungcheongnamdo,Apr  4 2018  8:219PM,2
,Chungcheongnamdo,2013,2,Stepless_crossing,Chungcheongnamdo,Apr  4 2018  8:219PM,0
,Jeollabukdo,2013,6,Stepless_crossing,Jeollabukdo,Apr  4 2018  8:219PM,2
,Jeollabukdo,2013,4,Stepless_crossing,Jeollabukdo,Apr  4 2018  8:219PM,2
,Jeollabukdo,2013,9,Stepless_crossing,Jeollabukdo,Apr  4 2018  8:219PM,2
,Jeollabukdo,2013,7,Stepless_crossing,Jeollabukdo,Apr  4 2018  8:219PM,2
,Jeollabukdo,2013,7,Stepless_crossing,Jeollabukdo,Apr  4 2018  8:219PM,0
,Jeollabukdo,2013,4,Stepless_crossing,Jeollabukdo,Apr  4 2018  8:219PM,2
,Jeollabukdo,2013,4,Stepless_crossing,Jeollabukdo,Apr  4 2018  8:219PM,2
,Jeollabukdo,2013,4,Stepless_crossing,Jeollabukdo,Apr  4 2018  8:219PM,2
,Jeollabukdo,2013,4,Stepless_crossing,Jeollabukdo,Apr  4 2018  8:219PM,0
,Jeollabukdo,2013,3,Stepless_crossing,Jeollabukdo,Apr  4 2018  8:219PM,2
,Jeollanamdo,2013,6,Stepless_crossing,Jeollanamdo,Apr  4 2018  8:219PM,2
,Jeollanamdo,2013,4,Stepless_crossing,Jeollanamdo,Apr  4 2018  8:219PM,2
,Jeollanamdo,2013,4,Stepless_crossing,Jeollanamdo,Apr  4 2018  8:219PM,2
,Jeollanamdo,2013,2,Stepless_crossing,Jeollanamdo,Apr  4 2018  8:219PM,2
,Jeollanamdo,2013,2,Stepless_crossing,Jeollanamdo,Apr  4 2018  8:219PM,0
,Jeollanamdo,2013,9,Stepless_crossing,Jeollanamdo,Apr  4 2018  8:219PM,2
,Jeollanamdo,2013,6,Stepless_crossing,Jeollanamdo,Apr  4 2018  8:219PM,0
,Jeollanamdo,2013,5,Stepless_crossing,Jeollanamdo,Apr  4 2018  8:219PM,0
,Jeollanamdo,2013,8,Stepless_crossing,Jeollanamdo,Apr  4 2018  8:219PM,2
,Chungcheongbukdo,2013,7,Stepless_crossing,Chungcheongbukdo,Apr  4 2018  8:219PM,0
,Chungcheongbukdo,2013,4,Stepless_crossing,Chungcheongbukdo,Apr  4 2018  8:219PM,2
,Chungcheongbukdo,2013,3,Stepless_crossing,Chungcheongbukdo,Apr  4 2018  8:219PM,2
,Chungcheongbukdo,2013,4,Stepless_crossing,Chungcheongbukdo,Apr  4 2018  8:219PM,2
,Chungcheongbukdo,2013,1,Stepless_crossing,Chungcheongbukdo,Apr  4 2018  8:219PM,2
,Chungcheongbukdo,2013,4,Stepless_crossing,Chungcheongbukdo,Apr  4 2018  8:219PM,0
,Chungcheongbukdo,2013,5,Stepless_crossing,Chungcheongbukdo,Apr  4 2018  8:219PM,2
,Chungcheongbukdo,2013,5,Stepless_crossing,Chungcheongbukdo,Apr  4 2018  8:219PM,1
,Gangwon,2013,7,Stepless_crossing,Gangwon,Apr  4 2018  8:219PM,0
,Busan,2013,6,Stepless_crossing,Busan,Apr  4 2018  8:219PM,2
,Busan,2013,5,Stepless_crossing,Busan,Apr  4 2018  8:219PM,2
,Busan,2013,4,Stepless_crossing,Busan,Apr  4 2018  8:219PM,2
,Busan,2013,2,Stepless_crossing,Busan,Apr  4 2018  8:219PM,2
,Busan,2013,13,Stepless_crossing,Busan,Apr  4 2018  8:219PM,2
,Incheon,2013,15,Stepless_crossing,Incheon,Apr  4 2018  8:219PM,2
,Incheon,2013,7,Stepless_crossing,Incheon,Apr  4 2018  8:219PM,2
,Incheon,2013,5,Stepless_crossing,Incheon,Apr  4 2018  8:219PM,2
,Incheon,2013,8,Stepless_crossing,Incheon,Apr  4 2018  8:219PM,2
,Incheon,2013,6,Stepless_crossing,Incheon,Apr  4 2018  8:219PM,2
,Gyeonggi,2013,4,Stepless_crossing,Gyeonggi,Apr  4 2018  8:219PM,0
,Gyeonggi,2013,5,Stepless_crossing,Gyeonggi,Apr  4 2018  8:219PM,1
,Gyeonggi,2013,7,Stepless_crossing,Gyeonggi,Apr  4 2018  8:219PM,2
,Gyeonggi,2013,5,Stepless_crossing,Gyeonggi,Apr  4 2018  8:219PM,2
,Gyeonggi,2013,4,Stepless_crossing,Gyeonggi,Apr  4 2018  8:219PM,2
,Gyeonggi,2013,13,Stepless_crossing,Gyeonggi,Apr  4 2018  8:219PM,2
,Gyeonggi,2013,12,Stepless_crossing,Gyeonggi,Apr  4 2018  8:219PM,2
,Gyeonggi,2013,11,Stepless_crossing,Gyeonggi,Apr  4 2018  8:219PM,2
,Gyeonggi,2013,5,Stepless_crossing,Gyeonggi,Apr  4 2018  8:219PM,2
,Gyeonggi,2013,4,Stepless_crossing,Gyeonggi,Apr  4 2018  8:219PM,2
,Gyeonggi,2013,9,Stepless_crossing,Gyeonggi,Apr  4 2018  8:219PM,2
,Gyeonggi,2013,4,Stepless_crossing,Gyeonggi,Apr  4 2018  8:219PM,2
,Gyeonggi,2013,6,Stepless_crossing,Gyeonggi,Apr  4 2018  8:219PM,2
,Gyeonggi,2013,4,Stepless_crossing,Gyeonggi,Apr  4 2018  8:219PM,2
,Gyeonggi,2013,4,Stepless_crossing,Gyeonggi,Apr  4 2018  8:219PM,2
,Gyeonggi,2013,9,Stepless_crossing,Gyeonggi,Apr  4 2018  8:219PM,2
,Gyeonggi,2013,13,Stepless_crossing,Gyeonggi,Apr  4 2018  8:219PM,2
,Gyeonggi,2013,7,Stepless_crossing,Gyeonggi,Apr  4 2018  8:219PM,2
,Gyeonggi,2013,7,Stepless_crossing,Gyeonggi,Apr  4 2018  8:219PM,2
,Gyeonggi,2013,7,Stepless_crossing,Gyeonggi,Apr  4 2018  8:219PM,2
,Gyeonggi,2013,6,Stepless_crossing,Gyeonggi,Apr  4 2018  8:219PM,2
,Gyeonggi,2013,5,Stepless_crossing,Gyeonggi,May 16 2018  3:01PM,2
,Gyeonggi,2013,4,Stepless_crossing,Gyeonggi,May 16 2018  3:01PM,2
,Gyeonggi,2013,6,Stepless_crossing,Gyeonggi,May 16 2018  3:01PM,2
,Gyeonggi,2013,9,Stepless_crossing,Gyeonggi,May 16 2018  3:01PM,2
,Gyeonggi,2013,5,Stepless_crossing,Gyeonggi,May 16 2018  3:01PM,2
,Gyeonggi,2013,4,Stepless_crossing,Gyeonggi,May 16 2018  3:01PM,2
,Gyeonggi,2013,4,Stepless_crossing,Gyeonggi,May 16 2018  3:01PM,2
,Gyeonggi,2013,10,Stepless_crossing,Gyeonggi,May 16 2018  3:01PM,2
,Gyeonggi,2013,6,Stepless_crossing,Gyeonggi,May 16 2018  3:01PM,2
,Gyeonggi,2013,11,Stepless_crossing,Gyeonggi,May 16 2018  3:01PM,2
,Gyeonggi,2013,4,Stepless_crossing,Gyeonggi,May 16 2018  3:01PM,2
,Gyeonggi,2013,7,Stepless_crossing,Gyeonggi,May 16 2018  3:01PM,2
,Gyeonggi,2013,5,Stepless_crossing,Gyeonggi,May 16 2018  3:01PM,2
,Gyeonggi,2013,4,Stepless_crossing,Gyeonggi,May 16 2018  3:01PM,2
,Gyeonggi,2013,10,Stepless_crossing,Gyeonggi,May 16 2018  3:01PM,2
,Gyeonggi,2013,7,Stepless_crossing,Gyeonggi,May 16 2018  3:01PM,2
,Gyeonggi,2013,5,Stepless_crossing,Gyeonggi,May 16 2018  3:01PM,2
,Gyeonggi,2013,10,Stepless_crossing,Gyeonggi,May 16 2018  3:01PM,2
,Gyeonggi,2013,7,Stepless_crossing,Gyeonggi,May 16 2018  3:01PM,2
,Gyeonggi,2013,6,Stepless_crossing,Gyeonggi,May 16 2018  3:01PM,2
,Gyeonggi,2013,23,Stepless_crossing,Gyeonggi,May 16 2018  3:01PM,2
,Gyeonggi,2013,8,Stepless_crossing,Gyeonggi,May 16 2018  3:01PM,2
,Gyeonggi,2013,7,Stepless_crossing,Gyeonggi,May 16 2018  3:01PM,2
,Gyeonggi,2013,4,Stepless_crossing,Gyeonggi,May 16 2018  3:01PM,2
,Gyeonggi,2013,6,Stepless_crossing,Gyeonggi,May 16 2018  3:01PM,2
,Gyeonggi,2013,11,Stepless_crossing,Gyeonggi,May 16 2018  3:01PM,2
,Gyeonggi,2013,3,Stepless_crossing,Gyeonggi,May 16 2018  3:01PM,2
,Gyeonggi,2013,11,Stepless_crossing,Gyeonggi,May 16 2018  3:01PM,2
,Gyeonggi,2013,6,Stepless_crossing,Gyeonggi,May 16 2018  3:01PM,2
,Gyeonggi,2013,6,Stepless_crossing,Gyeonggi,May 16 2018  3:01PM,2
,Gyeonggi,2013,4,Stepless_crossing,Gyeonggi,May 16 2018  3:01PM,2
,Gyeonggi,2013,4,Stepless_crossing,Gyeonggi,May 16 2018  3:01PM,2
,Gyeonggi,2013,4,Stepless_crossing,Gyeonggi,May 16 2018  3:01PM,2
,Gyeonggi,2013,15,Stepless_crossing,Gyeonggi,May 16 2018  3:01PM,2
,Gyeonggi,2013,9,Stepless_crossing,Gyeonggi,May 16 2018  3:01PM,1
,Daejeon,2013,6,Stepless_crossing,Daejeon,May 16 2018  3:01PM,2
,Daejeon,2013,6,Stepless_crossing,Daejeon,May 16 2018  3:01PM,2
,Daejeon,2013,6,Stepless_crossing,Daejeon,May 16 2018  3:01PM,2
,Daejeon,2013,2,Stepless_crossing,Daejeon,May 16 2018  3:01PM,2
,Daejeon,2013,1,Stepless_crossing,Daejeon,May 16 2018  3:01PM,2
,Gyeonggi,2013,6,Stepless_crossing,Gyeonggi,May 16 2018  3:01PM,2
,Gyeonggi,2013,4,Stepless_crossing,Gyeonggi,May 16 2018  3:01PM,2
,Gyeonggi,2013,18,Stepless_crossing,Gyeonggi,May 16 2018  3:01PM,2
,Gyeonggi,2013,9,Stepless_crossing,Gyeonggi,May 16 2018  3:01PM,2
,Gyeonggi,2013,5,Stepless_crossing,Gyeonggi,May 16 2018  3:01PM,2
,Daejeon,2013,4,Stepless_crossing,Daejeon,May 16 2018  3:01PM,2
,Daejeon,2013,3,Stepless_crossing,Daejeon,May 16 2018  3:01PM,2
,Daejeon,2013,1,Stepless_crossing,Daejeon,May 16 2018  3:01PM,2
,Daejeon,2013,6,Stepless_crossing,Daejeon,May 16 2018  3:01PM,2
,Daejeon,2013,4,Stepless_crossing,Daejeon,May 16 2018  3:01PM,2
,Daejeon,2013,4,Stepless_crossing,Daejeon,May 16 2018  3:01PM,2
,Daejeon,2013,4,Stepless_crossing,Daejeon,May 16 2018  3:01PM,2
,Daejeon,2013,4,Stepless_crossing,Daejeon,May 16 2018  3:01PM,2
,Daejeon,2013,4,Stepless_crossing,Daejeon,May 16 2018  3:01PM,2
,Daejeon,2013,4,Stepless_crossing,Daejeon,May 16 2018  3:01PM,2
,Ulsan,2013,5,Stepless_crossing,Ulsan,May 16 2018  3:01PM,2
,Ulsan,2013,4,Stepless_crossing,Ulsan,May 16 2018  3:01PM,2
,Ulsan,2013,2,Stepless_crossing,Ulsan,May 16 2018  3:01PM,2
,Ulsan,2013,14,Stepless_crossing,Ulsan,May 16 2018  3:01PM,2
,Ulsan,2013,8,Stepless_crossing,Ulsan,May 16 2018  3:01PM,2
,Ulsan,2013,8,Stepless_crossing,Ulsan,May 16 2018  3:01PM,2
,Ulsan,2013,6,Stepless_crossing,Ulsan,May 16 2018  3:01PM,2
,Ulsan,2013,6,Stepless_crossing,Ulsan,May 16 2018  3:01PM,2
,Ulsan,2013,5,Stepless_crossing,Ulsan,May 16 2018  3:01PM,2
,Ulsan,2013,4,Stepless_crossing,Ulsan,May 16 2018  3:01PM,2
,Ulsan,2013,5,Stepless_crossing,Ulsan,May 16 2018  3:01PM,2
,Ulsan,2013,5,Stepless_crossing,Ulsan,May 16 2018  3:01PM,2
,Ulsan,2013,4,Stepless_crossing,Ulsan,May 16 2018  3:01PM,2
,Ulsan,2013,4,Stepless_crossing,Ulsan,May 16 2018  3:01PM,2
,Ulsan,2013,4,Stepless_crossing,Ulsan,May 16 2018  3:01PM,2
,Ulsan,2013,1,Stepless_crossing,Ulsan,May 16 2018  3:01PM,1
,Ulsan,2013,1,Stepless_crossing,Ulsan,May 16 2018  3:01PM,2
,Gyeonggi,2013,12,Stepless_crossing,Gyeonggi,May 16 2018  3:01PM,2
,Gyeonggi,2013,9,Stepless_crossing,Gyeonggi,May 16 2018  3:01PM,2
,Gyeonggi,2013,7,Stepless_crossing,Gyeonggi,May 16 2018  3:01PM,2
,Gyeonggi,2013,6,Stepless_crossing,Gyeonggi,May 16 2018  3:01PM,2
,Gyeonggi,2013,6,Stepless_crossing,Gyeonggi,May 16 2018  3:01PM,1
,Gyeonggi,2013,5,Stepless_crossing,Gyeonggi,May 16 2018  3:01PM,2
,Gyeonggi,2013,4,Stepless_crossing,Gyeonggi,May 16 2018  3:01PM,2
,Gyeonggi,2013,10,Stepless_crossing,Gyeonggi,May 16 2018  3:01PM,2
,Gyeonggi,2013,10,Stepless_crossing,Gyeonggi,May 16 2018  3:01PM,2
,Gyeonggi,2013,8,Stepless_crossing,Gyeonggi,May 16 2018  3:01PM,2
,Gyeonggi,2013,7,Stepless_crossing,Gyeonggi,May 16 2018  3:01PM,2
,Gyeonggi,2013,5,Stepless_crossing,Gyeonggi,May 16 2018  3:01PM,2
,Gyeonggi,2013,5,Stepless_crossing,Gyeonggi,May 16 2018  3:01PM,2
,Gyeonggi,2013,10,Stepless_crossing,Gyeonggi,Jan 16 2018  3:01PM,2
,Gyeonggi,2013,9,Stepless_crossing,Gyeonggi,Jan 16 2018  3:01PM,2
,Gyeonggi,2013,7,Stepless_crossing,Gyeonggi,Jan 16 2018  3:01PM,2
,Gyeonggi,2013,6,Stepless_crossing,Gyeonggi,Jan 16 2018  3:01PM,2
,Gyeonggi,2013,11,Stepless_crossing,Gyeonggi,Jan 16 2018  3:01PM,2
,Gyeonggi,2013,6,Stepless_crossing,Gyeonggi,Jan 16 2018  3:01PM,2
,Gyeonggi,2013,9,Stepless_crossing,Gyeonggi,Jan 16 2018  3:01PM,2
,Gyeonggi,2013,4,Stepless_crossing,Gyeonggi,Jan 16 2018  3:01PM,2
,Gyeonggi,2013,4,Stepless_crossing,Gyeonggi,Jan 16 2018  3:01PM,2
,Incheon,2013,4,Stepless_crossing,Incheon,Jan 16 2018  3:01PM,1
,Incheon,2013,6,Stepless_crossing,Incheon,Jan 16 2018  3:01PM,2
,Incheon,2013,5,Stepless_crossing,Incheon,Jan 16 2018  3:01PM,2
,Incheon,2013,4,Stepless_crossing,Incheon,Jan 16 2018  3:01PM,2
,Incheon,2013,9,Stepless_crossing,Incheon,Jan 16 2018  3:01PM,2
,Incheon,2013,8,Stepless_crossing,Incheon,Jan 16 2018  3:01PM,2
,Incheon,2013,8,Stepless_crossing,Incheon,Jan 16 2018  3:01PM,2
,Incheon,2013,7,Stepless_crossing,Incheon,Jan 16 2018  3:01PM,2
,Incheon,2013,6,Stepless_crossing,Incheon,Jan 16 2018  3:01PM,2
,Incheon,2013,6,Stepless_crossing,Incheon,Jan 16 2018  3:01PM,2
,Incheon,2013,4,Stepless_crossing,Incheon,Jan 16 2018  3:01PM,2
,Incheon,2013,10,Stepless_crossing,Incheon,Jan 16 2018  3:01PM,2
,Incheon,2013,9,Stepless_crossing,Incheon,Jan 16 2018  3:01PM,2
,Incheon,2013,7,Stepless_crossing,Incheon,Jan 16 2018  3:01PM,2
,Incheon,2013,5,Stepless_crossing,Incheon,Jan 16 2018  3:01PM,2
,Gwangju,2013,6,Stepless_crossing,Gwangju,Jan 16 2018  3:01PM,2
,Gwangju,2013,5,Stepless_crossing,Gwangju,Jan 16 2018  3:01PM,2
,Gwangju,2013,4,Stepless_crossing,Gwangju,Jan 16 2018  3:01PM,2
,Gwangju,2013,10,Stepless_crossing,Gwangju,Jan 16 2018  3:01PM,1
,Gwangju,2013,6,Stepless_crossing,Gwangju,Jan 16 2018  3:01PM,2
,Daejeon,2013,7,Stepless_crossing,Daejeon,Jan 16 2018  3:01PM,2
,Daejeon,2013,4,Stepless_crossing,Daejeon,Jan 16 2018  3:01PM,2
,Daejeon,2013,4,Stepless_crossing,Daejeon,Jan 16 2018  3:01PM,2
,Daejeon,2013,3,Stepless_crossing,Daejeon,Jan 16 2018  3:01PM,2
,Daejeon,2013,3,Stepless_crossing,Daejeon,Jan 16 2018  3:01PM,2
,Daejeon,2013,7,Stepless_crossing,Daejeon,Jan 16 2018  3:01PM,2
,Incheon,2013,4,Stepless_crossing,Incheon,Jan 16 2018  3:01PM,2
,Incheon,2013,4,Stepless_crossing,Incheon,Jan 16 2018  3:01PM,2
,Daegu,2013,5,Stepless_crossing,Daegu,Jan 16 2018  3:01PM,1
,Daegu,2013,4,Stepless_crossing,Daegu,Jan 16 2018  3:01PM,2
,Daegu,2013,4,Stepless_crossing,Daegu,Jan 16 2018  3:01PM,1
,Daegu,2013,7,Stepless_crossing,Daegu,Jan 16 2018  3:01PM,1
,Daegu,2013,7,Stepless_crossing,Daegu,Jan 16 2018  3:01PM,1
,Incheon,2013,11,Stepless_crossing,Incheon,Jan 16 2018  3:01PM,2
,Incheon,2013,10,Stepless_crossing,Incheon,Jun 30 2018  4:00AM,2
,Incheon,2013,7,Stepless_crossing,Incheon,Jun 30 2018  4:00AM,1
,Incheon,2013,7,Stepless_crossing,Incheon,Jun 30 2018  4:00AM,1
,Busan,2013,13,Stepless_crossing,Busan,Jun 30 2018  4:00AM,2
,Busan,2013,6,Stepless_crossing,Busan,Jun 30 2018  4:00AM,2
,Busan,2013,2,Stepless_crossing,Busan,Jun 30 2018  4:00AM,2
,Busan,2013,2,Stepless_crossing,Busan,Jun 30 2018  4:00AM,2
,Busan,2013,1,Stepless_crossing,Busan,Jun 30 2018  4:00AM,2
,Daegu,2013,4,Stepless_crossing,Daegu,Jun 30 2018  4:00AM,2
,Daegu,2013,4,Stepless_crossing,Daegu,Jun 30 2018  4:00AM,2
,Daegu,2013,4,Stepless_crossing,Daegu,Jun 30 2018  4:00AM,2
,Daegu,2013,11,Stepless_crossing,Daegu,Jun 30 2018  4:00AM,2
,Daegu,2013,11,Stepless_crossing,Daegu,Jun 30 2018  4:00AM,2
,Daegu,2013,7,Stepless_crossing,Daegu,Jun 30 2018  4:00AM,2
,Daegu,2013,7,Stepless_crossing,Daegu,Jun 30 2018  4:00AM,2
,Daegu,2013,7,Stepless_crossing,Daegu,Jun 30 2018  4:00AM,2
,Daegu,2013,7,Stepless_crossing,Daegu,Jun 30 2018  4:00AM,2
,Daegu,2013,6,Stepless_crossing,Daegu,Jun 30 2018  4:00AM,2
,Busan,2013,1,Stepless_crossing,Busan,Jun 30 2018  4:00AM,2
,Daegu,2013,6,Stepless_crossing,Daegu,Jun 30 2018  4:00AM,2
,Daegu,2013,11,Stepless_crossing,Daegu,Jun 30 2018  4:00AM,2
,Daegu,2013,7,Stepless_crossing,Daegu,Jun 30 2018  4:00AM,2
,Daegu,2013,6,Stepless_crossing,Daegu,Jun 30 2018  4:00AM,2
,Daegu,2013,5,Stepless_crossing,Daegu,Jun 30 2018  4:00AM,2
,Daegu,2013,9,Stepless_crossing,Daegu,Jun 30 2018  4:00AM,2
,Daegu,2013,10,Stepless_crossing,Daegu,Jun 30 2018  4:00AM,2
,Daegu,2013,5,Stepless_crossing,Daegu,Jun 30 2018  4:00AM,2
,Daegu,2013,5,Stepless_crossing,Daegu,Jun 30 2018  4:00AM,2
,Busan,2013,1,Stepless_crossing,Busan,Jun 30 2018  4:00AM,2
,Busan,2013,6,Stepless_crossing,Busan,Jun 30 2018  4:00AM,2
,Busan,2013,2,Stepless_crossing,Busan,Jun 30 2018  4:00AM,2
,Busan,2013,1,Stepless_crossing,Busan,Jun 30 2018  4:00AM,2
,Busan,2013,19,Stepless_crossing,Busan,Jun 30 2018  4:00AM,2
,Busan,2013,9,Stepless_crossing,Busan,Jun 30 2018  4:00AM,2
,Busan,2013,6,Stepless_crossing,Busan,Jun 30 2018  4:00AM,2
,Busan,2013,14,Stepless_crossing,Busan,Jun 30 2018  4:00AM,2
,Busan,2013,10,Stepless_crossing,Busan,Jun 30 2018  4:00AM,2
,Busan,2013,6,Stepless_crossing,Busan,Jun 30 2018  4:00AM,2
,Busan,2013,4,Stepless_crossing,Busan,Jun 30 2018  4:00AM,2
,Seoul,2013,5,Stepless_crossing,Seoul,Jun 30 2018  4:00AM,2
,Seoul,2013,8,Stepless_crossing,Seoul,Jun 30 2018  4:00AM,2
,Seoul,2013,7,Stepless_crossing,Seoul,Jun 30 2018  4:00AM,1
,Seoul,2013,12,Stepless_crossing,Seoul,Jun 30 2018  4:00AM,2
,Busan,2013,5,Stepless_crossing,Busan,Jun 30 2018  4:00AM,2
,Busan,2013,4,Stepless_crossing,Busan,Jun 30 2018  4:00AM,2
,Busan,2013,13,Stepless_crossing,Busan,Jun 30 2018  4:00AM,2
,Busan,2013,7,Stepless_crossing,Busan,Jun 30 2018  4:00AM,2
,Busan,2013,6,Stepless_crossing,Busan,Jun 30 2018  4:00AM,2
,Busan,2013,5,Stepless_crossing,Busan,Jun 30 2018  4:00AM,1
,Busan,2013,6,Stepless_crossing,Busan,Jun 30 2018  4:00AM,2
,Busan,2013,7,Stepless_crossing,Busan,Jun 30 2018  4:00AM,2
,Busan,2013,8,Stepless_crossing,Busan,Jun 30 2018  4:00AM,2
,Busan,2013,12,Stepless_crossing,Busan,Jun 30 2018  4:00AM,2
,Busan,2013,2,Stepless_crossing,Busan,Jun 30 2018  4:00AM,1
,Busan,2013,2,Stepless_crossing,Busan,Jun 30 2018  4:00AM,1
,Seoul,2013,4,Stepless_crossing,Seoul,Jun 30 2018  4:00AM,2
,Seoul,2013,4,Stepless_crossing,Seoul,Jun 30 2018  4:00AM,2
,Busan,2013,14,Stepless_crossing,Busan,Jun 30 2018  4:00AM,2
,Busan,2013,10,Stepless_crossing,Busan,Jun 30 2018  4:00AM,2
,Busan,2013,6,Stepless_crossing,Busan,Jun 30 2018  4:00AM,2
,Busan,2013,12,Stepless_crossing,Busan,Jun 30 2018  4:00AM,2
,Busan,2013,6,Stepless_crossing,Busan,Jun 30 2018  4:00AM,2
,Busan,2013,6,Stepless_crossing,Busan,Jun 30 2018  4:00AM,2
,Busan,2013,5,Stepless_crossing,Busan,Jun 30 2018  4:00AM,1
,Seoul,2013,5,Stepless_crossing,Seoul,Jun 30 2018  4:00AM,1
,Seoul,2013,10,Stepless_crossing,Seoul,Jun 30 2018  4:00AM,1
,Seoul,2013,7,Stepless_crossing,Seoul,Jun 30 2018  4:00AM,2
,Seoul,2013,19,Stepless_crossing,Seoul,Jun 30 2018  4:00AM,2
,Seoul,2013,8,Stepless_crossing,Seoul,Jun 30 2018  4:00AM,2
,Seoul,2013,5,Stepless_crossing,Seoul,Jun 30 2018  4:00AM,2
,Seoul,2013,5,Stepless_crossing,Seoul,Jun 30 2018  4:00AM,2
,Seoul,2013,15,Stepless_crossing,Seoul,Jun 30 2018  4:00AM,2
,Seoul,2013,10,Stepless_crossing,Seoul,Jun 30 2018  4:00AM,2
,Seoul,2013,6,Stepless_crossing,Seoul,Jun 30 2018  4:00AM,1
,Seoul,2013,6,Stepless_crossing,Seoul,Jun 30 2018  4:00AM,2
,Seoul,2013,9,Stepless_crossing,Seoul,Jun 30 2018  4:00AM,2
,Seoul,2013,4,Stepless_crossing,Seoul,Jun 30 2018  4:00AM,2
,Seoul,2013,4,Stepless_crossing,Seoul,Jun 30 2018  4:00AM,1
,Seoul,2013,14,Stepless_crossing,Seoul,Jun 30 2018  4:00AM,2
,Seoul,2013,12,Stepless_crossing,Seoul,Jun 30 2018  4:00AM,2
,Seoul,2013,8,Stepless_crossing,Seoul,Jun 30 2018  4:00AM,2
,Seoul,2013,16,Stepless_crossing,Seoul,Jun 30 2018  4:00AM,2
,Seoul,2013,11,Stepless_crossing,Seoul,Jun 30 2018  4:00AM,2
,Seoul,2013,6,Stepless_crossing,Seoul,Jun 30 2018  4:00AM,1
,Seoul,2013,6,Stepless_crossing,Seoul,Jun 30 2018  4:00AM,1
,Seoul,2013,8,Stepless_crossing,Seoul,Jun 30 2018  4:00AM,2
,Seoul,2013,8,Stepless_crossing,Seoul,Jun 30 2018  4:00AM,1
,Seoul,2013,3,Stepless_crossing,Seoul,Jun 30 2018  4:00AM,2
,Seoul,2013,7,Stepless_crossing,Seoul,Jun 30 2018  4:00AM,2
,Seoul,2013,9,Stepless_crossing,Seoul,Jun 30 2018  4:00AM,2
,Seoul,2013,7,Stepless_crossing,Seoul,Jun 30 2018  4:00AM,0
,Seoul,2013,4,Stepless_crossing,Seoul,Jun 30 2018  4:00AM,2
,Seoul,2013,27,Stepless_crossing,Seoul,Jun 30 2018  4:00AM,2
,Seoul,2013,12,Stepless_crossing,Seoul,Jun 30 2018  4:00AM,2
,Seoul,2013,10,Stepless_crossing,Seoul,Jun 30 2018  4:00AM,2
,Seoul,2013,6,Stepless_crossing,Seoul,Jun 30 2018  4:00AM,2
,Seoul,2013,4,Stepless_crossing,Seoul,Jun 30 2018  4:00AM,2
,Seoul,2013,11,Stepless_crossing,Seoul,Jun 30 2018  4:00AM,2
,Seoul,2013,8,Stepless_crossing,Seoul,Jun 30 2018  4:00AM,2
,Seoul,2013,4,Stepless_crossing,Seoul,Jun 30 2018  4:00AM,2
,Seoul,2013,9,Stepless_crossing,Seoul,Jun 30 2018  4:00AM,2
,Seoul,2013,7,Stepless_crossing,Seoul,Jun 30 2018  4:00AM,2
,Seoul,2013,4,Stepless_crossing,Seoul,Jun 30 2018  4:00AM,2
,Seoul,2013,24,Stepless_crossing,Seoul,Jun 30 2018  4:00AM,2
,Seoul,2013,7,Stepless_crossing,Seoul,Jun 30 2018  4:00AM,2
,Seoul,2013,5,Stepless_crossing,Seoul,Jun 30 2018  4:00AM,2
,Seoul,2013,9,Stepless_crossing,Seoul,Jun 30 2018  4:00AM,2
,Seoul,2013,6,Stepless_crossing,Seoul,Jun 30 2018  4:00AM,2
,Seoul,2013,12,Stepless_crossing,Seoul,Jun 30 2018  4:00AM,2
,Seoul,2013,5,Stepless_crossing,Seoul,Jun 30 2018  4:00AM,2
,Seoul,2013,10,Stepless_crossing,Seoul,Jul 29 2018  5:24AM,2
,Seoul,2013,8,Stepless_crossing,Seoul,Jul 29 2018  5:24AM,2
,Seoul,2013,4,Stepless_crossing,Seoul,Jul 29 2018  5:24AM,2
,Seoul,2013,6,Stepless_crossing,Seoul,Jul 29 2018  5:24AM,2
,Seoul,2013,6,Stepless_crossing,Seoul,Jul 29 2018  5:24AM,2
,Jeju,2013,3,Walking_children,Jeju,Jul 29 2018  5:24AM,2
,Seoul,2013,9,Stepless_crossing,Seoul,Jul 29 2018  5:24AM,2
,Seoul,2013,6,Stepless_crossing,Seoul,Jul 29 2018  5:24AM,2
,Seoul,2013,5,Stepless_crossing,Seoul,Jul 29 2018  5:24AM,2
,Seoul,2013,3,Stepless_crossing,Seoul,Jul 29 2018  5:24AM,2
,Seoul,2013,2,Stepless_crossing,Seoul,Jul 29 2018  5:24AM,2
,Seoul,2013,23,Stepless_crossing,Seoul,Jul 29 2018  5:24AM,2
,Seoul,2013,13,Stepless_crossing,Seoul,Jul 29 2018  5:24AM,2
,Seoul,2013,17,Stepless_crossing,Seoul,Jul 29 2018  5:24AM,2
,Seoul,2013,13,Stepless_crossing,Seoul,Jul 29 2018  5:24AM,1
,Seoul,2013,10,Stepless_crossing,Seoul,Jul 29 2018  5:24AM,2
,Seoul,2013,8,Stepless_crossing,Seoul,Jul 29 2018  5:24AM,2
,Seoul,2013,8,Stepless_crossing,Seoul,Jul 29 2018  5:24AM,2
,Seoul,2013,7,Stepless_crossing,Seoul,Jul 29 2018  5:24AM,2
,Seoul,2013,4,Stepless_crossing,Seoul,Jul 29 2018  5:24AM,2
,Seoul,2013,4,Stepless_crossing,Seoul,Jul 29 2018  5:24AM,2
,Seoul,2013,4,Stepless_crossing,Seoul,Jul 29 2018  5:24AM,2
,Seoul,2013,7,Stepless_crossing,Seoul,Jul 29 2018  5:24AM,2
,Seoul,2013,5,Stepless_crossing,Seoul,Jul 29 2018  5:24AM,2
,Seoul,2013,8,Stepless_crossing,Seoul,Jul 29 2018  5:24AM,2
,Seoul,2013,10,Stepless_crossing,Seoul,Jul 29 2018  5:24AM,2
,Seoul,2013,8,Stepless_crossing,Seoul,Jul 29 2018  5:24AM,2
,Seoul,2013,7,Stepless_crossing,Seoul,Jul 29 2018  5:24AM,2
,Jeju,2013,3,Walking_children,Jeju,Jul 29 2018  5:24AM,1
,Jeju,2013,4,Walking_children,Jeju,Jul 29 2018  5:24AM,1
,Jeju,2013,5,Walking_children,Jeju,Jul 29 2018  5:24AM,1
,Jeju,2013,4,Walking_children,Jeju,Jul 29 2018  5:24AM,1
,Jeju,2013,4,Walking_children,Jeju,Jul 29 2018  5:24AM,1
,Jeju,2013,3,Walking_children,Jeju,Jul 29 2018  5:24AM,1
,Jeju,2013,3,Walking_children,Jeju,Jul 29 2018  5:24AM,1
,Gyeongsangnamdo,2013,3,Walking_children,Gyeongsangnamdo,Jul 29 2018  5:24AM,1
,Gyeongsangnamdo,2013,5,Walking_children,Gyeongsangnamdo,Jul 29 2018  5:24AM,2
,Gyeongsangnamdo,2013,6,Walking_children,Gyeongsangnamdo,Jul 29 2018  5:24AM,2
,Gyeongsangnamdo,2013,3,Walking_children,Gyeongsangnamdo,Jul 29 2018  5:24AM,2
,Gyeongsangnamdo,2013,3,Walking_children,Gyeongsangnamdo,Jul 29 2018  5:24AM,2
,Gyeongsangnamdo,2013,4,Walking_children,Gyeongsangnamdo,Jul 29 2018  5:24AM,2
,Gyeongsangnamdo,2013,4,Walking_children,Gyeongsangnamdo,Jul 29 2018  5:24AM,2
,Gyeongsangnamdo,2013,3,Walking_children,Gyeongsangnamdo,Jul 29 2018  5:24AM,2
,Gyeongsangnamdo,2013,3,Walking_children,Gyeongsangnamdo,Jul 29 2018  5:24AM,2
,Gyeongsangnamdo,2013,5,Walking_children,Gyeongsangnamdo,Jul 29 2018  5:24AM,2
,Gyeongsangnamdo,2013,4,Walking_children,Gyeongsangnamdo,Jul 29 2018  5:24AM,2
,Gyeongsangbukdo,2013,4,Walking_children,Gyeongsangbukdo,Jul 29 2018  5:24AM,2
,Gyeongsangbukdo,2013,3,Walking_children,Gyeongsangbukdo,Jul 29 2018  5:24AM,2
,Seoul,2013,3,Walking_children,Seoul,Jul 29 2018  5:24AM,2
,Daegu,2013,3,Walking_children,Daegu,Jul 29 2018  5:24AM,2
,Daegu,2013,3,Walking_children,Daegu,Jul 29 2018  5:24AM,2
,Daegu,2013,3,Walking_children,Daegu,Aug 28 2018 12:27AM,2
,Daegu,2013,3,Walking_children,Daegu,Aug 28 2018 12:27AM,2
,Daegu,2013,4,Walking_children,Daegu,Aug 28 2018 12:27AM,2
,Daegu,2013,3,Walking_children,Daegu,Aug 28 2018 12:27AM,2
,Daegu,2013,3,Walking_children,Daegu,Aug 28 2018 12:27AM,2
,Incheon,2013,3,Walking_children,Incheon,Aug 28 2018 12:27AM,2
,Incheon,2013,3,Walking_children,Incheon,Aug 28 2018 12:27AM,2
,Incheon,2013,4,Walking_children,Incheon,Aug 28 2018 12:27AM,2
,Gwangju,2013,3,Walking_children,Gwangju,Aug 28 2018 12:27AM,2
,Gwangju,2013,3,Walking_children,Gwangju,Aug 28 2018 12:27AM,2
,Gwangju,2013,3,Walking_children,Gwangju,Aug 28 2018 12:27AM,2
,Gwangju,2013,4,Walking_children,Gwangju,Aug 28 2018 12:27AM,2
,Gwangju,2013,3,Walking_children,Gwangju,Aug 28 2018 12:27AM,2
,Gwangju,2013,3,Walking_children,Gwangju,Aug 28 2018 12:27AM,2
,Gwangju,2013,3,Walking_children,Gwangju,Aug 28 2018 12:27AM,2
,Gyeongsangbukdo,2013,3,Walking_children,Gyeongsangbukdo,Aug 28 2018 12:27AM,2
,Gyeongsangbukdo,2013,3,Walking_children,Gyeongsangbukdo,Aug 28 2018 12:27AM,2
,Gyeongsangbukdo,2013,3,Walking_children,Gyeongsangbukdo,Aug 28 2018 12:27AM,1
,Gyeongsangbukdo,2013,8,Walking_children,Gyeongsangbukdo,Aug 28 2018 12:27AM,1
,Gyeongsangbukdo,2013,3,Walking_children,Gyeongsangbukdo,Aug 28 2018 12:27AM,1
,Gyeongsangbukdo,2013,3,Walking_children,Gyeongsangbukdo,Aug 28 2018 12:27AM,1
,Jeollanamdo,2013,4,Walking_children,Jeollanamdo,Aug 28 2018 12:27AM,2
,Jeollanamdo,2013,3,Walking_children,Jeollanamdo,Aug 28 2018 12:27AM,1
,Jeollanamdo,2013,3,Walking_children,Jeollanamdo,Aug 28 2018 12:27AM,2
,Jeollanamdo,2013,4,Walking_children,Jeollanamdo,Aug 28 2018 12:27AM,2
,Jeollanamdo,2013,3,Walking_children,Jeollanamdo,Aug 28 2018 12:27AM,2
,Jeollanamdo,2013,3,Walking_children,Jeollanamdo,Aug 28 2018 12:27AM,1
,Jeollanamdo,2013,3,Walking_children,Jeollanamdo,Aug 28 2018 12:27AM,1
,Jeollanamdo,2013,3,Walking_children,Jeollanamdo,Aug 28 2018 12:27AM,1
,Jeollabukdo,2013,3,Walking_children,Jeollabukdo,Aug 28 2018 12:27AM,2
,Jeollanamdo,2013,4,Walking_children,Jeollanamdo,Aug 28 2018 12:27AM,2
,Jeollanamdo,2013,6,Walking_children,Jeollanamdo,Aug 28 2018 12:27AM,2
,Jeollanamdo,2013,5,Walking_children,Jeollanamdo,Aug 28 2018 12:27AM,2
,Jeollanamdo,2013,4,Walking_children,Jeollanamdo,Aug 28 2018 12:27AM,2
,Jeollabukdo,2013,3,Walking_children,Jeollabukdo,Aug 28 2018 12:27AM,2
,Jeollabukdo,2013,4,Walking_children,Jeollabukdo,Aug 28 2018 12:27AM,2
,Jeollabukdo,2013,4,Walking_children,Jeollabukdo,Aug 28 2018 12:27AM,2
,Jeollabukdo,2013,4,Walking_children,Jeollabukdo,Aug 28 2018 12:27AM,2
,Jeollabukdo,2013,3,Walking_children,Jeollabukdo,Aug 28 2018 12:27AM,2
,Jeollabukdo,2013,4,Walking_children,Jeollabukdo,Aug 28 2018 12:27AM,1
,Seoul,2013,4,Walking_children,Seoul,Aug 28 2018 12:27AM,2
,Seoul,2013,3,Walking_children,Seoul,Aug 28 2018 12:27AM,2
,Seoul,2013,3,Walking_children,Seoul,Aug 28 2018 12:27AM,2
,Seoul,2013,3,Walking_children,Seoul,Aug 28 2018 12:27AM,2
,Seoul,2013,3,Walking_children,Seoul,Aug 28 2018 12:27AM,2
,Busan,2013,3,Walking_children,Busan,Aug 28 2018 12:27AM,2
,Busan,2013,3,Walking_children,Busan,Aug 28 2018 12:27AM,2
,Busan,2013,3,Walking_children,Busan,Aug 28 2018 12:27AM,2
,Busan,2013,3,Walking_children,Busan,Aug 28 2018 12:27AM,2
,Busan,2013,4,Walking_children,Busan,Aug 28 2018 12:27AM,2
,Busan,2013,4,Walking_children,Busan,Aug 28 2018 12:27AM,2
,Busan,2013,3,Walking_children,Busan,Aug 28 2018 12:27AM,2
,Busan,2013,4,Walking_children,Busan,Aug 28 2018 12:27AM,2
,Busan,2013,3,Walking_children,Busan,Aug 28 2018 12:27AM,2
,Busan,2013,4,Walking_children,Busan,Aug 28 2018 12:27AM,2
,Busan,2013,3,Walking_children,Busan,Aug 28 2018 12:27AM,2
,Chungcheongbukdo,2013,3,Walking_children,Chungcheongbukdo,Aug 28 2018 12:27AM,2
,Chungcheongbukdo,2013,3,Walking_children,Chungcheongbukdo,Aug 28 2018 12:27AM,2
,Chungcheongnamdo,2013,3,Walking_children,Chungcheongnamdo,Aug 28 2018 12:27AM,2
,Chungcheongnamdo,2013,3,Walking_children,Chungcheongnamdo,Aug 28 2018 12:27AM,2
,Gangwon,2013,3,Walking_children,Gangwon,Aug 28 2018 12:27AM,2
,Chungcheongbukdo,2013,4,Walking_children,Chungcheongbukdo,Aug 28 2018 12:27AM,2
,Chungcheongbukdo,2013,3,Walking_children,Chungcheongbukdo,Aug 28 2018 12:27AM,2
,Chungcheongbukdo,2013,3,Walking_children,Chungcheongbukdo,Aug 28 2018 12:27AM,2
,Chungcheongnamdo,2013,3,Walking_children,Chungcheongnamdo,Aug 28 2018 12:27AM,1
,Chungcheongnamdo,2013,3,Walking_children,Chungcheongnamdo,Aug 28 2018 12:27AM,1
,Jeollabukdo,2013,3,Walking_children,Jeollabukdo,Aug 28 2018 12:27AM,1
,Jeollabukdo,2013,3,Walking_children,Jeollabukdo,Aug 28 2018 12:27AM,1
,Gangwon,2013,3,Walking_children,Gangwon,Aug 28 2018 12:27AM,2
,Seoul,2013,4,Walking_children,Seoul,Aug 28 2018 12:27AM,2
,Seoul,2013,3,Walking_children,Seoul,Aug 28 2018 12:27AM,2
,Seoul,2013,4,Walking_children,Seoul,Aug 28 2018 12:27AM,2
,Seoul,2013,3,Walking_children,Seoul,Aug 28 2018 12:27AM,2
,Seoul,2013,4,Walking_children,Seoul,Aug 28 2018 12:27AM,2
,Gangwon,2013,3,Walking_children,Gangwon,Aug 28 2018 12:27AM,1
,Gangwon,2013,3,Walking_children,Gangwon,Aug 28 2018 12:27AM,1
,Gangwon,2013,3,Walking_children,Gangwon,Aug 28 2018 12:27AM,1
,Gyeonggi,2013,3,Walking_children,Gyeonggi,Aug 28 2018 12:27AM,2
,Gyeonggi,2013,4,Walking_children,Gyeonggi,Aug 28 2018 12:27AM,2
,Gyeonggi,2013,3,Walking_children,Gyeonggi,Aug 28 2018 12:27AM,2
,Gyeonggi,2013,3,Walking_children,Gyeonggi,Aug 28 2018 12:27AM,2
,Gyeonggi,2013,4,Walking_children,Gyeonggi,Aug 28 2018 12:27AM,2
,Gyeonggi,2013,4,Walking_children,Gyeonggi,Aug 28 2018 12:27AM,2
,Gyeonggi,2013,3,Walking_children,Gyeonggi,Aug 28 2018 12:27AM,2
,Gyeonggi,2013,4,Walking_children,Gyeonggi,Aug 28 2018 12:27AM,2
,Gyeonggi,2013,3,Walking_children,Gyeonggi,Aug 28 2018 12:27AM,2
,Gyeonggi,2013,4,Walking_children,Gyeonggi,Aug 28 2018 12:27AM,2
,Gyeonggi,2013,3,Walking_children,Gyeonggi,Aug 28 2018 12:27AM,2
,Gyeonggi,2013,3,Walking_children,Gyeonggi,Aug 28 2018 12:27AM,2
,Gyeonggi,2013,3,Walking_children,Gyeonggi,Aug 28 2018 12:27AM,2
,Gangwon,2013,4,Walking_children,Gangwon,Aug 28 2018 12:27AM,2
,Gangwon,2013,3,Walking_children,Gangwon,Aug 28 2018 12:27AM,2
,Gangwon,2013,3,Walking_children,Gangwon,Aug 28 2018 12:27AM,2
,Gyeonggi,2013,3,Walking_children,Gyeonggi,Aug 28 2018 12:27AM,1
,Gyeonggi,2013,3,Walking_children,Gyeonggi,Aug 28 2018 12:27AM,2
,Gyeonggi,2013,4,Walking_children,Gyeonggi,Aug 28 2018 12:27AM,2
,Gyeonggi,2013,3,Walking_children,Gyeonggi,Aug 28 2018 12:27AM,2
,Gyeonggi,2013,3,Walking_children,Gyeonggi,Aug 28 2018 12:27AM,2
,Gyeonggi,2013,4,Walking_children,Gyeonggi,Aug 28 2018 12:27AM,2
,Seoul,2013,3,Walking_children,Seoul,Aug 28 2018 12:27AM,2
,Seoul,2013,4,Walking_children,Seoul,Aug 28 2018 12:27AM,2
,Seoul,2013,3,Walking_children,Seoul,Aug 28 2018 12:27AM,2
,Seoul,2013,4,Walking_children,Seoul,Aug 28 2018 12:27AM,2
,Seoul,2013,3,Walking_children,Seoul,Aug 28 2018 12:27AM,2
,Seoul,2013,5,Walking_children,Seoul,Aug 28 2018 12:27AM,2
,Seoul,2013,3,Walking_children,Seoul,Aug 28 2018 12:27AM,1
,Daejeon,2013,4,Walking_children,Daejeon,Aug 28 2018 12:27AM,2
,Daejeon,2013,3,Walking_children,Daejeon,Aug 28 2018 12:27AM,2
,Daejeon,2013,3,Walking_children,Daejeon,Aug 28 2018 12:27AM,2
,Daejeon,2013,3,Walking_children,Daejeon,Aug 28 2018 12:27AM,2
,Daejeon,2013,3,Walking_children,Daejeon,Aug 28 2018 12:27AM,2
,Ulsan,2013,3,Walking_children,Ulsan,Aug 28 2018 12:27AM,2
,Ulsan,2013,3,Walking_children,Ulsan,Aug 28 2018 12:27AM,2
,Ulsan,2013,3,Walking_children,Ulsan,Aug 28 2018 12:27AM,2
,Gyeonggi,2013,3,Walking_children,Gyeonggi,Aug 28 2018 12:27AM,2
,Gyeonggi,2013,5,Walking_children,Gyeonggi,Aug 28 2018 12:27AM,2
,Gyeonggi,2013,4,Walking_children,Gyeonggi,Aug 28 2018 12:27AM,2
,Gyeonggi,2013,3,Walking_children,Gyeonggi,Aug 28 2018 12:27AM,2
,Gyeonggi,2013,4,Walking_children,Gyeonggi,Aug 28 2018 12:27AM,2
,Gyeonggi,2013,3,Walking_children,Gyeonggi,Aug 28 2018 12:27AM,2
,Gyeonggi,2013,3,Walking_children,Gyeonggi,Aug 28 2018 12:27AM,2
,Gyeonggi,2013,3,Walking_children,Gyeonggi,Aug 28 2018 12:27AM,2
,Gyeonggi,2013,3,Walking_children,Gyeonggi,Aug 28 2018 12:27AM,2
,Gyeonggi,2013,3,Walking_children,Gyeonggi,Aug 28 2018 12:27AM,2
,Seoul,2013,3,Walking_children,Seoul,Aug 28 2018 12:27AM,2
,Gyeongsangbukdo,2013,4,Bicycle,Gyeongsangbukdo,Aug 28 2018 12:27AM,2
,Gyeongsangnamdo,2013,6,Bicycle,Gyeongsangnamdo,Aug 28 2018 12:27AM,2
,Gyeongsangnamdo,2013,6,Bicycle,Gyeongsangnamdo,Aug 28 2018 12:27AM,2
,Gyeongsangnamdo,2013,4,Bicycle,Gyeongsangnamdo,Aug 28 2018 12:27AM,2
,Gyeongsangnamdo,2013,4,Bicycle,Gyeongsangnamdo,Aug 28 2018 12:27AM,2
,Gyeongsangnamdo,2013,4,Bicycle,Gyeongsangnamdo,Aug 28 2018 12:27AM,2
,Gyeongsangnamdo,2013,4,Bicycle,Gyeongsangnamdo,Aug 28 2018 12:27AM,2
,Gyeongsangbukdo,2013,5,Bicycle,Gyeongsangbukdo,Aug 28 2018 12:27AM,2
,Gyeongsangbukdo,2013,4,Bicycle,Gyeongsangbukdo,Aug 28 2018 12:27AM,2
,Gyeongsangbukdo,2013,4,Bicycle,Gyeongsangbukdo,Aug 28 2018 12:27AM,2
,Gyeongsangnamdo,2013,5,Bicycle,Gyeongsangnamdo,Aug 28 2018 12:27AM,2
,Gyeongsangnamdo,2013,7,Bicycle,Gyeongsangnamdo,Aug 28 2018 12:27AM,1
,Seoul,2013,4,Walking_children,Seoul,Aug 28 2018 12:27AM,1
,Seoul,2013,3,Walking_children,Seoul,Aug 28 2018 12:27AM,1
,Seoul,2013,4,Walking_children,Seoul,Aug 28 2018 12:27AM,1
,Seoul,2013,4,Walking_children,Seoul,Aug 28 2018 12:27AM,1
,Seoul,2013,4,Walking_children,Seoul,Aug 28 2018 12:27AM,1
,Seoul,2013,3,Walking_children,Seoul,Aug 28 2018 12:27AM,1
,Gyeongsangnamdo,2013,4,Bicycle,Gyeongsangnamdo,Aug 28 2018 12:27AM,2
,Jeju,2013,6,Bicycle,Jeju,Aug 28 2018 12:27AM,2
,Jeju,2013,4,Bicycle,Jeju,Aug 28 2018 12:27AM,2
,Seoul,2013,3,Walking_children,Seoul,Aug 28 2018 12:27AM,2
,Seoul,2013,5,Walking_children,Seoul,Aug 28 2018 12:27AM,2
,Seoul,2013,4,Walking_children,Seoul,Aug 28 2018 12:27AM,2
,Gyeongsangnamdo,2013,5,Bicycle,Gyeongsangnamdo,Aug 28 2018 12:27AM,1
,Gyeongsangnamdo,2013,6,Bicycle,Gyeongsangnamdo,Aug 28 2018 12:27AM,2
,Gyeongsangnamdo,2013,5,Bicycle,Gyeongsangnamdo,Aug 28 2018 12:27AM,2
,Gyeongsangnamdo,2013,8,Bicycle,Gyeongsangnamdo,Aug 28 2018 12:27AM,2
,Gyeongsangnamdo,2013,8,Bicycle,Gyeongsangnamdo,Aug 28 2018 12:27AM,2
,Gyeongsangnamdo,2013,4,Bicycle,Gyeongsangnamdo,Aug 28 2018 12:27AM,2
,Gyeongsangnamdo,2013,5,Bicycle,Gyeongsangnamdo,Aug 28 2018 12:27AM,2
,Gyeongsangnamdo,2013,5,Bicycle,Gyeongsangnamdo,Aug 28 2018 12:27AM,2
,Chungcheongbukdo,2013,5,Bicycle,Chungcheongbukdo,Aug 28 2018 12:27AM,2
,Chungcheongbukdo,2013,8,Bicycle,Chungcheongbukdo,Aug 28 2018 12:27AM,2
,Chungcheongbukdo,2013,5,Bicycle,Chungcheongbukdo,Aug 28 2018 12:27AM,2
,Chungcheongbukdo,2013,5,Bicycle,Chungcheongbukdo,Aug 28 2018 12:27AM,2
,Chungcheongbukdo,2013,4,Bicycle,Chungcheongbukdo,Aug 28 2018 12:27AM,1
,Chungcheongbukdo,2013,4,Bicycle,Chungcheongbukdo,Aug 28 2018 12:27AM,1
,Gyeongsangbukdo,2013,5,Bicycle,Gyeongsangbukdo,Aug 28 2018 12:27AM,1
,Gyeongsangbukdo,2013,4,Bicycle,Gyeongsangbukdo,Aug 28 2018 12:27AM,2
,Gyeongsangbukdo,2013,4,Bicycle,Gyeongsangbukdo,Aug 28 2018 12:27AM,2
,Gyeongsangbukdo,2013,4,Bicycle,Gyeongsangbukdo,Aug 28 2018 12:27AM,2
,Gyeongsangbukdo,2013,5,Bicycle,Gyeongsangbukdo,Aug 28 2018 12:27AM,2
,Gyeongsangbukdo,2013,5,Bicycle,Gyeongsangbukdo,Aug 28 2018 12:27AM,2
,Gyeongsangbukdo,2013,8,Bicycle,Gyeongsangbukdo,Aug 28 2018 12:27AM,2
,Gyeongsangbukdo,2013,7,Bicycle,Gyeongsangbukdo,Aug 28 2018 12:27AM,2
,Gyeongsangbukdo,2013,7,Bicycle,Gyeongsangbukdo,Aug 28 2018 12:27AM,2
,Gyeongsangbukdo,2013,6,Bicycle,Gyeongsangbukdo,Aug 28 2018 12:27AM,2
,Gyeongsangbukdo,2013,6,Bicycle,Gyeongsangbukdo,Aug 28 2018 12:27AM,2
,Gyeongsangbukdo,2013,4,Bicycle,Gyeongsangbukdo,Aug 28 2018 12:27AM,1
,Gyeongsangbukdo,2013,5,Bicycle,Gyeongsangbukdo,Aug 28 2018 12:27AM,2
,Gyeongsangbukdo,2013,4,Bicycle,Gyeongsangbukdo,Aug 28 2018 12:27AM,2
,Jeollabukdo,2013,5,Bicycle,Jeollabukdo,Aug 28 2018 12:27AM,2
,Jeollabukdo,2013,4,Bicycle,Jeollabukdo,Aug 28 2018 12:27AM,2
,Jeollabukdo,2013,4,Bicycle,Jeollabukdo,Aug 28 2018 12:27AM,2
,Jeollanamdo,2013,5,Bicycle,Jeollanamdo,Aug 28 2018 12:27AM,2
,Jeollanamdo,2013,5,Bicycle,Jeollanamdo,Aug 28 2018 12:27AM,2
,Jeollabukdo,2013,4,Bicycle,Jeollabukdo,Aug 28 2018 12:27AM,2
,Jeollabukdo,2013,6,Bicycle,Jeollabukdo,Aug 28 2018 12:27AM,2
,Jeollabukdo,2013,4,Bicycle,Jeollabukdo,Aug 28 2018 12:27AM,2
,Jeollabukdo,2013,4,Bicycle,Jeollabukdo,Aug 28 2018 12:27AM,2
,Jeollabukdo,2013,4,Bicycle,Jeollabukdo,Aug 28 2018 12:27AM,2
,Gyeongsangbukdo,2013,5,Bicycle,Gyeongsangbukdo,Aug 28 2018 12:27AM,2
,Gyeongsangbukdo,2013,4,Bicycle,Gyeongsangbukdo,Aug 28 2018 12:27AM,2
,Gyeongsangbukdo,2013,4,Bicycle,Gyeongsangbukdo,Aug 28 2018 12:27AM,2
,Gyeongsangbukdo,2013,4,Bicycle,Gyeongsangbukdo,Aug 28 2018 12:27AM,2
,Gyeongsangbukdo,2013,5,Bicycle,Gyeongsangbukdo,Aug 28 2018 12:27AM,2
,Gyeongsangbukdo,2013,4,Bicycle,Gyeongsangbukdo,Aug 28 2018 12:27AM,2
,Chungcheongbukdo,2013,4,Bicycle,Chungcheongbukdo,Aug 28 2018 12:27AM,2
,Jeollabukdo,2013,4,Bicycle,Jeollabukdo,Aug 28 2018 12:27AM,2
,Jeollabukdo,2013,9,Bicycle,Jeollabukdo,Aug 28 2018 12:27AM,2
,Jeollabukdo,2013,5,Bicycle,Jeollabukdo,Aug 28 2018 12:27AM,2
,Jeollabukdo,2013,4,Bicycle,Jeollabukdo,Aug 28 2018 12:27AM,1
,Gyeongsangbukdo,2013,6,Bicycle,Gyeongsangbukdo,Aug 28 2018 12:27AM,1
,Gyeongsangbukdo,2013,9,Bicycle,Gyeongsangbukdo,Aug 28 2018 12:27AM,2
,Gyeongsangbukdo,2013,7,Bicycle,Gyeongsangbukdo,Aug 28 2018 12:27AM,2
,Gyeongsangbukdo,2013,6,Bicycle,Gyeongsangbukdo,Aug 28 2018 12:27AM,2
,Chungcheongbukdo,2013,4,Bicycle,Chungcheongbukdo,Aug 28 2018 12:27AM,2
,Gyeongsangbukdo,2013,5,Bicycle,Gyeongsangbukdo,Aug 28 2018 12:27AM,2
,Gyeongsangbukdo,2013,5,Bicycle,Gyeongsangbukdo,Aug 28 2018 12:27AM,2
,Gyeongsangbukdo,2013,5,Bicycle,Gyeongsangbukdo,Aug 28 2018 12:27AM,2
,Gyeongsangbukdo,2013,4,Bicycle,Gyeongsangbukdo,Aug 28 2018 12:27AM,2
,Gyeongsangbukdo,2013,4,Bicycle,Gyeongsangbukdo,Aug 28 2018 12:27AM,2
,Chungcheongbukdo,2013,4,Bicycle,Chungcheongbukdo,Aug 28 2018 12:27AM,1
,Chungcheongbukdo,2013,4,Bicycle,Chungcheongbukdo,Aug 28 2018 12:27AM,1
,Gyeonggi,2013,4,Bicycle,Gyeonggi,Aug 28 2018 12:27AM,2
,Gyeonggi,2013,4,Bicycle,Gyeonggi,Aug 28 2018 12:27AM,2
,Gyeonggi,2013,5,Bicycle,Gyeonggi,Aug 28 2018 12:27AM,2
,Chungcheongbukdo,2013,4,Bicycle,Chungcheongbukdo,Aug 28 2018 12:27AM,1
37,Gyeonggi,2013,3,Walking_old_man,Gyeonggi,Aug 28 2018 12:27AM,1
37,Gangwon,2013,5,Walking_old_man,Gangwon,Aug 28 2018 12:27AM,1
37,Gangwon,2013,5,Walking_old_man,Gangwon,Aug 28 2018 12:27AM,2
,Gangwon,2013,4,Bicycle,Gangwon,Aug 28 2018 12:27AM,2
,Gangwon,2013,5,Bicycle,Gangwon,Aug 28 2018 12:27AM,2
,Chungcheongbukdo,2013,6,Bicycle,Chungcheongbukdo,Aug 28 2018 12:27AM,2
,Chungcheongbukdo,2013,5,Bicycle,Chungcheongbukdo,Aug 28 2018 12:27AM,1
,Gangwon,2013,4,Bicycle,Gangwon,Aug 28 2018 12:27AM,1
,Gangwon,2013,4,Bicycle,Gangwon,Aug 28 2018 12:27AM,2
,Gangwon,2013,4,Bicycle,Gangwon,Aug 28 2018 12:27AM,2
,Gyeonggi,2013,4,Bicycle,Gyeonggi,Aug 28 2018 12:27AM,2
,Gangwon,2013,4,Bicycle,Gangwon,Aug 28 2018 12:27AM,2
,Gyeonggi,2013,5,Bicycle,Gyeonggi,Aug 28 2018 12:27AM,2
,Gyeonggi,2013,5,Bicycle,Gyeonggi,Aug 28 2018 12:27AM,2
,Gyeonggi,2013,5,Bicycle,Gyeonggi,Aug 28 2018 12:27AM,2
,Gyeonggi,2013,5,Bicycle,Gyeonggi,Aug 28 2018 12:27AM,2
,Gyeonggi,2013,4,Bicycle,Gyeonggi,Aug 28 2018 12:27AM,2
,Gyeonggi,2013,7,Bicycle,Gyeonggi,Aug 28 2018 12:27AM,1
,Gyeonggi,2013,4,Bicycle,Gyeonggi,Aug 28 2018 12:27AM,1
,Gyeonggi,2013,4,Bicycle,Gyeonggi,Aug 28 2018 12:27AM,2
,Gyeonggi,2013,4,Bicycle,Gyeonggi,Aug 28 2018 12:27AM,2
,Gyeonggi,2013,4,Bicycle,Gyeonggi,Aug 28 2018 12:27AM,2
,Gyeonggi,2013,4,Bicycle,Gyeonggi,Aug 28 2018 12:27AM,2
,Gyeonggi,2013,4,Bicycle,Gyeonggi,Aug 28 2018 12:27AM,2
,Gyeonggi,2013,4,Bicycle,Gyeonggi,Aug 28 2018 12:27AM,1
,Gyeonggi,2013,4,Bicycle,Gyeonggi,Aug 28 2018 12:27AM,2
,Gyeonggi,2013,4,Bicycle,Gyeonggi,Aug 28 2018 12:27AM,2
,Gyeonggi,2013,4,Bicycle,Gyeonggi,Aug 28 2018 12:27AM,2
,Gyeonggi,2013,4,Bicycle,Gyeonggi,Aug 28 2018 12:27AM,2
,Gyeonggi,2013,5,Bicycle,Gyeonggi,Aug 28 2018 12:27AM,2
,Gyeonggi,2013,5,Bicycle,Gyeonggi,Aug 28 2018 12:27AM,2
,Gyeonggi,2013,5,Bicycle,Gyeonggi,Aug 28 2018 12:27AM,2
,Gyeonggi,2013,5,Bicycle,Gyeonggi,Aug 28 2018 12:27AM,2
,Gyeonggi,2013,5,Bicycle,Gyeonggi,Aug 28 2018 12:27AM,2
,Gyeonggi,2013,4,Bicycle,Gyeonggi,Aug 28 2018 12:27AM,2
,Gyeonggi,2013,4,Bicycle,Gyeonggi,Aug 28 2018 12:27AM,2
,Gyeonggi,2013,4,Bicycle,Gyeonggi,Aug 28 2018 12:27AM,2
,Gyeonggi,2013,5,Bicycle,Gyeonggi,Aug 28 2018 12:27AM,2
,Gyeonggi,2013,4,Bicycle,Gyeonggi,Sep 26 2018  7:24AM,2
,Gyeonggi,2013,5,Bicycle,Gyeonggi,Sep 26 2018  7:24AM,2
,Gyeonggi,2013,5,Bicycle,Gyeonggi,Sep 26 2018  7:24AM,2
,Gyeonggi,2013,5,Bicycle,Gyeonggi,Sep 26 2018  7:24AM,2
,Gyeonggi,2013,4,Bicycle,Gyeonggi,Sep 26 2018  7:24AM,2
,Gyeonggi,2013,5,Bicycle,Gyeonggi,Sep 26 2018  7:24AM,2
,Gyeonggi,2013,5,Bicycle,Gyeonggi,Sep 26 2018  7:24AM,2
,Gyeonggi,2013,5,Bicycle,Gyeonggi,Sep 26 2018  7:24AM,2
,Gyeonggi,2013,5,Bicycle,Gyeonggi,Sep 26 2018  7:24AM,1
,Gyeonggi,2013,8,Bicycle,Gyeonggi,Sep 26 2018  7:24AM,1
,Gyeonggi,2013,6,Bicycle,Gyeonggi,Sep 26 2018  7:24AM,1
,Gyeonggi,2013,8,Bicycle,Gyeonggi,Sep 26 2018  7:24AM,1
,Gyeonggi,2013,4,Bicycle,Gyeonggi,Sep 26 2018  7:24AM,2
,Gyeonggi,2013,4,Bicycle,Gyeonggi,Sep 26 2018  7:24AM,2
,Gyeonggi,2013,4,Bicycle,Gyeonggi,Sep 26 2018  7:24AM,2
,Gyeonggi,2013,4,Bicycle,Gyeonggi,Sep 26 2018  7:24AM,2
,Gyeonggi,2013,11,Bicycle,Gyeonggi,Sep 26 2018  7:24AM,2
,Gyeonggi,2013,9,Bicycle,Gyeonggi,Sep 26 2018  7:24AM,1
,Gyeonggi,2013,4,Bicycle,Gyeonggi,Sep 26 2018  7:24AM,1
,Gyeonggi,2013,4,Bicycle,Gyeonggi,Sep 26 2018  7:24AM,2
,Gyeonggi,2013,4,Bicycle,Gyeonggi,Sep 26 2018  7:24AM,2
,Gyeonggi,2013,4,Bicycle,Gyeonggi,Sep 26 2018  7:24AM,2
,Gyeonggi,2013,4,Bicycle,Gyeonggi,Sep 26 2018  7:24AM,2
,Gyeonggi,2013,5,Bicycle,Gyeonggi,Sep 26 2018  7:24AM,2
,Gyeonggi,2013,6,Bicycle,Gyeonggi,Sep 26 2018  7:24AM,2
,Gyeonggi,2013,6,Bicycle,Gyeonggi,Sep 26 2018  7:24AM,2
,Gyeonggi,2013,5,Bicycle,Gyeonggi,Sep 26 2018  7:24AM,2
,Gyeonggi,2013,4,Bicycle,Gyeonggi,Sep 26 2018  7:24AM,2
,Gyeonggi,2013,4,Bicycle,Gyeonggi,Sep 26 2018  7:24AM,2
,Sejong,2013,6,Bicycle,Sejong,Sep 26 2018  7:24AM,1
,Ulsan,2013,4,Bicycle,Ulsan,Sep 26 2018  7:24AM,2
,Ulsan,2013,4,Bicycle,Ulsan,Sep 26 2018  7:24AM,2
,Ulsan,2013,4,Bicycle,Ulsan,Sep 26 2018  7:24AM,2
,Ulsan,2013,4,Bicycle,Ulsan,Sep 26 2018  7:24AM,2
,Ulsan,2013,4,Bicycle,Ulsan,Sep 26 2018  7:24AM,1
,Gwangju,2013,6,Bicycle,Gwangju,Sep 26 2018  7:24AM,2
,Gwangju,2013,4,Bicycle,Gwangju,Sep 26 2018  7:24AM,2
,Gwangju,2013,4,Bicycle,Gwangju,Sep 26 2018  7:24AM,2
,Gwangju,2013,4,Bicycle,Gwangju,Sep 26 2018  7:24AM,2
,Gwangju,2013,4,Bicycle,Gwangju,Sep 26 2018  7:24AM,1
,Daejeon,2013,5,Bicycle,Daejeon,Sep 26 2018  7:24AM,2
,Daejeon,2013,4,Bicycle,Daejeon,Sep 26 2018  7:24AM,2
,Daejeon,2013,4,Bicycle,Daejeon,Sep 26 2018  7:24AM,2
,Daejeon,2013,4,Bicycle,Daejeon,Sep 26 2018  7:24AM,2
,Daejeon,2013,5,Bicycle,Daejeon,Sep 26 2018  7:24AM,2
,Daejeon,2013,4,Bicycle,Daejeon,Sep 26 2018  7:24AM,1
,Daejeon,2013,4,Bicycle,Daejeon,Sep 26 2018  7:24AM,2
,Daejeon,2013,4,Bicycle,Daejeon,Sep 26 2018  7:24AM,2
,Ulsan,2013,6,Bicycle,Ulsan,Sep 26 2018  7:24AM,2
,Ulsan,2013,5,Bicycle,Ulsan,Sep 26 2018  7:24AM,2
,Ulsan,2013,6,Bicycle,Ulsan,Sep 26 2018  7:24AM,2
,Ulsan,2013,5,Bicycle,Ulsan,Sep 26 2018  7:24AM,2
,Ulsan,2013,4,Bicycle,Ulsan,Sep 26 2018  7:24AM,2
,Daegu,2013,5,Bicycle,Daegu,Sep 26 2018  7:24AM,1
,Gwangju,2013,4,Bicycle,Gwangju,Sep 26 2018  7:24AM,1
,Incheon,2013,4,Bicycle,Incheon,Sep 26 2018  7:24AM,1
,Incheon,2013,4,Bicycle,Incheon,Sep 26 2018  7:24AM,2
,Gwangju,2013,5,Bicycle,Gwangju,Sep 26 2018  7:24AM,2
,Gwangju,2013,5,Bicycle,Gwangju,Sep 26 2018  7:24AM,2
,Gwangju,2013,4,Bicycle,Gwangju,Sep 26 2018  7:24AM,2
,Incheon,2013,4,Bicycle,Incheon,Sep 26 2018  7:24AM,1
,Incheon,2013,4,Bicycle,Incheon,Sep 26 2018  7:24AM,1
,Incheon,2013,4,Bicycle,Incheon,Sep 26 2018  7:24AM,2
,Incheon,2013,4,Bicycle,Incheon,Sep 26 2018  7:24AM,1
,Incheon,2013,6,Bicycle,Incheon,Sep 26 2018  7:24AM,1
,Incheon,2013,7,Bicycle,Incheon,Sep 26 2018  7:24AM,2
,Incheon,2013,4,Bicycle,Incheon,Sep 26 2018  7:24AM,2
,Incheon,2013,4,Bicycle,Incheon,Sep 26 2018  7:24AM,2
,Incheon,2013,4,Bicycle,Incheon,Sep 26 2018  7:24AM,2
,Incheon,2013,7,Bicycle,Incheon,Sep 26 2018  7:24AM,2
,Incheon,2013,5,Bicycle,Incheon,Sep 26 2018  7:24AM,2
,Daegu,2013,4,Bicycle,Daegu,Sep 26 2018  7:24AM,1
,Daegu,2013,4,Bicycle,Daegu,Sep 26 2018  7:24AM,2
,Daegu,2013,4,Bicycle,Daegu,Sep 26 2018  7:24AM,2
,Daegu,2013,4,Bicycle,Daegu,Sep 26 2018  7:24AM,2
,Daegu,2013,4,Bicycle,Daegu,Sep 26 2018  7:24AM,2
,Daegu,2013,5,Bicycle,Daegu,Sep 26 2018  7:24AM,2
,Daegu,2013,4,Bicycle,Daegu,Sep 26 2018  7:24AM,2
,Daegu,2013,4,Bicycle,Daegu,Sep 26 2018  7:24AM,1
,Daegu,2013,4,Bicycle,Daegu,Sep 26 2018  7:24AM,1
,Daegu,2013,4,Bicycle,Daegu,Sep 26 2018  7:24AM,1
,Daegu,2013,5,Bicycle,Daegu,Sep 26 2018  7:24AM,2
,Daegu,2013,5,Bicycle,Daegu,Sep 26 2018  7:24AM,2
,Daegu,2013,5,Bicycle,Daegu,Sep 26 2018  7:24AM,2
,Daegu,2013,5,Bicycle,Daegu,Sep 26 2018  7:24AM,2
,Daegu,2013,6,Bicycle,Daegu,Sep 26 2018  7:24AM,2
,Daegu,2013,6,Bicycle,Daegu,Sep 26 2018  7:24AM,2
,Daegu,2013,6,Bicycle,Daegu,Sep 26 2018  7:24AM,2
,Daegu,2013,6,Bicycle,Daegu,Sep 26 2018  7:24AM,1
,Daegu,2013,6,Bicycle,Daegu,Sep 26 2018  7:24AM,2
,Daegu,2013,5,Bicycle,Daegu,Sep 26 2018  7:24AM,2
,Daegu,2013,5,Bicycle,Daegu,Sep 26 2018  7:24AM,2
,Daegu,2013,5,Bicycle,Daegu,Sep 26 2018  7:24AM,2
,Daegu,2013,5,Bicycle,Daegu,Sep 26 2018  7:24AM,2
,Daegu,2013,5,Bicycle,Daegu,Sep 26 2018  7:24AM,2
,Daegu,2013,5,Bicycle,Daegu,Sep 26 2018  7:24AM,1
,Jeju,2013,9,Stepless_crossing,Jeju,Sep 26 2018  7:24AM,2
,Jeju,2013,7,Stepless_crossing,Jeju,Sep 26 2018  7:24AM,2
,Jeju,2013,5,Stepless_crossing,Jeju,Sep 26 2018  7:24AM,2
,Daegu,2013,6,Bicycle,Daegu,Sep 26 2018  7:24AM,2
,Daegu,2013,5,Bicycle,Daegu,Sep 26 2018  7:24AM,2
,Daegu,2013,4,Bicycle,Daegu,Sep 26 2018  7:24AM,2
,Daegu,2013,4,Bicycle,Daegu,Sep 26 2018  7:24AM,2
,Daegu,2013,9,Bicycle,Daegu,Sep 26 2018  7:24AM,2
,Daegu,2013,9,Bicycle,Daegu,Sep 26 2018  7:24AM,2
,Daegu,2013,9,Bicycle,Daegu,Sep 26 2018  7:24AM,2
,Daegu,2013,7,Bicycle,Daegu,Sep 26 2018  7:24AM,2
,Daegu,2013,7,Bicycle,Daegu,Sep 26 2018  7:24AM,2
,Daegu,2013,7,Bicycle,Daegu,Sep 26 2018  7:24AM,2
,Daegu,2013,6,Bicycle,Daegu,Sep 26 2018  7:24AM,2
,Daegu,2013,6,Bicycle,Daegu,Sep 26 2018  7:24AM,2
,Daegu,2013,6,Bicycle,Daegu,Sep 26 2018  7:24AM,2
,Daegu,2013,6,Bicycle,Daegu,Sep 26 2018  7:24AM,2
,Daegu,2013,6,Bicycle,Daegu,Sep 26 2018  7:24AM,2
,Daegu,2013,6,Bicycle,Daegu,Sep 26 2018  7:24AM,2
,Daegu,2013,5,Bicycle,Daegu,Sep 26 2018  7:24AM,2
,Daegu,2013,5,Bicycle,Daegu,Sep 26 2018  7:24AM,2
,Daegu,2013,4,Bicycle,Daegu,Sep 26 2018  7:24AM,1
,Daegu,2013,4,Bicycle,Daegu,Sep 26 2018  7:24AM,2
,Daegu,2013,4,Bicycle,Daegu,Sep 26 2018  7:24AM,2
,Daegu,2013,4,Bicycle,Daegu,Sep 26 2018  7:24AM,2
,Daegu,2013,4,Bicycle,Daegu,Sep 26 2018  7:24AM,2
,Daegu,2013,4,Bicycle,Daegu,Sep 26 2018  7:24AM,2
,Daegu,2013,4,Bicycle,Daegu,Sep 26 2018  7:24AM,2
,Daegu,2013,4,Bicycle,Daegu,Sep 26 2018  7:24AM,2
,Daegu,2013,9,Bicycle,Daegu,Sep 26 2018  7:24AM,2
,Daegu,2013,8,Bicycle,Daegu,Sep 26 2018  7:24AM,2
,Daegu,2013,8,Bicycle,Daegu,Sep 26 2018  7:24AM,2
,Daegu,2013,7,Bicycle,Daegu,Sep 26 2018  7:24AM,1
,Daegu,2013,7,Bicycle,Daegu,Sep 26 2018  7:24AM,2
,Daegu,2013,7,Bicycle,Daegu,Sep 26 2018  7:24AM,2
,Daegu,2013,6,Bicycle,Daegu,Sep 26 2018  7:24AM,2
,Daegu,2013,6,Bicycle,Daegu,Sep 26 2018  7:24AM,2
,Daegu,2013,6,Bicycle,Daegu,Sep 26 2018  7:24AM,2
,Daegu,2013,6,Bicycle,Daegu,Sep 26 2018  7:24AM,2
,Daegu,2013,5,Bicycle,Daegu,Sep 26 2018  7:24AM,2
,Daegu,2013,5,Bicycle,Daegu,Sep 26 2018  7:24AM,2
,Daegu,2013,5,Bicycle,Daegu,Sep 26 2018  7:24AM,2
,Daegu,2013,5,Bicycle,Daegu,Sep 26 2018  7:24AM,2
,Daegu,2013,5,Bicycle,Daegu,Sep 26 2018  7:24AM,2
,Daegu,2013,4,Bicycle,Daegu,Sep 26 2018  7:24AM,2
,Daegu,2013,4,Bicycle,Daegu,Sep 26 2018  7:24AM,2
,Daegu,2013,9,Bicycle,Daegu,Sep 26 2018  7:24AM,2
,Daegu,2013,8,Bicycle,Daegu,Sep 26 2018  7:24AM,2
,Daegu,2013,7,Bicycle,Daegu,Sep 26 2018  7:24AM,2
,Daegu,2013,5,Bicycle,Daegu,Sep 26 2018  7:24AM,2
,Daegu,2013,5,Bicycle,Daegu,Sep 26 2018  7:24AM,2
,Daegu,2013,5,Bicycle,Daegu,Sep 26 2018  7:24AM,2
,Daegu,2013,5,Bicycle,Daegu,Sep 26 2018  7:24AM,2
,Daegu,2013,4,Bicycle,Daegu,Sep 26 2018  7:24AM,2
,Daegu,2013,4,Bicycle,Daegu,Sep 26 2018  7:24AM,2
,Daegu,2013,4,Bicycle,Daegu,Sep 26 2018  7:24AM,2
,Daegu,2013,4,Bicycle,Daegu,Sep 26 2018  7:24AM,2
,Daegu,2013,4,Bicycle,Daegu,Sep 26 2018  7:24AM,2
,Daegu,2013,6,Bicycle,Daegu,Sep 26 2018  7:24AM,1
,Daegu,2013,4,Bicycle,Daegu,Sep 26 2018  7:24AM,1
,Daegu,2013,6,Bicycle,Daegu,Sep 26 2018  7:24AM,2
,Daegu,2013,6,Bicycle,Daegu,Sep 26 2018  7:24AM,2
,Daegu,2013,5,Bicycle,Daegu,Sep 26 2018  7:24AM,2
,Daegu,2013,4,Bicycle,Daegu,Sep 26 2018  7:24AM,2
,Daegu,2013,4,Bicycle,Daegu,Sep 26 2018  7:24AM,2
,Daegu,2013,4,Bicycle,Daegu,Sep 26 2018  7:24AM,2
,Daegu,2013,10,Bicycle,Daegu,Sep 26 2018  7:24AM,2
,Daegu,2013,8,Bicycle,Daegu,Sep 26 2018  7:24AM,2
,Daegu,2013,8,Bicycle,Daegu,Sep 26 2018  7:24AM,2
,Daegu,2013,7,Bicycle,Daegu,Sep 26 2018  7:24AM,2
,Daegu,2013,6,Bicycle,Daegu,Sep 26 2018  7:24AM,2
,Busan,2013,5,Bicycle,Busan,Sep 26 2018  7:24AM,1
,Daegu,2013,11,Bicycle,Daegu,Sep 26 2018  7:24AM,2
,Daegu,2013,7,Bicycle,Daegu,Sep 26 2018  7:24AM,1
,Daegu,2013,7,Bicycle,Daegu,Sep 26 2018  7:24AM,1
,Daegu,2013,6,Bicycle,Daegu,Sep 26 2018  7:24AM,1
,Daegu,2013,4,Bicycle,Daegu,Sep 26 2018  7:24AM,2
,Daegu,2013,4,Bicycle,Daegu,Sep 26 2018  7:24AM,2
,Daegu,2013,7,Bicycle,Daegu,Sep 26 2018  7:24AM,1
,Busan,2013,5,Bicycle,Busan,Sep 26 2018  7:24AM,1
,Seoul,2013,6,Bicycle,Seoul,Sep 26 2018  7:24AM,1
,Gyeongsangnamdo,2013,2,Stepless_crossing,Gyeongsangnamdo,Sep 26 2018  7:24AM,1
,Gyeongsangnamdo,2013,4,Stepless_crossing,Gyeongsangnamdo,Sep 26 2018  7:24AM,1
,Gyeongsangnamdo,2013,11,Stepless_crossing,Gyeongsangnamdo,Sep 26 2018  7:24AM,1
,Gyeongsangnamdo,2013,5,Stepless_crossing,Gyeongsangnamdo,Sep 26 2018  7:24AM,1
,Busan,2013,4,Bicycle,Busan,Sep 26 2018  7:24AM,1
,Seoul,2013,4,Bicycle,Seoul,Sep 26 2018  7:24AM,2
,Seoul,2013,8,Bicycle,Seoul,Sep 26 2018  7:24AM,2
,Seoul,2013,7,Bicycle,Seoul,Oct 23 2018 10:24PM,2
,Seoul,2013,6,Bicycle,Seoul,Oct 23 2018 10:24PM,2
,Seoul,2013,6,Bicycle,Seoul,Oct 23 2018 10:24PM,2
,Seoul,2013,6,Bicycle,Seoul,Oct 23 2018 10:24PM,2
,Seoul,2013,6,Bicycle,Seoul,Oct 23 2018 10:24PM,2
,Seoul,2013,5,Bicycle,Seoul,Oct 23 2018 10:24PM,2
,Seoul,2013,5,Bicycle,Seoul,Oct 23 2018 10:24PM,2
,Seoul,2013,4,Bicycle,Seoul,Oct 23 2018 10:24PM,2
,Seoul,2013,4,Bicycle,Seoul,Oct 23 2018 10:24PM,2
,Seoul,2013,4,Bicycle,Seoul,Oct 23 2018 10:24PM,2
,Seoul,2013,4,Bicycle,Seoul,Oct 23 2018 10:24PM,2
,Busan,2013,5,Bicycle,Busan,Oct 23 2018 10:24PM,2
,Busan,2013,5,Bicycle,Busan,Oct 23 2018 10:24PM,2
,Busan,2013,4,Bicycle,Busan,Oct 23 2018 10:24PM,2
,Busan,2013,6,Bicycle,Busan,Oct 23 2018 10:24PM,2
,Busan,2013,4,Bicycle,Busan,Oct 23 2018 10:24PM,2
,Busan,2013,5,Bicycle,Busan,Oct 23 2018 10:24PM,2
,Busan,2013,4,Bicycle,Busan,Oct 23 2018 10:24PM,2
,Busan,2013,6,Bicycle,Busan,Oct 23 2018 10:24PM,2
,Busan,2013,5,Bicycle,Busan,Oct 23 2018 10:24PM,2
,Busan,2013,6,Bicycle,Busan,Oct 23 2018 10:24PM,2
,Busan,2013,6,Bicycle,Busan,Oct 23 2018 10:24PM,2
,Seoul,2013,5,Bicycle,Seoul,Oct 23 2018 10:24PM,2
,Seoul,2013,5,Bicycle,Seoul,Oct 23 2018 10:24PM,2
,Seoul,2013,5,Bicycle,Seoul,Oct 23 2018 10:24PM,2
,Seoul,2013,5,Bicycle,Seoul,Oct 23 2018 10:24PM,2
,Seoul,2013,5,Bicycle,Seoul,Oct 23 2018 10:24PM,2
,Seoul,2013,5,Bicycle,Seoul,Oct 23 2018 10:24PM,2
,Seoul,2013,5,Bicycle,Seoul,Oct 23 2018 10:24PM,2
,Seoul,2013,5,Bicycle,Seoul,Oct 23 2018 10:24PM,2
,Seoul,2013,5,Bicycle,Seoul,Oct 23 2018 10:24PM,2
,Seoul,2013,4,Bicycle,Seoul,Oct 23 2018 10:24PM,2
,Seoul,2013,4,Bicycle,Seoul,Oct 23 2018 10:24PM,2
,Seoul,2013,4,Bicycle,Seoul,Oct 23 2018 10:24PM,2
,Jeju,2013,4,Stepless_crossing,Jeju,Oct 23 2018 10:24PM,2
,Jeju,2013,4,Stepless_crossing,Jeju,Oct 23 2018 10:24PM,2
,Gyeongsangnamdo,2013,4,Stepless_crossing,Gyeongsangnamdo,Oct 23 2018 10:24PM,2
,Gyeongsangnamdo,2013,4,Stepless_crossing,Gyeongsangnamdo,Oct 23 2018 10:24PM,2
,Jeju,2013,9,Stepless_crossing,Jeju,Oct 23 2018 10:24PM,2
,Jeju,2013,8,Stepless_crossing,Jeju,Oct 23 2018 10:24PM,2
,Jeju,2013,5,Stepless_crossing,Jeju,Oct 23 2018 10:24PM,2
,Jeju,2013,5,Stepless_crossing,Jeju,Oct 23 2018 10:24PM,1
,Jeju,2013,4,Stepless_crossing,Jeju,Oct 23 2018 10:24PM,1
,Jeju,2013,4,Stepless_crossing,Jeju,Oct 23 2018 10:24PM,1
,Jeju,2013,4,Stepless_crossing,Jeju,Oct 23 2018 10:24PM,1
,Jeju,2013,4,Stepless_crossing,Jeju,Oct 23 2018 10:24PM,1
,Seoul,2013,5,Bicycle,Seoul,Oct 23 2018 10:24PM,1
,Seoul,2013,5,Bicycle,Seoul,Oct 23 2018 10:24PM,2
,Seoul,2013,5,Bicycle,Seoul,Oct 23 2018 10:24PM,2
,Seoul,2013,5,Bicycle,Seoul,Oct 23 2018 10:24PM,2
,Seoul,2013,5,Bicycle,Seoul,Oct 23 2018 10:24PM,2
,Seoul,2013,5,Bicycle,Seoul,Oct 23 2018 10:24PM,2
,Gyeongsangnamdo,2013,5,Stepless_crossing,Gyeongsangnamdo,Oct 23 2018 10:24PM,1
,Jeju,2013,4,Stepless_crossing,Jeju,Oct 23 2018 10:24PM,1
,Seoul,2013,6,Bicycle,Seoul,Oct 23 2018 10:24PM,2
,Seoul,2013,6,Bicycle,Seoul,Oct 23 2018 10:24PM,2
,Seoul,2013,6,Bicycle,Seoul,Oct 23 2018 10:24PM,2
,Seoul,2013,6,Bicycle,Seoul,Oct 23 2018 10:24PM,2
,Seoul,2013,6,Bicycle,Seoul,Oct 23 2018 10:24PM,2
,Gyeongsangnamdo,2013,4,Stepless_crossing,Gyeongsangnamdo,Oct 23 2018 10:24PM,1
,Seoul,2013,6,Bicycle,Seoul,Oct 23 2018 10:24PM,1
,Seoul,2013,6,Bicycle,Seoul,Oct 23 2018 10:24PM,1
,Gyeongsangnamdo,2013,3,Stepless_crossing,Gyeongsangnamdo,Oct 23 2018 10:24PM,2
,Gyeongsangnamdo,2013,2,Stepless_crossing,Gyeongsangnamdo,Oct 23 2018 10:24PM,1
,Gyeongsangnamdo,2013,5,Stepless_crossing,Gyeongsangnamdo,Oct 23 2018 10:24PM,1
,Gyeongsangnamdo,2013,9,Stepless_crossing,Gyeongsangnamdo,Oct 23 2018 10:24PM,2
,Gyeongsangnamdo,2013,8,Stepless_crossing,Gyeongsangnamdo,Oct 23 2018 10:24PM,2
,Gyeongsangnamdo,2013,7,Stepless_crossing,Gyeongsangnamdo,Oct 23 2018 10:24PM,2
,Gyeongsangnamdo,2013,7,Stepless_crossing,Gyeongsangnamdo,Oct 23 2018 10:24PM,2
,Gyeongsangnamdo,2013,5,Stepless_crossing,Gyeongsangnamdo,Oct 23 2018 10:24PM,2
,Gyeongsangnamdo,2013,4,Stepless_crossing,Gyeongsangnamdo,Oct 23 2018 10:24PM,2
,Gyeongsangnamdo,2013,7,Stepless_crossing,Gyeongsangnamdo,Oct 23 2018 10:24PM,2
,Gyeongsangnamdo,2013,6,Stepless_crossing,Gyeongsangnamdo,Oct 23 2018 10:24PM,2
,Gyeongsangnamdo,2013,5,Stepless_crossing,Gyeongsangnamdo,Oct 23 2018 10:24PM,2
,Gyeongsangnamdo,2013,4,Stepless_crossing,Gyeongsangnamdo,Oct 23 2018 10:24PM,2
,Gyeongsangnamdo,2013,4,Stepless_crossing,Gyeongsangnamdo,Oct 23 2018 10:24PM,2
,Gyeongsangbukdo,2013,4,Stepless_crossing,Gyeongsangbukdo,Oct 23 2018 10:24PM,1
,Gyeongsangbukdo,2013,4,Stepless_crossing,Gyeongsangbukdo,Oct 23 2018 10:24PM,1
,Seoul,2013,7,Bicycle,Seoul,Oct 23 2018 10:24PM,2
,Seoul,2013,7,Bicycle,Seoul,Oct 23 2018 10:24PM,2
,Seoul,2013,7,Bicycle,Seoul,Oct 23 2018 10:24PM,2
,Gyeongsangbukdo,2013,4,Stepless_crossing,Gyeongsangbukdo,Oct 23 2018 10:24PM,2
,Seoul,2013,5,Bicycle,Seoul,Oct 23 2018 10:24PM,2
,Seoul,2013,5,Bicycle,Seoul,Oct 23 2018 10:24PM,2
,Seoul,2013,4,Bicycle,Seoul,Oct 23 2018 10:24PM,2
,Seoul,2013,9,Bicycle,Seoul,Oct 23 2018 10:24PM,2
,Seoul,2013,7,Bicycle,Seoul,Oct 23 2018 10:24PM,2
,Gyeongsangbukdo,2013,7,Stepless_crossing,Gyeongsangbukdo,Oct 23 2018 10:24PM,2
,Gyeongsangbukdo,2013,6,Stepless_crossing,Gyeongsangbukdo,Oct 23 2018 10:24PM,2
,Gyeongsangbukdo,2013,5,Stepless_crossing,Gyeongsangbukdo,Oct 23 2018 10:24PM,2
,Gyeongsangbukdo,2013,7,Stepless_crossing,Gyeongsangbukdo,Oct 23 2018 10:24PM,2
,Gyeongsangbukdo,2013,4,Stepless_crossing,Gyeongsangbukdo,Oct 23 2018 10:24PM,2
,Seoul,2013,6,Bicycle,Seoul,Oct 23 2018 10:24PM,2
,Seoul,2013,4,Bicycle,Seoul,Oct 23 2018 10:24PM,2
,Jeollanamdo,2013,6,Stepless_crossing,Jeollanamdo,Oct 23 2018 10:24PM,2
,Jeollanamdo,2013,5,Stepless_crossing,Jeollanamdo,Oct 23 2018 10:24PM,2
,Gyeongsangbukdo,2013,10,Stepless_crossing,Gyeongsangbukdo,Oct 23 2018 10:24PM,1
,Gyeongsangbukdo,2013,6,Stepless_crossing,Gyeongsangbukdo,Oct 23 2018 10:24PM,2
,Seoul,2013,5,Bicycle,Seoul,Oct 23 2018 10:24PM,1
,Seoul,2013,6,Bicycle,Seoul,Oct 23 2018 10:24PM,2
,Seoul,2013,6,Bicycle,Seoul,Oct 23 2018 10:24PM,2
37,Gangwon,2013,3,Walking_old_man,Gangwon,Oct 23 2018 10:24PM,1
37,Chungcheongbukdo,2013,4,Walking_old_man,Chungcheongbukdo,Oct 23 2018 10:24PM,1
27,Gwangju,2013,5,Walking_old_man,Gwangju,Oct 23 2018 10:24PM,1
37,Gyeongsangbukdo,2013,3,Walking_old_man,Gyeongsangbukdo,Oct 23 2018 10:24PM,1
37,Gyeongsangbukdo,2013,5,Walking_old_man,Gyeongsangbukdo,Oct 23 2018 10:24PM,1
29,Gyeonggi,2013,3,Walking_old_man,Gyeonggi,Oct 23 2018 10:24PM,1
23,Seoul,2013,3,Walking_old_man,Seoul,Oct 23 2018 10:24PM,1
25,Gyeonggi,2013,2,School_zone_children,Gyeonggi,Oct 23 2018 10:24PM,1
29,Gyeonggi,2013,5,Walking_old_man,Gyeonggi,Oct 23 2018 10:24PM,1
37,Gangwon,2013,4,Walking_old_man,Gangwon,Oct 23 2018 10:24PM,1
27,Gwangju,2013,6,Walking_old_man,Gwangju,Oct 23 2018 10:24PM,1
26,Busan,2013,4,Walking_old_man,Busan,Oct 23 2018 10:24PM,1
37,Gangwon,2013,3,Walking_old_man,Gangwon,Oct 23 2018 10:24PM,1
37,Gangwon,2013,4,Walking_old_man,Gangwon,Oct 23 2018 10:24PM,1
25,Gyeonggi,2013,2,School_zone_children,Gyeonggi,Oct 23 2018 10:24PM,1
37,Gangwon,2013,4,Walking_old_man,Gangwon,Oct 23 2018 10:24PM,1
34,Seoul,2013,5,Bicycle,Seoul,Oct 23 2018 10:24PM,1
34,Seoul,2013,4,Bicycle,Seoul,Oct 23 2018 10:24PM,1
34,Seoul,2013,4,Bicycle,Seoul,Oct 23 2018 10:24PM,1
34,Seoul,2013,4,Bicycle,Seoul,Oct 23 2018 10:24PM,1
29,Gyeonggi,2013,6,Walking_old_man,Gyeonggi,Oct 23 2018 10:24PM,1
37,Gangwon,2013,3,Walking_old_man,Gangwon,Oct 23 2018 10:24PM,1
37,Gangwon,2013,4,Walking_old_man,Gangwon,Oct 23 2018 10:24PM,1
29,Gyeonggi,2013,3,Walking_old_man,Gyeonggi,Oct 23 2018 10:24PM,1
34,Seoul,2013,5,Bicycle,Seoul,Oct 23 2018 10:24PM,1
26,Incheon,2013,4,Walking_old_man,Incheon,Nov  5 2018  6:54PM,1
24,Seoul,2013,3,Walking_old_man,Seoul,Nov  5 2018  6:54PM,1
34,Seoul,2013,5,Bicycle,Seoul,Nov  5 2018  6:54PM,1
25,Ulsan,2013,2,School_zone_children,Ulsan,Nov  5 2018  6:54PM,1
28,Gyeonggi,2013,3,Walking_old_man,Gyeonggi,Nov  5 2018  6:54PM,1
38,Gyeongsangnamdo,2013,3,Walking_old_man,Gyeongsangnamdo,Nov  5 2018  6:54PM,1
33,Gyeongsangnamdo,2013,4,Walking_old_man,Gyeongsangnamdo,Nov  5 2018  6:54PM,1
24,Seoul,2013,3,Walking_old_man,Seoul,Nov  5 2018  6:54PM,1
34,Seoul,2013,5,Bicycle,Seoul,Nov  5 2018  6:54PM,1
26,Busan,2013,4,Walking_old_man,Busan,Nov  5 2018  6:54PM,1
37,Gangwon,2013,3,Walking_old_man,Gangwon,Nov  5 2018  6:54PM,1
34,Seoul,2013,5,Bicycle,Seoul,Nov  5 2018  6:54PM,1
34,Seoul,2013,6,Bicycle,Seoul,May  5 2018  6:54PM,1
34,Seoul,2013,6,Bicycle,Seoul,May  5 2018  6:54PM,1
37,Gangwon,2013,3,Walking_old_man,Gangwon,May  5 2018  6:54PM,1
25,Ulsan,2013,2,School_zone_children,Ulsan,May  5 2018  6:54PM,1
37,Gangwon,2013,5,Walking_old_man,Gangwon,May  5 2018  6:54PM,1
28,Gyeonggi,2013,4,Walking_old_man,Gyeonggi,May  5 2018  6:54PM,1
26,Busan,2013,5,Walking_old_man,Busan,May  5 2018  6:54PM,1
37,Gangwon,2013,4,Walking_old_man,Gangwon,May  5 2018  6:54PM,1
26,Busan,2013,4,Walking_old_man,Busan,May  5 2018  6:54PM,1
26,Incheon,2013,5,Walking_old_man,Incheon,May  5 2018  6:54PM,1
37,Gyeongsangbukdo,2013,3,Walking_old_man,Gyeongsangbukdo,May  5 2018  6:54PM,1
24,Seoul,2013,3,Walking_old_man,Seoul,May  5 2018  6:54PM,1
24,Seoul,2013,3,Walking_old_man,Seoul,May  5 2018  6:54PM,1
25,Seoul,2013,3,Walking_old_man,Seoul,May  5 2018  6:54PM,1
30,Gyeonggi,2013,5,Walking_old_man,Gyeonggi,May  5 2018  6:54PM,1
34,Seoul,2013,5,Bicycle,Seoul,May  5 2018  6:54PM,1
31,Gyeongsangnamdo,2013,4,Walking_old_man,Gyeongsangnamdo,May  5 2018  6:54PM,1
24,Seoul,2013,4,Walking_old_man,Seoul,May  5 2018  6:54PM,1
34,Seoul,2013,5,Bicycle,Seoul,May  5 2018  6:54PM,1
34,Seoul,2013,4,Bicycle,Seoul,May  5 2018  6:54PM,1
37,Gyeongsangbukdo,2013,3,Walking_old_man,Gyeongsangbukdo,May  5 2018  6:54PM,1
28,Gyeonggi,2013,3,Walking_old_man,Gyeonggi,May  5 2018  6:54PM,1
37,Gyeongsangbukdo,2013,3,Walking_old_man,Gyeongsangbukdo,May  5 2018  6:54PM,1
37,Gyeongsangbukdo,2013,3,Walking_old_man,Gyeongsangbukdo,May  5 2018  6:54PM,1
27,Daejeon,2013,4,Walking_old_man,Daejeon,May  5 2018  6:54PM,1
24,Seoul,2013,5,Walking_old_man,Seoul,May  5 2018  6:54PM,1
29,Gyeonggi,2013,5,Walking_old_man,Gyeonggi,May  5 2018  6:54PM,1
34,Seoul,2013,4,Bicycle,Seoul,May  5 2018  6:54PM,1
37,Gyeongsangbukdo,2013,3,Walking_old_man,Gyeongsangbukdo,May  5 2018  6:54PM,1
37,Gyeongsangbukdo,2013,7,Walking_old_man,Gyeongsangbukdo,May  5 2018  6:54PM,1
37,Gyeongsangbukdo,2013,4,Walking_old_man,Gyeongsangbukdo,May  5 2018  6:54PM,1
25,Seoul,2013,3,Walking_old_man,Seoul,May  5 2018  6:54PM,1
37,Gyeongsangbukdo,2013,9,Walking_old_man,Gyeongsangbukdo,May  5 2018  6:54PM,1
23,Seoul,2013,4,Walking_old_man,Seoul,May  5 2018  6:54PM,1
34,Seoul,2013,5,Bicycle,Seoul,May  5 2018  6:54PM,1
26,Incheon,2013,4,Walking_old_man,Incheon,May  5 2018  6:54PM,1
24,Seoul,2013,4,Walking_old_man,Seoul,May  5 2018  6:54PM,1
33,Gyeongsangnamdo,2013,3,Walking_old_man,Gyeongsangnamdo,May  5 2018  6:54PM,1
27,Daejeon,2013,3,Walking_old_man,Daejeon,May  5 2018  6:54PM,1
27,Daejeon,2013,3,Walking_old_man,Daejeon,May  5 2018  6:54PM,1
37,Gyeongsangbukdo,2013,3,Walking_old_man,Gyeongsangbukdo,May  5 2018  6:54PM,1
37,Gyeongsangbukdo,2013,7,Walking_old_man,Gyeongsangbukdo,May  5 2018  6:54PM,1
37,Gyeongsangbukdo,2013,6,Walking_old_man,Gyeongsangbukdo,May  5 2018  6:54PM,1
24,Seoul,2013,5,Walking_old_man,Seoul,May  5 2018  6:54PM,1
34,Seoul,2013,5,Bicycle,Seoul,May  5 2018  6:54PM,1
35,Seoul,2013,5,Bicycle,Seoul,May  5 2018  6:54PM,1
29,Gyeonggi,2013,4,Walking_old_man,Gyeonggi,May  5 2018  6:54PM,1
34,Seoul,2013,5,Bicycle,Seoul,May  5 2018  6:54PM,1
37,Gyeongsangbukdo,2013,6,Walking_old_man,Gyeongsangbukdo,May  5 2018  6:54PM,1
25,Seoul,2013,4,Walking_old_man,Seoul,May  5 2018  6:54PM,1
25,Seoul,2013,4,Walking_old_man,Seoul,May  5 2018  6:54PM,1
33,Gyeongsangnamdo,2013,3,Walking_old_man,Gyeongsangnamdo,May  5 2018  6:54PM,1
35,Seoul,2013,6,Bicycle,Seoul,May  5 2018  6:54PM,1
34,Seoul,2013,6,Bicycle,Seoul,May  5 2018  6:54PM,1
34,Seoul,2013,6,Bicycle,Seoul,May  5 2018  6:54PM,1
26,Incheon,2013,4,Walking_old_man,Incheon,May  5 2018  6:54PM,1
26,Incheon,2013,4,Walking_old_man,Incheon,May  5 2018  6:54PM,1
29,Gyeonggi,2013,4,Walking_old_man,Gyeonggi,May  5 2018  6:54PM,1
28,Gyeonggi,2013,3,Walking_old_man,Gyeonggi,May  5 2018  6:54PM,1
26,Incheon,2013,3,Walking_old_man,Incheon,May  5 2018  6:54PM,1
27,Daejeon,2013,3,Walking_old_man,Daejeon,May  5 2018  6:54PM,1
29,Gyeonggi,2013,5,Walking_old_man,Gyeonggi,Dec 29 2018  4:24PM,1
34,Seoul,2013,7,Bicycle,Seoul,Dec 29 2018  4:24PM,1
37,Gyeongsangbukdo,2013,3,Walking_old_man,Gyeongsangbukdo,Dec 29 2018  4:24PM,1
37,Gyeongsangbukdo,2013,5,Walking_old_man,Gyeongsangbukdo,Dec 29 2018  4:24PM,1
34,Seoul,2013,8,Bicycle,Seoul,Dec 29 2018  4:24PM,1
34,Seoul,2013,4,Bicycle,Seoul,Dec 29 2018  4:24PM,1
24,Seoul,2013,3,Walking_old_man,Seoul,Dec 29 2018  4:24PM,1
34,Seoul,2013,4,Bicycle,Seoul,Dec 29 2018  4:24PM,1
26,Incheon,2013,3,Walking_old_man,Incheon,Dec 29 2018  4:24PM,1
24,Seoul,2013,4,Walking_old_man,Seoul,Dec 29 2018  4:24PM,1
37,Jeollanamdo,2013,5,Walking_old_man,Jeollanamdo,Dec 29 2018  4:24PM,1
37,Jeollanamdo,2013,5,Walking_old_man,Jeollanamdo,Dec 29 2018  4:24PM,1
37,Jeollanamdo,2013,3,Walking_old_man,Jeollanamdo,Dec 29 2018  4:24PM,1
37,Jeollanamdo,2013,4,Walking_old_man,Jeollanamdo,Dec 29 2018  4:24PM,1
37,Gyeongsangbukdo,2013,3,Walking_old_man,Gyeongsangbukdo,Dec 29 2018  4:24PM,1
24,Seoul,2013,4,Walking_old_man,Seoul,Dec 29 2018  4:24PM,1
24,Seoul,2013,7,Walking_old_man,Seoul,Dec 29 2018  4:24PM,1
34,Seoul,2013,4,Bicycle,Seoul,Dec 29 2018  4:24PM,1
25,Seoul,2013,5,Walking_old_man,Seoul,Dec 29 2018  4:24PM,1
37,Gyeongsangbukdo,2013,4,Walking_old_man,Gyeongsangbukdo,Dec 29 2018  4:24PM,1
37,Jeollanamdo,2013,3,Walking_old_man,Jeollanamdo,Dec 29 2018  4:24PM,1
37,Gyeongsangbukdo,2013,3,Walking_old_man,Gyeongsangbukdo,Dec 29 2018  4:24PM,1
37,Gyeongsangbukdo,2013,3,Walking_old_man,Gyeongsangbukdo,Dec 29 2018  4:24PM,1
37,Gyeongsangbukdo,2013,3,Walking_old_man,Gyeongsangbukdo,Dec 29 2018  4:24PM,1
37,Gyeongsangbukdo,2013,6,Walking_old_man,Gyeongsangbukdo,Dec 29 2018  4:24PM,1
37,Gyeongsangbukdo,2013,5,Walking_old_man,Gyeongsangbukdo,Dec 29 2018  4:24PM,1
37,Gyeongsangbukdo,2013,5,Walking_old_man,Gyeongsangbukdo,Dec 29 2018  4:24PM,1
29,Gyeonggi,2013,5,Walking_old_man,Gyeonggi,Dec 29 2018  4:24PM,1
24,Seoul,2013,8,Walking_old_man,Seoul,Dec 29 2018  4:24PM,1
37,Gyeongsangbukdo,2013,3,Walking_old_man,Gyeongsangbukdo,Dec 29 2018  4:24PM,1
37,Gyeongsangbukdo,2013,3,Walking_old_man,Gyeongsangbukdo,Dec 29 2018  4:24PM,1
30,Gyeonggi,2013,3,Walking_old_man,Gyeonggi,Dec 29 2018  4:24PM,1
30,Gyeonggi,2013,6,Walking_old_man,Gyeonggi,Dec 29 2018  4:24PM,1
33,Gyeongsangnamdo,2013,3,Walking_old_man,Gyeongsangnamdo,Dec 29 2018  4:24PM,1
33,Gyeongsangnamdo,2013,3,Walking_old_man,Gyeongsangnamdo,Dec 29 2018  4:24PM,1
26,Incheon,2013,3,Walking_old_man,Incheon,Dec 29 2018  4:24PM,1
27,Daejeon,2013,3,Walking_old_man,Daejeon,Dec 29 2018  4:24PM,1
34,Seoul,2013,4,Bicycle,Seoul,Dec 29 2018  4:24PM,1
35,Seoul,2013,4,Bicycle,Seoul,Dec 29 2018  4:24PM,1
27,Daejeon,2013,3,Walking_old_man,Daejeon,Dec 29 2018  4:24PM,1
37,Jeollanamdo,2013,3,Walking_old_man,Jeollanamdo,Dec 29 2018  4:24PM,1
37,Jeollanamdo,2013,4,Walking_old_man,Jeollanamdo,Dec 29 2018  4:24PM,1
37,Jeollanamdo,2013,2,Walking_old_man,Jeollanamdo,Dec 29 2018  4:24PM,1
37,Jeollanamdo,2013,3,Walking_old_man,Jeollanamdo,Dec 29 2018  4:24PM,1
27,Daejeon,2013,3,Walking_old_man,Daejeon,Dec 29 2018  4:24PM,1
27,Daejeon,2013,3,Walking_old_man,Daejeon,Dec 29 2018  4:24PM,1
37,Jeollanamdo,2013,3,Walking_old_man,Jeollanamdo,Dec 29 2018  4:24PM,1
37,Jeollanamdo,2013,5,Walking_old_man,Jeollanamdo,Dec 29 2018  4:24PM,1
23,Seoul,2013,5,Walking_old_man,Seoul,Dec 29 2018  4:24PM,1
37,Jeollanamdo,2013,3,Walking_old_man,Jeollanamdo,Dec 29 2018  4:24PM,1
29,Gyeonggi,2013,7,Walking_old_man,Gyeonggi,Dec 29 2018  4:24PM,1
24,Seoul,2013,4,Walking_old_man,Seoul,Dec 29 2018  4:24PM,1
37,Jeollanamdo,2013,6,Walking_old_man,Jeollanamdo,Dec 29 2018  4:24PM,1
31,Gyeongsangnamdo,2013,6,Walking_old_man,Gyeongsangnamdo,Dec 29 2018  4:24PM,1
25,Seoul,2013,6,Walking_old_man,Seoul,Dec 29 2018  4:24PM,1
38,Gyeongsangnamdo,2013,3,Walking_old_man,Gyeongsangnamdo,Dec 29 2018  4:24PM,1
25,Seoul,2013,9,Walking_old_man,Seoul,Dec 29 2018  4:24PM,1
33,Gyeongsangnamdo,2013,4,Walking_old_man,Gyeongsangnamdo,Dec 29 2018  4:24PM,1
29,Gyeonggi,2013,3,Walking_old_man,Gyeonggi,Dec 29 2018  4:24PM,1
35,Seoul,2013,4,Bicycle,Seoul,Dec 29 2018  4:24PM,1
28,Gyeonggi,2013,4,Walking_old_man,Gyeonggi,Dec 29 2018  4:24PM,1
28,Gyeonggi,2013,3,Walking_old_man,Gyeonggi,Dec 29 2018  4:24PM,1
37,Jeollanamdo,2013,3,Walking_old_man,Jeollanamdo,Dec 29 2018  4:24PM,1
26,Incheon,2013,4,Walking_old_man,Incheon,Dec 29 2018  4:24PM,1
34,Seoul,2013,5,Bicycle,Seoul,Dec 29 2018  4:24PM,1
34,Seoul,2013,4,Bicycle,Seoul,Dec 29 2018  4:24PM,1
34,Seoul,2013,4,Bicycle,Seoul,Dec 29 2018  4:24PM,1
25,Seoul,2013,13,Walking_old_man,Seoul,Dec 29 2018  4:24PM,1
25,Seoul,2013,3,Walking_old_man,Seoul,Dec 29 2018  4:24PM,1
25,Seoul,2013,3,Walking_old_man,Seoul,Dec 29 2018  4:24PM,1
28,Gyeonggi,2013,3,Walking_old_man,Gyeonggi,Dec 29 2018  4:24PM,1
34,Seoul,2013,4,Bicycle,Seoul,Dec 29 2018  4:24PM,1
26,Daegu,2013,3,Walking_old_man,Daegu,Dec 29 2018  4:24PM,1
26,Daegu,2013,3,Walking_old_man,Daegu,Dec 29 2018  4:24PM,1
26,Incheon,2013,5,Walking_old_man,Incheon,Dec 29 2018  4:24PM,1
24,Seoul,2013,4,Walking_old_man,Seoul,Dec 29 2018  4:24PM,1
34,Seoul,2013,5,Bicycle,Seoul,Dec 29 2018  4:24PM,1
37,Jeollanamdo,2013,6,Walking_old_man,Jeollanamdo,Dec 29 2018  4:24PM,1
33,Gyeongsangnamdo,2013,5,Walking_old_man,Gyeongsangnamdo,Dec 29 2018  4:24PM,1
28,Gyeonggi,2013,3,Walking_old_man,Gyeonggi,Dec 29 2018  4:24PM,1
34,Seoul,2013,5,Bicycle,Seoul,Dec 29 2018  4:24PM,1
24,Seoul,2013,5,Walking_old_man,Seoul,Dec 29 2018  4:24PM,1
25,Seoul,2013,4,Walking_old_man,Seoul,Dec 29 2018  4:24PM,1
34,Seoul,2013,5,Bicycle,Seoul,Dec 29 2018  4:24PM,1
25,Seoul,2013,3,Walking_old_man,Seoul,Dec 29 2018  4:24PM,1
37,Jeollanamdo,2013,2,Walking_old_man,Jeollanamdo,Dec 29 2018  4:24PM,1
26,Daegu,2013,4,Walking_old_man,Daegu,Dec 29 2018  4:24PM,1
28,Gyeonggi,2013,3,Walking_old_man,Gyeonggi,Dec 29 2018  4:24PM,1
25,Seoul,2013,3,Walking_old_man,Seoul,Dec 29 2018  4:24PM,1
24,Seoul,2013,4,Walking_old_man,Seoul,Dec 29 2018  4:24PM,1
34,Seoul,2013,5,Bicycle,Seoul,Dec 29 2018  4:24PM,1
27,Daejeon,2013,3,Walking_old_man,Daejeon,Dec 29 2018  4:24PM,1
26,Daegu,2013,4,Walking_old_man,Daegu,Dec 29 2018  4:24PM,1
26,Busan,2013,4,Walking_old_man,Busan,Dec 29 2018  4:24PM,1
31,Gyeongsangnamdo,2013,4,Walking_old_man,Gyeongsangnamdo,Dec 29 2018  4:24PM,1
26,Busan,2013,3,Walking_old_man,Busan,Dec 29 2018  4:24PM,1
26,Busan,2013,3,Walking_old_man,Busan,Dec 29 2018  4:24PM,1
26,Busan,2013,3,Walking_old_man,Busan,Dec 29 2018  4:24PM,1
34,Seoul,2013,7,Bicycle,Seoul,Dec 29 2018  4:24PM,1
31,Gyeongsangnamdo,2013,6,Walking_old_man,Gyeongsangnamdo,Dec 29 2018  4:24PM,1
37,Chungcheongnamdo,2013,4,Walking_old_man,Chungcheongnamdo,Dec 29 2018  4:24PM,1
24,Seoul,2013,4,Walking_old_man,Seoul,Dec 29 2018  4:24PM,1
37,Chungcheongnamdo,2013,4,Walking_old_man,Chungcheongnamdo,Dec 29 2018  4:24PM,1
37,Chungcheongbukdo,2013,3,Walking_old_man,Chungcheongbukdo,Dec 29 2018  4:24PM,1
37,Chungcheongbukdo,2013,3,Walking_old_man,Chungcheongbukdo,Dec 29 2018  4:24PM,1
25,Gangwon,2013,2,School_zone_children,Gangwon,Dec 29 2018  4:24PM,1
26,Busan,2013,4,Walking_old_man,Busan,Dec 29 2018  4:24PM,1
37,Chungcheongbukdo,2013,4,Walking_old_man,Chungcheongbukdo,Dec 29 2018  4:24PM,1
34,Seoul,2013,7,Bicycle,Seoul,Dec 29 2018  4:24PM,1
31,Gyeongsangnamdo,2013,8,Walking_old_man,Gyeongsangnamdo,Dec 29 2018  4:24PM,1
37,Chungcheongbukdo,2013,8,Walking_old_man,Chungcheongbukdo,Dec 29 2018  4:24PM,1
26,Busan,2013,3,Walking_old_man,Busan,Dec 29 2018  4:24PM,1
26,Busan,2013,4,Walking_old_man,Busan,Dec 29 2018  4:24PM,1
26,Busan,2013,3,Walking_old_man,Busan,Dec 29 2018  4:24PM,1
24,Seoul,2013,4,Walking_old_man,Seoul,Dec 29 2018  4:24PM,1
24,Seoul,2013,4,Walking_old_man,Seoul,Dec 29 2018  4:24PM,1
26,Busan,2013,5,Walking_old_man,Busan,Dec 29 2018  4:24PM,1
37,Gyeongsangnamdo,2013,4,Walking_old_man,Gyeongsangnamdo,Dec 29 2018  4:24PM,1
37,Chungcheongbukdo,2013,4,Walking_old_man,Chungcheongbukdo,Dec 29 2018  4:24PM,1
25,Gyeonggi,2013,2,School_zone_children,Gyeonggi,Dec 29 2018  4:24PM,1
37,Chungcheongbukdo,2013,4,Walking_old_man,Chungcheongbukdo,Dec 29 2018  4:24PM,1
37,Chungcheongbukdo,2013,4,Walking_old_man,Chungcheongbukdo,Dec 29 2018  4:24PM,1
27,Gwangju,2013,4,Walking_old_man,Gwangju,Dec 29 2018  4:24PM,1
36,Ulsan,2014,6,Stepless_crossing,Ulsan,Dec 29 2018  4:24PM,1
36,Ulsan,2014,15,Stepless_crossing,Ulsan,Dec 29 2018  4:24PM,1
36,Ulsan,2014,4,Stepless_crossing,Ulsan,Dec 29 2018  4:24PM,1
36,Ulsan,2014,4,Stepless_crossing,Ulsan,Dec 29 2018  4:24PM,1
36,Ulsan,2014,5,Stepless_crossing,Ulsan,Dec 29 2018  4:24PM,1
36,Incheon,2014,7,Stepless_crossing,Incheon,Dec 29 2018  4:24PM,1
32,Gangwon,2014,9,Stepless_crossing,Gangwon,Dec 29 2018  4:24PM,1
32,Gyeonggi,2014,4,Stepless_crossing,Gyeonggi,Dec 29 2018  4:24PM,1
36,Incheon,2014,9,Stepless_crossing,Incheon,Dec 29 2018  4:24PM,1
36,Daegu,2014,3,Stepless_crossing,Daegu,Dec 29 2018  4:24PM,1
36,Daegu,2014,4,Stepless_crossing,Daegu,Dec 29 2018  4:24PM,1
36,Daegu,2014,4,Stepless_crossing,Daegu,Dec 29 2018  4:24PM,1
36,Daegu,2014,4,Stepless_crossing,Daegu,Dec 29 2018  4:24PM,1
36,Daegu,2014,4,Stepless_crossing,Daegu,Dec 29 2018  4:24PM,1
32,Gyeonggi,2014,4,Stepless_crossing,Gyeonggi,Dec 29 2018  4:24PM,1
36,Daegu,2014,4,Stepless_crossing,Daegu,Dec 29 2018  4:24PM,1
36,Daegu,2014,5,Stepless_crossing,Daegu,Dec 29 2018  4:24PM,1
36,Daegu,2014,5,Stepless_crossing,Daegu,Dec 29 2018  4:24PM,1
36,Daegu,2014,5,Stepless_crossing,Daegu,Dec 29 2018  4:24PM,1
32,Gyeongsangbukdo,2014,4,Stepless_crossing,Gyeongsangbukdo,Dec 29 2018  4:24PM,1
32,Gyeonggi,2014,4,Stepless_crossing,Gyeonggi,Dec 29 2018  4:24PM,1
36,Incheon,2014,4,Stepless_crossing,Incheon,Dec 29 2018  4:24PM,1
32,Chungcheongnamdo,2014,4,Stepless_crossing,Chungcheongnamdo,Dec 29 2018  4:24PM,1
32,Chungcheongnamdo,2014,5,Stepless_crossing,Chungcheongnamdo,Dec 29 2018  4:24PM,1
36,Incheon,2014,4,Stepless_crossing,Incheon,Dec 29 2018  4:24PM,1
36,Incheon,2014,4,Stepless_crossing,Incheon,Dec 29 2018  4:24PM,1
36,Incheon,2014,11,Stepless_crossing,Incheon,Dec 29 2018  4:24PM,1
36,Incheon,2014,4,Stepless_crossing,Incheon,Dec 29 2018  4:24PM,1
36,Incheon,2014,4,Stepless_crossing,Incheon,Dec 29 2018  4:24PM,1
36,Incheon,2014,4,Stepless_crossing,Incheon,Dec 29 2018  4:24PM,1
36,Incheon,2014,4,Stepless_crossing,Incheon,Dec 29 2018  4:24PM,1
36,Incheon,2014,5,Stepless_crossing,Incheon,Dec 29 2018  4:24PM,1
36,Incheon,2014,4,Stepless_crossing,Incheon,Dec 29 2018  4:24PM,1
36,Incheon,2014,5,Stepless_crossing,Incheon,Dec 29 2018  4:24PM,1
36,Incheon,2014,6,Stepless_crossing,Incheon,Dec 29 2018  4:24PM,1
32,Chungcheongnamdo,2014,4,Stepless_crossing,Chungcheongnamdo,Dec 29 2018  4:24PM,1
32,Chungcheongnamdo,2014,3,Stepless_crossing,Chungcheongnamdo,Dec 29 2018  4:24PM,1
36,Incheon,2014,8,Stepless_crossing,Incheon,Dec 29 2018  4:24PM,1
36,Incheon,2014,5,Stepless_crossing,Incheon,Dec 29 2018  4:24PM,1
36,Incheon,2014,6,Stepless_crossing,Incheon,Dec 29 2018  4:24PM,1
32,Chungcheongnamdo,2014,4,Stepless_crossing,Chungcheongnamdo,Dec 29 2018  4:24PM,1
32,Chungcheongbukdo,2014,11,Stepless_crossing,Chungcheongbukdo,Dec 29 2018  4:24PM,1
36,Incheon,2014,7,Stepless_crossing,Incheon,Dec 29 2018  4:24PM,1
32,Chungcheongbukdo,2014,3,Stepless_crossing,Chungcheongbukdo,Dec 29 2018  4:24PM,1
32,Chungcheongnamdo,2014,5,Stepless_crossing,Chungcheongnamdo,Dec 29 2018  4:24PM,1
32,Chungcheongnamdo,2014,7,Stepless_crossing,Chungcheongnamdo,Dec 29 2018  4:24PM,1
32,Chungcheongnamdo,2014,4,Stepless_crossing,Chungcheongnamdo,Dec 29 2018  4:24PM,1
32,Chungcheongnamdo,2014,4,Stepless_crossing,Chungcheongnamdo,Dec 29 2018  4:24PM,1
32,Chungcheongbukdo,2014,6,Stepless_crossing,Chungcheongbukdo,Dec 29 2018  4:24PM,1
36,Incheon,2014,6,Stepless_crossing,Incheon,Dec 29 2018  4:24PM,1
36,Incheon,2014,10,Stepless_crossing,Incheon,Dec 29 2018  4:24PM,1
36,Incheon,2014,12,Stepless_crossing,Incheon,Dec 29 2018  4:24PM,1
36,Incheon,2014,4,Stepless_crossing,Incheon,Dec 29 2018  4:24PM,1
36,Incheon,2014,7,Stepless_crossing,Incheon,Dec 29 2018  4:24PM,0
36,Incheon,2014,14,Stepless_crossing,Incheon,Dec 29 2018  4:24PM,1
36,Gwangju,2014,4,Stepless_crossing,Gwangju,Dec 29 2018  4:24PM,1
32,Jeollabukdo,2014,6,Stepless_crossing,Jeollabukdo,Dec 29 2018  4:24PM,1
36,Gwangju,2014,4,Stepless_crossing,Gwangju,Dec 29 2018  4:24PM,1
36,Gwangju,2014,5,Stepless_crossing,Gwangju,Dec 29 2018  4:24PM,1
32,Jeollabukdo,2014,4,Stepless_crossing,Jeollabukdo,Dec 29 2018  4:24PM,1
36,Incheon,2014,8,Stepless_crossing,Incheon,Dec 29 2018  4:24PM,1
36,Incheon,2014,7,Stepless_crossing,Incheon,Dec 29 2018  4:24PM,1
32,Gyeonggi,2014,9,Stepless_crossing,Gyeonggi,Dec 29 2018  4:24PM,2
32,Gyeonggi,2014,4,Stepless_crossing,Gyeonggi,Dec 29 2018  4:24PM,2
32,Gyeonggi,2014,17,Stepless_crossing,Gyeonggi,Dec 29 2018  4:24PM,2
32,Gyeonggi,2014,6,Stepless_crossing,Gyeonggi,Dec 29 2018  4:24PM,2
,Busan,2014,10,Stepless_crossing,Busan,Dec 29 2018  4:24PM,2
36,Daegu,2014,6,Stepless_crossing,Daegu,Dec 29 2018  4:24PM,2
36,Daegu,2014,5,Stepless_crossing,Daegu,Dec 29 2018  4:24PM,2
36,Daegu,2014,5,Stepless_crossing,Daegu,Dec 29 2018  4:24PM,2
36,Daegu,2014,4,Stepless_crossing,Daegu,Dec 29 2018  4:24PM,2
36,Daegu,2014,4,Stepless_crossing,Daegu,Dec 29 2018  4:24PM,2
36,Daegu,2014,4,Stepless_crossing,Daegu,Dec 29 2018  4:24PM,2
36,Daegu,2014,4,Stepless_crossing,Daegu,Dec 29 2018  4:24PM,2
36,Daegu,2014,4,Stepless_crossing,Daegu,Dec 29 2018  4:24PM,2
36,Daegu,2014,10,Stepless_crossing,Daegu,Dec 29 2018  4:24PM,2
36,Daegu,2014,8,Stepless_crossing,Daegu,Dec 29 2018  4:24PM,2
36,Daegu,2014,6,Stepless_crossing,Daegu,Dec 29 2018  4:24PM,2
,Busan,2014,12,Stepless_crossing,Busan,Dec 29 2018  4:24PM,1
36,Jeju,2014,5,Stepless_crossing,Jeju,Dec 29 2018  4:24PM,2
36,Jeju,2014,5,Stepless_crossing,Jeju,Dec 29 2018  4:24PM,2
36,Jeju,2014,4,Stepless_crossing,Jeju,Dec 29 2018  4:24PM,2
36,Jeju,2014,7,Stepless_crossing,Jeju,Dec 29 2018  4:24PM,2
36,Daegu,2014,7,Stepless_crossing,Daegu,Dec 29 2018  4:24PM,2
36,Gyeongsangnamdo,2014,4,Stepless_crossing,Gyeongsangnamdo,Dec 29 2018  4:24PM,2
36,Jeju,2014,8,Stepless_crossing,Jeju,Dec 29 2018  4:24PM,2
36,Jeju,2014,6,Stepless_crossing,Jeju,Dec 29 2018  4:24PM,2
36,Jeju,2014,5,Stepless_crossing,Jeju,Dec 29 2018  4:24PM,2
36,Gyeongsangnamdo,2014,8,Stepless_crossing,Gyeongsangnamdo,Dec 29 2018  4:24PM,2
36,Gyeongsangnamdo,2014,6,Stepless_crossing,Gyeongsangnamdo,Dec 29 2018  4:24PM,2
36,Gyeongsangnamdo,2014,4,Stepless_crossing,Gyeongsangnamdo,Dec 29 2018  4:24PM,2
36,Gyeongsangnamdo,2014,4,Stepless_crossing,Gyeongsangnamdo,Dec 29 2018  4:24PM,2
36,Gyeongsangnamdo,2014,4,Stepless_crossing,Gyeongsangnamdo,Dec 29 2018  4:24PM,2
,Gyeongsangnamdo,2014,4,Walking_old_man,Gyeongsangnamdo,Dec 29 2018  4:24PM,1
,Gyeongsangnamdo,2014,4,Walking_old_man,Gyeongsangnamdo,Dec 29 2018  4:24PM,2
,Gyeongsangnamdo,2014,3,Walking_old_man,Gyeongsangnamdo,Dec 29 2018  4:24PM,2
,Gyeongsangnamdo,2014,5,Walking_old_man,Gyeongsangnamdo,Dec 29 2018  4:24PM,2
32,Busan,2014,5,Stepless_crossing,Busan,Dec 29 2018  4:24PM,2
32,Busan,2014,4,Stepless_crossing,Busan,Dec 29 2018  4:24PM,2
32,Busan,2014,10,Stepless_crossing,Busan,Dec 29 2018  4:24PM,2
32,Busan,2014,10,Stepless_crossing,Busan,Dec 29 2018  4:24PM,2
32,Busan,2014,19,Stepless_crossing,Busan,Dec 29 2018  4:24PM,2
32,Busan,2014,7,Stepless_crossing,Busan,Dec 29 2018  4:24PM,2
32,Busan,2014,6,Stepless_crossing,Busan,Dec 29 2018  4:24PM,2
32,Busan,2014,4,Stepless_crossing,Busan,Dec 29 2018  4:24PM,2
32,Busan,2014,10,Stepless_crossing,Busan,Dec 29 2018  4:24PM,2
32,Busan,2014,6,Stepless_crossing,Busan,Dec 29 2018  4:24PM,2
32,Busan,2014,4,Stepless_crossing,Busan,Dec 29 2018  4:24PM,2
32,Gyeonggi,2014,4,Stepless_crossing,Gyeonggi,Dec 29 2018  4:24PM,2
32,Gyeonggi,2014,4,Stepless_crossing,Gyeonggi,Dec 29 2018  4:24PM,2
36,Gyeongsangnamdo,2014,7,Stepless_crossing,Gyeongsangnamdo,Dec 29 2018  4:24PM,2
36,Gyeongsangnamdo,2014,4,Stepless_crossing,Gyeongsangnamdo,Dec 29 2018  4:24PM,2
36,Gyeongsangnamdo,2014,4,Stepless_crossing,Gyeongsangnamdo,Dec 29 2018  4:24PM,1
36,Gyeongsangbukdo,2014,6,Stepless_crossing,Gyeongsangbukdo,Dec 29 2018  4:24PM,2
36,Gyeongsangbukdo,2014,6,Stepless_crossing,Gyeongsangbukdo,Dec 29 2018  4:24PM,2
36,Gyeongsangnamdo,2014,12,Stepless_crossing,Gyeongsangnamdo,Dec 29 2018  4:24PM,2
36,Gyeongsangnamdo,2014,4,Stepless_crossing,Gyeongsangnamdo,Dec 29 2018  4:24PM,2
36,Gyeongsangnamdo,2014,10,Stepless_crossing,Gyeongsangnamdo,Dec 29 2018  4:24PM,2
,Gyeongsangbukdo,2014,5,Walking_old_man,Gyeongsangbukdo,Dec 29 2018  4:24PM,2
,Gyeongsangnamdo,2014,4,Walking_old_man,Gyeongsangnamdo,Dec 29 2018  4:24PM,2
,Gyeongsangnamdo,2014,3,Walking_old_man,Gyeongsangnamdo,Dec 29 2018  4:24PM,2
,Gyeongsangnamdo,2014,8,Walking_old_man,Gyeongsangnamdo,Dec 29 2018  4:24PM,2
,Gyeongsangnamdo,2014,5,Walking_old_man,Gyeongsangnamdo,Dec 29 2018  4:24PM,2
36,Gyeongsangnamdo,2014,5,Stepless_crossing,Gyeongsangnamdo,Dec 29 2018  4:24PM,1
32,Busan,2014,7,Stepless_crossing,Busan,Dec 29 2018  4:24PM,2
32,Busan,2014,5,Stepless_crossing,Busan,Dec 29 2018  4:24PM,2
32,Busan,2014,5,Stepless_crossing,Busan,Dec 29 2018  4:24PM,2
32,Busan,2014,5,Stepless_crossing,Busan,Dec 29 2018  4:24PM,2
32,Busan,2014,6,Stepless_crossing,Busan,Dec 29 2018  4:24PM,2
32,Busan,2014,5,Stepless_crossing,Busan,Dec 29 2018  4:24PM,2
32,Busan,2014,5,Stepless_crossing,Busan,Dec 29 2018  4:24PM,2
36,Gyeongsangbukdo,2014,8,Stepless_crossing,Gyeongsangbukdo,Dec 29 2018  4:24PM,1
36,Gyeongsangbukdo,2014,6,Stepless_crossing,Gyeongsangbukdo,Dec 29 2018  4:24PM,1
,Gyeongsangbukdo,2014,3,Walking_old_man,Gyeongsangbukdo,Dec 29 2018  4:24PM,2
,Gyeongsangbukdo,2014,5,Walking_old_man,Gyeongsangbukdo,Dec 29 2018  4:24PM,1
,Gyeongsangbukdo,2014,4,Walking_old_man,Gyeongsangbukdo,Dec 29 2018  4:24PM,1
,Gyeongsangbukdo,2014,6,Walking_old_man,Gyeongsangbukdo,Dec 29 2018  4:24PM,2
,Gyeongsangbukdo,2014,4,Walking_old_man,Gyeongsangbukdo,Dec 29 2018  4:24PM,2
,Gyeongsangbukdo,2014,4,Walking_old_man,Gyeongsangbukdo,Dec 29 2018  4:24PM,2
,Gyeongsangbukdo,2014,8,Walking_old_man,Gyeongsangbukdo,Dec 29 2018  4:24PM,2
,Gyeongsangbukdo,2014,3,Walking_old_man,Gyeongsangbukdo,Dec 29 2018  4:24PM,2
,Gyeongsangbukdo,2014,2,Walking_old_man,Gyeongsangbukdo,Dec 29 2018  4:24PM,1
,Gyeongsangbukdo,2014,3,Walking_old_man,Gyeongsangbukdo,Dec 29 2018  4:24PM,2
,Seoul,2014,12,Stepless_crossing,Seoul,Dec 29 2018  4:24PM,2
,Seoul,2014,7,Stepless_crossing,Seoul,Dec 29 2018  4:24PM,2
,Seoul,2014,5,Stepless_crossing,Seoul,Dec 29 2018  4:24PM,2
,Seoul,2014,4,Stepless_crossing,Seoul,Dec 29 2018  4:24PM,2
,Gyeongsangbukdo,2014,5,Walking_old_man,Gyeongsangbukdo,Dec 29 2018  4:24PM,1
,Seoul,2014,11,Stepless_crossing,Seoul,Dec 29 2018  4:24PM,2
,Seoul,2014,9,Stepless_crossing,Seoul,Dec 29 2018  4:24PM,2
,Seoul,2014,9,Stepless_crossing,Seoul,Dec 29 2018  4:24PM,2
,Seoul,2014,5,Stepless_crossing,Seoul,Dec 29 2018  4:24PM,1
,Seoul,2014,10,Stepless_crossing,Seoul,Jan  4 2018  8:04PM,2
,Seoul,2014,5,Stepless_crossing,Seoul,Jan  4 2018  8:04PM,2
,Seoul,2014,5,Stepless_crossing,Seoul,Jan  4 2018  8:04PM,1
,Seoul,2014,4,Stepless_crossing,Seoul,Jan  4 2018  8:04PM,1
,Gyeongsangbukdo,2014,5,Walking_old_man,Gyeongsangbukdo,Jan  4 2018  8:04PM,2
,Gyeongsangbukdo,2014,5,Walking_old_man,Gyeongsangbukdo,Jan  4 2018  8:04PM,2
,Gyeongsangbukdo,2014,5,Walking_old_man,Gyeongsangbukdo,Jan  4 2018  8:04PM,2
,Gyeongsangbukdo,2014,3,Walking_old_man,Gyeongsangbukdo,Jan  4 2018  8:04PM,2
,Gyeongsangbukdo,2014,8,Walking_old_man,Gyeongsangbukdo,Jan  4 2018  8:04PM,2
,Seoul,2014,4,Stepless_crossing,Seoul,Jan  4 2018  8:04PM,2
,Seoul,2014,4,Stepless_crossing,Seoul,Jan  4 2018  8:04PM,2
,Seoul,2014,4,Stepless_crossing,Seoul,Jan  4 2018  8:04PM,2
,Seoul,2014,18,Stepless_crossing,Seoul,Jan  4 2018  8:04PM,2
,Seoul,2014,4,Stepless_crossing,Seoul,Jan  4 2018  8:04PM,2
,Seoul,2014,4,Stepless_crossing,Seoul,Jan  4 2018  8:04PM,1
,Seoul,2014,9,Stepless_crossing,Seoul,Jan  4 2018  8:04PM,2
,Seoul,2014,8,Stepless_crossing,Seoul,Jan  4 2018  8:04PM,2
,Seoul,2014,5,Stepless_crossing,Seoul,Jan  4 2018  8:04PM,2
,Seoul,2014,4,Stepless_crossing,Seoul,Jan  4 2018  8:04PM,2
,Seoul,2014,7,Stepless_crossing,Seoul,Jan  4 2018  8:04PM,2
,Seoul,2014,5,Stepless_crossing,Seoul,Jan  4 2018  8:04PM,2
,Gyeongsangbukdo,2014,2,Walking_old_man,Gyeongsangbukdo,Jan  4 2018  8:04PM,2
,Gyeongsangbukdo,2014,8,Walking_old_man,Gyeongsangbukdo,Jan  4 2018  8:04PM,1
,Gyeongsangbukdo,2014,6,Walking_old_man,Gyeongsangbukdo,Jan  4 2018  8:04PM,2
,Chungcheongbukdo,2014,10,Walking_old_man,Chungcheongbukdo,Jan  4 2018  8:04PM,1
,Chungcheongbukdo,2014,9,Walking_old_man,Chungcheongbukdo,Jan  4 2018  8:04PM,1
,Gyeongsangbukdo,2014,3,Walking_old_man,Gyeongsangbukdo,Jan  4 2018  8:04PM,1
,Gyeongsangbukdo,2014,5,Walking_old_man,Gyeongsangbukdo,Jan  4 2018  8:04PM,2
,Gyeongsangbukdo,2014,4,Walking_old_man,Gyeongsangbukdo,Jan  4 2018  8:04PM,2
,Gyeongsangbukdo,2014,3,Walking_old_man,Gyeongsangbukdo,Jan  4 2018  8:04PM,2
,Gyeongsangbukdo,2014,3,Walking_old_man,Gyeongsangbukdo,Jan  4 2018  8:04PM,2
,Gyeongsangbukdo,2014,8,Walking_old_man,Gyeongsangbukdo,Jan  4 2018  8:04PM,2
,Incheon,2014,4,Walking_old_man,Incheon,Jan  4 2018  8:04PM,2
,Incheon,2014,3,Walking_old_man,Incheon,Jan  4 2018  8:04PM,2
,Incheon,2014,3,Walking_old_man,Incheon,Jan  4 2018  8:04PM,2
,Incheon,2014,3,Walking_old_man,Incheon,Jan  4 2018  8:04PM,2
,Incheon,2014,5,Walking_old_man,Incheon,Jan  4 2018  8:04PM,2
,Incheon,2014,3,Walking_old_man,Incheon,Jan  4 2018  8:04PM,2
,Gwangju,2014,3,Walking_old_man,Gwangju,Jan  4 2018  8:04PM,2
,Gwangju,2014,3,Walking_old_man,Gwangju,Jan  4 2018  8:04PM,2
,Gwangju,2014,8,Walking_old_man,Gwangju,Jan  4 2018  8:04PM,2
,Gwangju,2014,4,Walking_old_man,Gwangju,Jan  4 2018  8:04PM,2
,Gwangju,2014,3,Walking_old_man,Gwangju,Jan  4 2018  8:04PM,0
,Gwangju,2014,3,Walking_old_man,Gwangju,Jan  4 2018  8:04PM,2
,Gwangju,2014,4,Walking_old_man,Gwangju,Jan  4 2018  8:04PM,2
,Gwangju,2014,4,Walking_old_man,Gwangju,Jan  4 2018  8:04PM,2
,Gwangju,2014,3,Walking_old_man,Gwangju,Jan  4 2018  8:04PM,2
,Gwangju,2014,3,Walking_old_man,Gwangju,Jan  4 2018  8:04PM,2
,Gwangju,2014,5,Walking_old_man,Gwangju,Jan  4 2018  8:04PM,2
,Gwangju,2014,5,Walking_old_man,Gwangju,Jan  4 2018  8:04PM,2
,Gwangju,2014,3,Walking_old_man,Gwangju,Jan  4 2018  8:04PM,2
,Gwangju,2014,3,Walking_old_man,Gwangju,Jan  4 2018  8:04PM,2
,Gwangju,2014,3,Walking_old_man,Gwangju,Jan  4 2018  8:04PM,2
,Gyeongsangbukdo,2014,3,Walking_old_man,Gyeongsangbukdo,Jan  4 2018  8:04PM,1
,Jeollanamdo,2014,5,Walking_old_man,Jeollanamdo,Jan  4 2018  8:04PM,2
,Jeollanamdo,2014,3,Walking_old_man,Jeollanamdo,Jan  4 2018  8:04PM,2
,Jeollanamdo,2014,3,Walking_old_man,Jeollanamdo,Jan  4 2018  8:04PM,2
,Jeollanamdo,2014,3,Walking_old_man,Jeollanamdo,Jan  4 2018  8:04PM,2
,Jeollanamdo,2014,4,Walking_old_man,Jeollanamdo,Jan  4 2018  8:04PM,2
,Jeollanamdo,2014,6,Walking_old_man,Jeollanamdo,Jan  4 2018  8:04PM,1
,Jeollabukdo,2014,5,Walking_old_man,Jeollabukdo,Jan  4 2018  8:04PM,0
,Jeollabukdo,2014,5,Walking_old_man,Jeollabukdo,Jan  4 2018  8:04PM,2
,Jeollabukdo,2014,6,Walking_old_man,Jeollabukdo,Jan  4 2018  8:04PM,2
,Jeollabukdo,2014,2,Walking_old_man,Jeollabukdo,Jan  4 2018  8:04PM,2
,Jeollabukdo,2014,6,Walking_old_man,Jeollabukdo,Jan  4 2018  8:04PM,2
,Jeollabukdo,2014,2,Walking_old_man,Jeollabukdo,Jan  4 2018  8:04PM,2
,Jeollabukdo,2014,5,Walking_old_man,Jeollabukdo,Jan  4 2018  8:04PM,2
,Jeollabukdo,2014,6,Walking_old_man,Jeollabukdo,Jan  4 2018  8:04PM,2
,Jeollabukdo,2014,5,Walking_old_man,Jeollabukdo,Jan  4 2018  8:04PM,2
,Jeollabukdo,2014,5,Walking_old_man,Jeollabukdo,Jan  4 2018  8:04PM,2
,Jeollanamdo,2014,5,Walking_old_man,Jeollanamdo,Jan  4 2018  8:04PM,2
,Jeollanamdo,2014,4,Walking_old_man,Jeollanamdo,Jan  4 2018  8:04PM,2
,Jeollanamdo,2014,4,Walking_old_man,Jeollanamdo,Jan  4 2018  8:04PM,2
,Jeollanamdo,2014,4,Walking_old_man,Jeollanamdo,Jan  4 2018  8:04PM,2
,Jeollanamdo,2014,4,Walking_old_man,Jeollanamdo,Jan  4 2018  8:04PM,0
,Jeollanamdo,2014,3,Walking_old_man,Jeollanamdo,Jan  4 2018  8:04PM,0
,Jeollanamdo,2014,11,Walking_old_man,Jeollanamdo,Jan  4 2018  8:04PM,2
,Jeollanamdo,2014,10,Walking_old_man,Jeollanamdo,Jan  4 2018  8:04PM,2
,Jeollanamdo,2014,4,Walking_old_man,Jeollanamdo,Jan  4 2018  8:04PM,2
,Jeollanamdo,2014,3,Walking_old_man,Jeollanamdo,Jan  4 2018  8:04PM,2
,Jeollanamdo,2014,3,Walking_old_man,Jeollanamdo,Jan  4 2018  8:04PM,2
,Jeollabukdo,2014,6,Walking_old_man,Jeollabukdo,Jan  4 2018  8:04PM,2
,Jeollabukdo,2014,4,Walking_old_man,Jeollabukdo,Jan  4 2018  8:04PM,2
,Jeollabukdo,2014,4,Walking_old_man,Jeollabukdo,Jan  4 2018  8:04PM,2
,Jeollabukdo,2014,2,Walking_old_man,Jeollabukdo,Jan  4 2018  8:04PM,2
,Jeollabukdo,2014,4,Walking_old_man,Jeollabukdo,Jan  4 2018  8:04PM,2
,Seoul,2014,8,Stepless_crossing,Seoul,Jan  4 2018  8:04PM,2
,Seoul,2014,6,Stepless_crossing,Seoul,Jan  4 2018  8:04PM,2
,Seoul,2014,4,Stepless_crossing,Seoul,Jan  4 2018  8:04PM,2
,Seoul,2014,15,Stepless_crossing,Seoul,Jan  4 2018  8:04PM,2
,Seoul,2014,11,Stepless_crossing,Seoul,Jan  4 2018  8:04PM,2
,Seoul,2014,5,Stepless_crossing,Seoul,Jan  4 2018  8:04PM,2
,Seoul,2014,7,Stepless_crossing,Seoul,Jan  4 2018  8:04PM,2
,Seoul,2014,6,Stepless_crossing,Seoul,Jan  4 2018  8:04PM,2
,Seoul,2014,5,Stepless_crossing,Seoul,Jan  4 2018  8:04PM,2
,Seoul,2014,4,Stepless_crossing,Seoul,Jan  4 2018  8:04PM,2
,Seoul,2014,6,Stepless_crossing,Seoul,Jan  4 2018  8:04PM,2
,Seoul,2014,4,Stepless_crossing,Seoul,Jan  4 2018  8:04PM,2
,Seoul,2014,11,Stepless_crossing,Seoul,Jan  4 2018  8:04PM,2
,Seoul,2014,7,Stepless_crossing,Seoul,Jan  4 2018  8:04PM,2
,Seoul,2014,4,Stepless_crossing,Seoul,Jan  4 2018  8:04PM,2
,Seoul,2014,17,Stepless_crossing,Seoul,Jan  4 2018  8:04PM,2
,Seoul,2014,9,Stepless_crossing,Seoul,Jan  4 2018  8:04PM,2
,Seoul,2014,8,Stepless_crossing,Seoul,Jan  4 2018  8:04PM,2
,Seoul,2014,7,Stepless_crossing,Seoul,Jan  4 2018  8:04PM,2
,Seoul,2014,6,Stepless_crossing,Seoul,Jan  4 2018  8:04PM,2
,Seoul,2014,5,Stepless_crossing,Seoul,Jan  4 2018  8:04PM,2
,Seoul,2014,5,Stepless_crossing,Seoul,Jan  4 2018  8:04PM,2
,Seoul,2014,4,Stepless_crossing,Seoul,Jan  4 2018  8:04PM,2
,Seoul,2014,4,Stepless_crossing,Seoul,Jan  4 2018  8:04PM,2
,Seoul,2014,16,Stepless_crossing,Seoul,Jan  4 2018  8:04PM,2
,Seoul,2014,14,Stepless_crossing,Seoul,Jan  4 2018  8:04PM,2
,Seoul,2014,8,Stepless_crossing,Seoul,Jan  4 2018  8:04PM,2
,Seoul,2014,8,Stepless_crossing,Seoul,Jan  4 2018  8:04PM,2
,Seoul,2014,5,Stepless_crossing,Seoul,Jan  4 2018  8:04PM,2
,Seoul,2014,4,Stepless_crossing,Seoul,Jan  4 2018  8:04PM,2
,Seoul,2014,4,Stepless_crossing,Seoul,Jan  4 2018  8:04PM,2
,Chungcheongnamdo,2014,4,Walking_old_man,Chungcheongnamdo,Jan  4 2018  8:04PM,2
,Chungcheongnamdo,2014,5,Walking_old_man,Chungcheongnamdo,Jan  4 2018  8:04PM,2
,Chungcheongnamdo,2014,9,Walking_old_man,Chungcheongnamdo,Jan  4 2018  8:04PM,2
,Chungcheongnamdo,2014,3,Walking_old_man,Chungcheongnamdo,Jan  4 2018  8:04PM,2
,Chungcheongnamdo,2014,4,Walking_old_man,Chungcheongnamdo,Jan  4 2018  8:04PM,2
,Chungcheongnamdo,2014,5,Walking_old_man,Chungcheongnamdo,Jan  4 2018  8:04PM,2
,Chungcheongnamdo,2014,7,Walking_old_man,Chungcheongnamdo,Jan  4 2018  8:04PM,2
,Chungcheongnamdo,2014,5,Walking_old_man,Chungcheongnamdo,Jan  4 2018  8:04PM,2
,Chungcheongnamdo,2014,4,Walking_old_man,Chungcheongnamdo,Jan  4 2018  8:04PM,2
,Jeollabukdo,2014,6,Walking_old_man,Jeollabukdo,Jan  4 2018  8:04PM,2
,Jeollabukdo,2014,5,Walking_old_man,Jeollabukdo,Jan  4 2018  8:04PM,2
,Jeollabukdo,2014,5,Walking_old_man,Jeollabukdo,Jan  4 2018  8:04PM,2
,Jeollabukdo,2014,4,Walking_old_man,Jeollabukdo,Jan  4 2018  8:04PM,2
,Jeollabukdo,2014,4,Walking_old_man,Jeollabukdo,Jan  4 2018  8:04PM,2
,Jeollabukdo,2014,4,Walking_old_man,Jeollabukdo,Jan  4 2018  8:04PM,2
,Jeollabukdo,2014,3,Walking_old_man,Jeollabukdo,Jan  4 2018  8:04PM,2
,Jeollabukdo,2014,3,Walking_old_man,Jeollabukdo,Jan  4 2018  8:04PM,1
,Jeollabukdo,2014,3,Walking_old_man,Jeollabukdo,Jan  4 2018  8:04PM,2
,Jeollabukdo,2014,4,Walking_old_man,Jeollabukdo,Jan  4 2018  8:04PM,2
,Jeollabukdo,2014,4,Walking_old_man,Jeollabukdo,Jan  4 2018  8:04PM,2
,Jeollabukdo,2014,4,Walking_old_man,Jeollabukdo,Jan  4 2018  8:04PM,2
,Jeollabukdo,2014,3,Walking_old_man,Jeollabukdo,Jan  4 2018  8:04PM,2
,Jeollabukdo,2014,3,Walking_old_man,Jeollabukdo,Jan  4 2018  8:04PM,2
,Jeollabukdo,2014,11,Walking_old_man,Jeollabukdo,Jan  4 2018  8:04PM,2
,Chungcheongbukdo,2014,3,Walking_old_man,Chungcheongbukdo,Jan  4 2018  8:04PM,2
,Chungcheongbukdo,2014,3,Walking_old_man,Chungcheongbukdo,Jan  4 2018  8:04PM,2
,Chungcheongbukdo,2014,4,Walking_old_man,Chungcheongbukdo,Jan  4 2018  8:04PM,2
,Chungcheongbukdo,2014,3,Walking_old_man,Chungcheongbukdo,Jan  4 2018  8:04PM,2
,Chungcheongbukdo,2014,3,Walking_old_man,Chungcheongbukdo,Jan  4 2018  8:04PM,2
,Chungcheongnamdo,2014,4,Walking_old_man,Chungcheongnamdo,Jan  4 2018  8:04PM,2
,Chungcheongbukdo,2014,4,Walking_old_man,Chungcheongbukdo,Jan  4 2018  8:04PM,2
,Chungcheongbukdo,2014,4,Walking_old_man,Chungcheongbukdo,Jan  4 2018  8:04PM,2
,Chungcheongbukdo,2014,6,Walking_old_man,Chungcheongbukdo,Jan  4 2018  8:04PM,2
,Chungcheongnamdo,2014,9,Walking_old_man,Chungcheongnamdo,Jan  4 2018  8:04PM,2
,Chungcheongnamdo,2014,4,Walking_old_man,Chungcheongnamdo,Jan  4 2018  8:04PM,2
,Chungcheongnamdo,2014,7,Walking_old_man,Chungcheongnamdo,Jan  4 2018  8:04PM,2
,Seoul,2014,9,Stepless_crossing,Seoul,Jan  4 2018  8:04PM,1
,Chungcheongnamdo,2014,6,Walking_old_man,Chungcheongnamdo,Jan  4 2018  8:04PM,1
,Seoul,2014,6,Stepless_crossing,Seoul,Jan  4 2018  8:04PM,2
,Seoul,2014,4,Stepless_crossing,Seoul,Jan  4 2018  8:04PM,2
,Seoul,2014,7,Stepless_crossing,Seoul,Jan  4 2018  8:04PM,2
,Seoul,2014,16,Stepless_crossing,Seoul,Jan  4 2018  8:04PM,2
,Seoul,2014,11,Stepless_crossing,Seoul,Jan  4 2018  8:04PM,2
,Gyeongsangnamdo,2014,4,Walking_children,Gyeongsangnamdo,Jan  4 2018  8:04PM,2
,Gyeongsangnamdo,2014,3,Walking_children,Gyeongsangnamdo,Jan  4 2018  8:04PM,2
,Gyeongsangnamdo,2014,3,Walking_children,Gyeongsangnamdo,Jan  4 2018  8:04PM,2
,Gyeongsangnamdo,2014,6,Walking_children,Gyeongsangnamdo,Jan  4 2018  8:04PM,2
,Gyeongsangnamdo,2014,5,Walking_children,Gyeongsangnamdo,Jan  4 2018  8:04PM,2
,Gyeongsangnamdo,2014,3,Walking_children,Gyeongsangnamdo,Jan  4 2018  8:04PM,2
,Gyeongsangnamdo,2014,3,Walking_children,Gyeongsangnamdo,Jan  4 2018  8:04PM,2
,Gyeongsangnamdo,2014,3,Walking_children,Gyeongsangnamdo,Jan  4 2018  8:04PM,2
,Gyeongsangnamdo,2014,4,Walking_children,Gyeongsangnamdo,Jan  4 2018  8:04PM,2
,Gyeongsangnamdo,2014,3,Walking_children,Gyeongsangnamdo,Jan  4 2018  8:04PM,2
,Jeju,2014,6,Walking_children,Jeju,Jan  4 2018  8:04PM,2
,Jeju,2014,4,Walking_children,Jeju,Jan  4 2018  8:04PM,2
,Jeju,2014,4,Walking_children,Jeju,Jan  4 2018  8:04PM,2
,Jeju,2014,3,Walking_children,Jeju,Jan  4 2018  8:04PM,2
,Jeju,2014,3,Walking_children,Jeju,Jan  4 2018  8:04PM,2
,Jeju,2014,4,Walking_children,Jeju,Jan  4 2018  8:04PM,2
,Seoul,2014,14,Stepless_crossing,Seoul,Jan  4 2018  8:04PM,2
,Seoul,2014,5,Stepless_crossing,Seoul,Jan  4 2018  8:04PM,2
,Seoul,2014,17,Stepless_crossing,Seoul,Jan  4 2018  8:04PM,2
,Seoul,2014,14,Stepless_crossing,Seoul,Jan  4 2018  8:04PM,2
,Seoul,2014,14,Stepless_crossing,Seoul,Jan  4 2018  8:04PM,2
,Seoul,2014,8,Stepless_crossing,Seoul,Jan  4 2018  8:04PM,2
,Seoul,2014,6,Stepless_crossing,Seoul,Jan  4 2018  8:04PM,2
,Gangwon,2014,4,Walking_old_man,Gangwon,Jan  4 2018  8:04PM,2
,Gangwon,2014,4,Walking_old_man,Gangwon,Jan  4 2018  8:04PM,2
,Chungcheongbukdo,2014,13,Walking_old_man,Chungcheongbukdo,Jan  4 2018  8:04PM,2
,Chungcheongbukdo,2014,4,Walking_old_man,Chungcheongbukdo,Jan  4 2018  8:04PM,2
,Chungcheongbukdo,2014,5,Walking_old_man,Chungcheongbukdo,Jan  4 2018  8:04PM,2
,Gyeongsangnamdo,2014,3,Walking_children,Gyeongsangnamdo,Jan  4 2018  8:04PM,2
,Gyeongsangnamdo,2014,3,Walking_children,Gyeongsangnamdo,Jan  4 2018  8:04PM,2
,Gyeongsangnamdo,2014,4,Walking_children,Gyeongsangnamdo,Jan  4 2018  8:04PM,2
,Gyeongsangnamdo,2014,3,Walking_children,Gyeongsangnamdo,Jan  4 2018  8:04PM,2
,Seoul,2014,5,Stepless_crossing,Seoul,Jan  4 2018  8:04PM,2
,Seoul,2014,8,Stepless_crossing,Seoul,Jan  4 2018  8:04PM,2
,Seoul,2014,9,Stepless_crossing,Seoul,Jan  4 2018  8:04PM,2
,Seoul,2014,8,Stepless_crossing,Seoul,Jan  4 2018  8:04PM,2
,Seoul,2014,6,Stepless_crossing,Seoul,Jan  4 2018  8:04PM,2
,Gangwon,2014,3,Walking_old_man,Gangwon,Jan  4 2018  8:04PM,2
,Gyeonggi,2014,3,Walking_old_man,Gyeonggi,Jan  4 2018  8:04PM,2
,Gyeonggi,2014,3,Walking_old_man,Gyeonggi,Jan  4 2018  8:04PM,2
,Gyeonggi,2014,3,Walking_old_man,Gyeonggi,Jan  4 2018  8:04PM,2
,Gyeonggi,2014,7,Walking_old_man,Gyeonggi,Jan  4 2018  8:04PM,2
,Gyeonggi,2014,6,Walking_old_man,Gyeonggi,Jan  4 2018  8:04PM,2
,Gyeonggi,2014,3,Walking_old_man,Gyeonggi,Jan  4 2018  8:04PM,2
,Gyeonggi,2014,3,Walking_old_man,Gyeonggi,Jan  4 2018  8:04PM,2
,Gyeonggi,2014,8,Walking_old_man,Gyeonggi,Jan  4 2018  8:04PM,2
,Gyeonggi,2014,6,Walking_old_man,Gyeonggi,Jan  4 2018  8:04PM,2
,Gyeonggi,2014,3,Walking_old_man,Gyeonggi,Jan  4 2018  8:04PM,2
,Gyeonggi,2014,8,Walking_old_man,Gyeonggi,Jan  4 2018  8:04PM,2
,Gyeonggi,2014,3,Walking_old_man,Gyeonggi,Jan  4 2018  8:04PM,2
,Gyeonggi,2014,3,Walking_old_man,Gyeonggi,Jan  4 2018  8:04PM,2
,Gyeonggi,2014,3,Walking_old_man,Gyeonggi,Jan  4 2018  8:04PM,2
,Gyeonggi,2014,3,Walking_old_man,Gyeonggi,Jan  4 2018  8:04PM,2
,Gyeonggi,2014,4,Walking_old_man,Gyeonggi,Jan  4 2018  8:04PM,2
,Gyeonggi,2014,5,Walking_old_man,Gyeonggi,Jan  4 2018  8:04PM,2
,Gyeonggi,2014,3,Walking_old_man,Gyeonggi,Jan  4 2018  8:04PM,2
,Gyeonggi,2014,3,Walking_old_man,Gyeonggi,Feb  4 2018  8:219PM,2
,Gyeonggi,2014,2,Walking_old_man,Gyeonggi,Feb  4 2018  8:219PM,2
,Gyeonggi,2014,4,Walking_old_man,Gyeonggi,Feb  4 2018  8:219PM,2
,Gyeonggi,2014,3,Walking_old_man,Gyeonggi,Feb  4 2018  8:219PM,2
,Gyeonggi,2014,3,Walking_old_man,Gyeonggi,Feb  4 2018  8:219PM,2
,Gyeonggi,2014,2,Walking_old_man,Gyeonggi,Feb  4 2018  8:219PM,2
,Gyeonggi,2014,5,Walking_old_man,Gyeonggi,Feb  4 2018  8:219PM,2
,Gyeonggi,2014,3,Walking_old_man,Gyeonggi,Feb  4 2018  8:219PM,2
,Gyeonggi,2014,5,Walking_old_man,Gyeonggi,Feb  4 2018  8:219PM,2
,Gyeonggi,2014,4,Walking_old_man,Gyeonggi,Feb  4 2018  8:219PM,0
,Gangwon,2014,7,Walking_old_man,Gangwon,Feb  4 2018  8:219PM,2
,Gangwon,2014,7,Walking_old_man,Gangwon,Feb  4 2018  8:219PM,2
,Gangwon,2014,4,Walking_old_man,Gangwon,Feb  4 2018  8:219PM,2
,Gangwon,2014,7,Walking_old_man,Gangwon,Feb  4 2018  8:219PM,2
,Gangwon,2014,6,Walking_old_man,Gangwon,Feb  4 2018  8:219PM,2
,Gangwon,2014,4,Walking_old_man,Gangwon,Feb  4 2018  8:219PM,2
,Gangwon,2014,3,Walking_old_man,Gangwon,Feb  4 2018  8:219PM,2
,Gangwon,2014,3,Walking_old_man,Gangwon,Feb  4 2018  8:219PM,2
,Gangwon,2014,3,Walking_old_man,Gangwon,Feb  4 2018  8:219PM,2
,Gangwon,2014,6,Walking_old_man,Gangwon,Feb  4 2018  8:219PM,2
,Gangwon,2014,6,Walking_old_man,Gangwon,Feb  4 2018  8:219PM,2
,Gangwon,2014,3,Walking_old_man,Gangwon,Feb  4 2018  8:219PM,2
,Gyeonggi,2014,7,Walking_old_man,Gyeonggi,Feb  4 2018  8:219PM,2
,Gyeonggi,2014,5,Walking_old_man,Gyeonggi,Feb  4 2018  8:219PM,2
,Gyeonggi,2014,3,Walking_old_man,Gyeonggi,Feb  4 2018  8:219PM,2
,Gyeonggi,2014,3,Walking_old_man,Gyeonggi,Feb  4 2018  8:219PM,1
,Gyeonggi,2014,3,Walking_old_man,Gyeonggi,Feb  4 2018  8:219PM,2
,Gyeonggi,2014,3,Walking_old_man,Gyeonggi,Feb  4 2018  8:219PM,2
,Gyeonggi,2014,3,Walking_old_man,Gyeonggi,Feb  4 2018  8:219PM,2
,Gyeonggi,2014,3,Walking_old_man,Gyeonggi,Feb  4 2018  8:219PM,2
,Gyeonggi,2014,3,Walking_old_man,Gyeonggi,Feb  4 2018  8:219PM,2
,Gyeonggi,2014,5,Walking_old_man,Gyeonggi,Feb  4 2018  8:219PM,2
,Gyeonggi,2014,5,Walking_old_man,Gyeonggi,Feb  4 2018  8:219PM,2
,Gyeonggi,2014,4,Walking_old_man,Gyeonggi,Feb  4 2018  8:219PM,2
,Gyeonggi,2014,3,Walking_old_man,Gyeonggi,Feb  4 2018  8:219PM,2
,Gyeonggi,2014,4,Walking_old_man,Gyeonggi,Feb  4 2018  8:219PM,2
,Jeollanamdo,2014,5,Walking_children,Jeollanamdo,Feb  4 2018  8:219PM,2
,Gyeongsangbukdo,2014,3,Walking_children,Gyeongsangbukdo,Feb  4 2018  8:219PM,2
,Gyeongsangbukdo,2014,5,Walking_children,Gyeongsangbukdo,Feb  4 2018  8:219PM,2
,Gyeongsangbukdo,2014,3,Walking_children,Gyeongsangbukdo,Feb  4 2018  8:219PM,2
,Gyeongsangnamdo,2014,4,Walking_children,Gyeongsangnamdo,Feb  4 2018  8:219PM,2
,Gyeonggi,2014,5,Walking_old_man,Gyeonggi,Feb  4 2018  8:219PM,2
,Gyeonggi,2014,4,Walking_old_man,Gyeonggi,Feb  4 2018  8:219PM,2
,Gyeonggi,2014,3,Walking_old_man,Gyeonggi,Feb  4 2018  8:219PM,2
,Gyeonggi,2014,3,Walking_old_man,Gyeonggi,Feb  4 2018  8:219PM,2
,Gyeonggi,2014,3,Walking_old_man,Gyeonggi,Feb  4 2018  8:219PM,2
,Gyeonggi,2014,5,Walking_old_man,Gyeonggi,Feb  4 2018  8:219PM,2
,Gyeonggi,2014,4,Walking_old_man,Gyeonggi,Feb  4 2018  8:219PM,2
,Gyeonggi,2014,8,Walking_old_man,Gyeonggi,Feb  4 2018  8:219PM,2
,Gyeonggi,2014,4,Walking_old_man,Gyeonggi,Feb  4 2018  8:219PM,2
,Gyeonggi,2014,4,Walking_old_man,Gyeonggi,Feb  4 2018  8:219PM,2
,Gyeonggi,2014,5,Walking_old_man,Gyeonggi,Feb  4 2018  8:219PM,2
,Gyeonggi,2014,4,Walking_old_man,Gyeonggi,Feb  4 2018  8:219PM,2
,Gyeonggi,2014,4,Walking_old_man,Gyeonggi,Feb  4 2018  8:219PM,2
,Gyeonggi,2014,4,Walking_old_man,Gyeonggi,Feb  4 2018  8:219PM,2
,Gyeonggi,2014,3,Walking_old_man,Gyeonggi,Feb  4 2018  8:219PM,2
,Gyeonggi,2014,3,Walking_old_man,Gyeonggi,Feb  4 2018  8:219PM,2
,Gyeonggi,2014,6,Walking_old_man,Gyeonggi,Feb  4 2018  8:219PM,2
,Gyeonggi,2014,3,Walking_old_man,Gyeonggi,Feb  4 2018  8:219PM,2
,Gyeonggi,2014,8,Walking_old_man,Gyeonggi,Feb  4 2018  8:219PM,2
,Gyeonggi,2014,3,Walking_old_man,Gyeonggi,Feb  4 2018  8:219PM,2
,Gyeonggi,2014,3,Walking_old_man,Gyeonggi,Feb  4 2018  8:219PM,2
,Jeollanamdo,2014,6,Walking_children,Jeollanamdo,Feb  4 2018  8:219PM,2
,Jeollanamdo,2014,3,Walking_children,Jeollanamdo,Feb  4 2018  8:219PM,2
,Jeollanamdo,2014,4,Walking_children,Jeollanamdo,Feb  4 2018  8:219PM,2
,Jeollanamdo,2014,3,Walking_children,Jeollanamdo,Feb  4 2018  8:219PM,2
,Jeollanamdo,2014,3,Walking_children,Jeollanamdo,Feb  4 2018  8:219PM,2
,Jeollanamdo,2014,3,Walking_children,Jeollanamdo,Feb  4 2018  8:219PM,2
,Jeollanamdo,2014,4,Walking_children,Jeollanamdo,Feb  4 2018  8:219PM,2
,Gyeonggi,2014,4,Walking_old_man,Gyeonggi,Feb  4 2018  8:219PM,2
,Gyeonggi,2014,4,Walking_old_man,Gyeonggi,Feb  4 2018  8:219PM,2
,Gyeonggi,2014,3,Walking_old_man,Gyeonggi,Feb  4 2018  8:219PM,2
,Gyeonggi,2014,7,Walking_old_man,Gyeonggi,Feb  4 2018  8:219PM,2
,Gyeonggi,2014,5,Walking_old_man,Gyeonggi,Feb  4 2018  8:219PM,2
,Gyeonggi,2014,5,Walking_old_man,Gyeonggi,Feb  4 2018  8:219PM,2
,Gyeonggi,2014,4,Walking_old_man,Gyeonggi,Feb  4 2018  8:219PM,2
,Gyeonggi,2014,4,Walking_old_man,Gyeonggi,Feb  4 2018  8:219PM,2
,Gyeonggi,2014,3,Walking_old_man,Gyeonggi,Feb  4 2018  8:219PM,2
,Gyeonggi,2014,8,Walking_old_man,Gyeonggi,Feb  4 2018  8:219PM,2
,Gyeonggi,2014,4,Walking_old_man,Gyeonggi,Feb  4 2018  8:219PM,2
,Gyeonggi,2014,3,Walking_old_man,Gyeonggi,Feb  4 2018  8:219PM,2
,Gyeonggi,2014,3,Walking_old_man,Gyeonggi,Feb  4 2018  8:219PM,2
,Gyeonggi,2014,3,Walking_old_man,Gyeonggi,Feb  4 2018  8:219PM,2
,Gyeonggi,2014,6,Walking_old_man,Gyeonggi,Feb  4 2018  8:219PM,2
,Gyeonggi,2014,6,Walking_old_man,Gyeonggi,Feb  4 2018  8:219PM,2
,Gyeonggi,2014,5,Walking_old_man,Gyeonggi,Feb  4 2018  8:219PM,1
,Gyeonggi,2014,5,Walking_old_man,Gyeonggi,Feb  4 2018  8:219PM,2
,Jeollabukdo,2014,3,Walking_children,Jeollabukdo,Feb  4 2018  8:219PM,2
,Jeollabukdo,2014,3,Walking_children,Jeollabukdo,Feb  4 2018  8:219PM,2
,Incheon,2014,3,Walking_old_man,Incheon,Feb  4 2018  8:219PM,2
,Incheon,2014,5,Walking_old_man,Incheon,Feb  4 2018  8:219PM,0
,Incheon,2014,4,Walking_old_man,Incheon,Feb  4 2018  8:219PM,0
,Incheon,2014,3,Walking_old_man,Incheon,Feb  4 2018  8:219PM,0
,Incheon,2014,3,Walking_old_man,Incheon,Feb  4 2018  8:219PM,0
,Gyeonggi,2014,3,Walking_old_man,Gyeonggi,Feb  4 2018  8:219PM,2
,Gyeonggi,2014,3,Walking_old_man,Gyeonggi,Feb  4 2018  8:219PM,2
,Gyeonggi,2014,6,Walking_old_man,Gyeonggi,Feb  4 2018  8:219PM,2
,Jeollabukdo,2014,3,Walking_children,Jeollabukdo,Feb  4 2018  8:219PM,1
,Incheon,2014,3,Walking_old_man,Incheon,Feb  4 2018  8:219PM,1
,Incheon,2014,3,Walking_old_man,Incheon,Feb  4 2018  8:219PM,1
,Gwangju,2014,3,Walking_old_man,Gwangju,Feb  4 2018  8:219PM,2
,Gwangju,2014,3,Walking_old_man,Gwangju,Feb  4 2018  8:219PM,2
,Gwangju,2014,3,Walking_old_man,Gwangju,Feb  4 2018  8:219PM,2
,Daejeon,2014,8,Walking_old_man,Daejeon,Feb  4 2018  8:219PM,2
,Daejeon,2014,5,Walking_old_man,Daejeon,Feb  4 2018  8:219PM,2
,Daejeon,2014,3,Walking_old_man,Daejeon,Feb  4 2018  8:219PM,2
,Daejeon,2014,3,Walking_old_man,Daejeon,Feb  4 2018  8:219PM,2
,Daejeon,2014,5,Walking_old_man,Daejeon,Feb  4 2018  8:219PM,2
,Daejeon,2014,5,Walking_old_man,Daejeon,Feb  4 2018  8:219PM,2
,Daejeon,2014,4,Walking_old_man,Daejeon,Feb  4 2018  8:219PM,2
,Daejeon,2014,3,Walking_old_man,Daejeon,Feb  4 2018  8:219PM,2
,Daejeon,2014,3,Walking_old_man,Daejeon,Feb  4 2018  8:219PM,2
,Daejeon,2014,3,Walking_old_man,Daejeon,Feb  4 2018  8:219PM,2
,Daejeon,2014,3,Walking_old_man,Daejeon,Feb  4 2018  8:219PM,2
,Daejeon,2014,4,Walking_old_man,Daejeon,Feb  4 2018  8:219PM,2
,Daejeon,2014,3,Walking_old_man,Daejeon,Feb  4 2018  8:219PM,2
,Daejeon,2014,3,Walking_old_man,Daejeon,Feb  4 2018  8:219PM,2
,Daejeon,2014,2,Walking_old_man,Daejeon,Feb  4 2018  8:219PM,2
,Ulsan,2014,6,Walking_old_man,Ulsan,Feb  4 2018  8:219PM,2
,Ulsan,2014,5,Walking_old_man,Ulsan,Feb  4 2018  8:219PM,2
,Ulsan,2014,5,Walking_old_man,Ulsan,Feb  4 2018  8:219PM,2
,Ulsan,2014,4,Walking_old_man,Ulsan,Feb  4 2018  8:219PM,2
,Ulsan,2014,3,Walking_old_man,Ulsan,Mar  4 2018  8:219PM,2
,Ulsan,2014,3,Walking_old_man,Ulsan,Mar  4 2018  8:219PM,2
,Ulsan,2014,4,Walking_old_man,Ulsan,Mar  4 2018  8:219PM,2
,Sejong,2014,3,Walking_old_man,Sejong,Mar  4 2018  8:219PM,2
,Gyeonggi,2014,8,Walking_old_man,Gyeonggi,Mar  4 2018  8:219PM,2
,Gyeonggi,2014,6,Walking_old_man,Gyeonggi,Mar  4 2018  8:219PM,2
,Gyeonggi,2014,6,Walking_old_man,Gyeonggi,Mar  4 2018  8:219PM,2
,Gyeonggi,2014,5,Walking_old_man,Gyeonggi,Mar  4 2018  8:219PM,2
,Gyeonggi,2014,4,Walking_old_man,Gyeonggi,Mar  4 2018  8:219PM,2
,Gyeonggi,2014,4,Walking_old_man,Gyeonggi,Mar  4 2018  8:219PM,2
,Gyeonggi,2014,3,Walking_old_man,Gyeonggi,Mar  4 2018  8:219PM,2
,Gyeonggi,2014,8,Walking_old_man,Gyeonggi,Mar  4 2018  8:219PM,2
,Gyeonggi,2014,6,Walking_old_man,Gyeonggi,Mar  4 2018  8:219PM,2
,Gyeonggi,2014,5,Walking_old_man,Gyeonggi,Mar  4 2018  8:219PM,2
,Gyeonggi,2014,5,Walking_old_man,Gyeonggi,Mar  4 2018  8:219PM,2
,Gyeonggi,2014,4,Walking_old_man,Gyeonggi,Mar  4 2018  8:219PM,2
,Gyeonggi,2014,3,Walking_old_man,Gyeonggi,Mar  4 2018  8:219PM,2
,Gyeonggi,2014,3,Walking_old_man,Gyeonggi,Mar  4 2018  8:219PM,2
,Incheon,2014,4,Walking_old_man,Incheon,Mar  4 2018  8:219PM,0
,Jeollabukdo,2014,3,Walking_children,Jeollabukdo,Mar  4 2018  8:219PM,1
,Incheon,2014,4,Walking_old_man,Incheon,Mar  4 2018  8:219PM,2
,Incheon,2014,4,Walking_old_man,Incheon,Mar  4 2018  8:219PM,2
,Incheon,2014,3,Walking_old_man,Incheon,Mar  4 2018  8:219PM,2
,Incheon,2014,6,Walking_old_man,Incheon,Mar  4 2018  8:219PM,2
,Incheon,2014,5,Walking_old_man,Incheon,Mar  4 2018  8:219PM,0
,Daegu,2014,3,Walking_old_man,Daegu,Mar  4 2018  8:219PM,2
,Daegu,2014,3,Walking_old_man,Daegu,Mar  4 2018  8:219PM,0
,Daegu,2014,4,Walking_old_man,Daegu,Mar  4 2018  8:219PM,2
,Incheon,2014,5,Walking_old_man,Incheon,Mar  4 2018  8:219PM,0
,Incheon,2014,5,Walking_old_man,Incheon,Mar  4 2018  8:219PM,2
,Incheon,2014,4,Walking_old_man,Incheon,Mar  4 2018  8:219PM,2
,Incheon,2014,4,Walking_old_man,Incheon,Mar  4 2018  8:219PM,1
,Daegu,2014,3,Walking_old_man,Daegu,Mar  4 2018  8:219PM,0
,Daegu,2014,5,Walking_old_man,Daegu,Mar  4 2018  8:219PM,2
,Daegu,2014,5,Walking_old_man,Daegu,Mar  4 2018  8:219PM,0
,Daegu,2014,4,Walking_old_man,Daegu,Mar  4 2018  8:219PM,2
,Daegu,2014,4,Walking_old_man,Daegu,Mar  4 2018  8:219PM,2
,Daegu,2014,4,Walking_old_man,Daegu,Mar  4 2018  8:219PM,0
,Jeollabukdo,2014,3,Walking_children,Jeollabukdo,Mar  4 2018  8:219PM,2
,Jeollabukdo,2014,7,Walking_children,Jeollabukdo,Mar  4 2018  8:219PM,2
,Jeollabukdo,2014,3,Walking_children,Jeollabukdo,Mar  4 2018  8:219PM,2
,Daegu,2014,3,Walking_old_man,Daegu,Mar  4 2018  8:219PM,2
,Daegu,2014,3,Walking_old_man,Daegu,Mar  4 2018  8:219PM,2
,Daegu,2014,5,Walking_old_man,Daegu,Mar  4 2018  8:219PM,0
,Daegu,2014,5,Walking_old_man,Daegu,Mar  4 2018  8:219PM,2
,Daegu,2014,4,Walking_old_man,Daegu,Mar  4 2018  8:219PM,2
,Daegu,2014,4,Walking_old_man,Daegu,Mar  4 2018  8:219PM,0
,Daegu,2014,4,Walking_old_man,Daegu,Mar  4 2018  8:219PM,0
,Daegu,2014,3,Walking_old_man,Daegu,Mar  4 2018  8:219PM,0
,Daegu,2014,5,Walking_old_man,Daegu,Mar  4 2018  8:219PM,2
,Daegu,2014,4,Walking_old_man,Daegu,Mar  4 2018  8:219PM,0
,Daegu,2014,3,Walking_old_man,Daegu,Mar  4 2018  8:219PM,0
,Daegu,2014,3,Walking_old_man,Daegu,Mar  4 2018  8:219PM,2
,Daegu,2014,3,Walking_old_man,Daegu,Mar  4 2018  8:219PM,2
,Daegu,2014,3,Walking_old_man,Daegu,Mar  4 2018  8:219PM,2
,Daegu,2014,3,Walking_old_man,Daegu,Mar  4 2018  8:219PM,0
,Daegu,2014,3,Walking_old_man,Daegu,Mar  4 2018  8:219PM,0
,Daegu,2014,3,Walking_old_man,Daegu,Mar  4 2018  8:219PM,2
,Daegu,2014,6,Walking_old_man,Daegu,Mar  4 2018  8:219PM,2
,Daegu,2014,6,Walking_old_man,Daegu,Mar  4 2018  8:219PM,0
,Daegu,2014,6,Walking_old_man,Daegu,Mar  4 2018  8:219PM,2
,Daegu,2014,7,Walking_old_man,Daegu,Mar  4 2018  8:219PM,0
,Jeollabukdo,2014,4,Walking_children,Jeollabukdo,Mar  4 2018  8:219PM,0
,Chungcheongnamdo,2014,5,Walking_children,Chungcheongnamdo,Mar  4 2018  8:219PM,0
,Chungcheongnamdo,2014,4,Walking_children,Chungcheongnamdo,Mar  4 2018  8:219PM,2
,Jeollabukdo,2014,4,Walking_children,Jeollabukdo,Mar  4 2018  8:219PM,2
,Jeollabukdo,2014,4,Walking_children,Jeollabukdo,Mar  4 2018  8:219PM,2
,Seoul,2014,4,Walking_children,Seoul,Mar  4 2018  8:219PM,0
,Seoul,2014,4,Walking_children,Seoul,Mar  4 2018  8:219PM,1
,Seoul,2014,3,Walking_children,Seoul,Mar  4 2018  8:219PM,2
,Seoul,2014,8,Walking_children,Seoul,Mar  4 2018  8:219PM,0
,Seoul,2014,3,Walking_children,Seoul,Mar  4 2018  8:219PM,0
,Seoul,2014,3,Walking_children,Seoul,Mar  4 2018  8:219PM,0
,Daegu,2014,5,Walking_old_man,Daegu,Mar  4 2018  8:219PM,0
,Daegu,2014,4,Walking_old_man,Daegu,Mar  4 2018  8:219PM,0
,Daegu,2014,4,Walking_old_man,Daegu,Mar  4 2018  8:219PM,0
,Chungcheongbukdo,2014,3,Walking_children,Chungcheongbukdo,Mar  4 2018  8:219PM,0
,Chungcheongnamdo,2014,3,Walking_children,Chungcheongnamdo,Mar  4 2018  8:219PM,2
,Chungcheongnamdo,2014,3,Walking_children,Chungcheongnamdo,Mar  4 2018  8:219PM,2
,Chungcheongnamdo,2014,3,Walking_children,Chungcheongnamdo,Mar  4 2018  8:219PM,0
,Chungcheongnamdo,2014,5,Walking_children,Chungcheongnamdo,Mar  4 2018  8:219PM,2
,Daegu,2014,4,Walking_old_man,Daegu,Mar  4 2018  8:219PM,0
,Daegu,2014,4,Walking_old_man,Daegu,Mar  4 2018  8:219PM,2
,Daegu,2014,3,Walking_old_man,Daegu,Mar  4 2018  8:219PM,0
,Daegu,2014,5,Walking_old_man,Daegu,Mar  4 2018  8:219PM,0
,Chungcheongbukdo,2014,3,Walking_children,Chungcheongbukdo,Mar  4 2018  8:219PM,0
,Daegu,2014,5,Walking_old_man,Daegu,Mar  4 2018  8:219PM,1
,Daegu,2014,3,Walking_old_man,Daegu,Mar  4 2018  8:219PM,0
,Chungcheongbukdo,2014,3,Walking_children,Chungcheongbukdo,Mar  4 2018  8:219PM,0
,Chungcheongbukdo,2014,3,Walking_children,Chungcheongbukdo,Mar  4 2018  8:219PM,0
,Chungcheongbukdo,2014,3,Walking_children,Chungcheongbukdo,Mar  4 2018  8:219PM,0
,Chungcheongbukdo,2014,3,Walking_children,Chungcheongbukdo,Mar  4 2018  8:219PM,0
,Chungcheongbukdo,2014,4,Walking_children,Chungcheongbukdo,Mar  4 2018  8:219PM,0
,Busan,2014,3,Walking_old_man,Busan,Mar  4 2018  8:219PM,0
,Busan,2014,3,Walking_old_man,Busan,Mar  4 2018  8:219PM,2
,Busan,2014,3,Walking_old_man,Busan,Mar  4 2018  8:219PM,2
,Busan,2014,3,Walking_old_man,Busan,Mar  4 2018  8:219PM,2
,Busan,2014,3,Walking_old_man,Busan,Mar  4 2018  8:219PM,0
,Busan,2014,3,Walking_old_man,Busan,Mar  4 2018  8:219PM,2
,Busan,2014,3,Walking_old_man,Busan,Mar  4 2018  8:219PM,2
,Busan,2014,3,Walking_old_man,Busan,Mar  4 2018  8:219PM,0
,Busan,2014,9,Walking_old_man,Busan,Apr  4 2018  8:219PM,0
,Busan,2014,7,Walking_old_man,Busan,Apr  4 2018  8:219PM,2
,Busan,2014,4,Walking_old_man,Busan,Apr  4 2018  8:219PM,0
,Busan,2014,4,Walking_old_man,Busan,Apr  4 2018  8:219PM,2
,Busan,2014,3,Walking_old_man,Busan,Apr  4 2018  8:219PM,2
,Busan,2014,3,Walking_old_man,Busan,Apr  4 2018  8:219PM,2
,Busan,2014,3,Walking_old_man,Busan,Apr  4 2018  8:219PM,2
,Busan,2014,3,Walking_old_man,Busan,Apr  4 2018  8:219PM,2
,Busan,2014,6,Walking_old_man,Busan,Apr  4 2018  8:219PM,0
,Busan,2014,6,Walking_old_man,Busan,Apr  4 2018  8:219PM,0
,Busan,2014,3,Walking_old_man,Busan,Apr  4 2018  8:219PM,2
,Busan,2014,2,Walking_old_man,Busan,Apr  4 2018  8:219PM,2
,Daegu,2014,7,Walking_old_man,Daegu,Apr  4 2018  8:219PM,0
,Daegu,2014,6,Walking_old_man,Daegu,Apr  4 2018  8:219PM,0
,Daegu,2014,5,Walking_old_man,Daegu,Apr  4 2018  8:219PM,2
,Daegu,2014,5,Walking_old_man,Daegu,Apr  4 2018  8:219PM,0
,Daegu,2014,5,Walking_old_man,Daegu,Apr  4 2018  8:219PM,0
,Daegu,2014,4,Walking_old_man,Daegu,Apr  4 2018  8:219PM,0
,Daegu,2014,3,Walking_old_man,Daegu,Apr  4 2018  8:219PM,0
,Daegu,2014,3,Walking_old_man,Daegu,Apr  4 2018  8:219PM,0
,Daegu,2014,4,Walking_old_man,Daegu,Apr  4 2018  8:219PM,0
,Daegu,2014,3,Walking_old_man,Daegu,Apr  4 2018  8:219PM,0
,Busan,2014,3,Walking_old_man,Busan,Apr  4 2018  8:219PM,1
,Busan,2014,5,Walking_old_man,Busan,Apr  4 2018  8:219PM,1
,Gyeonggi,2014,5,Walking_children,Gyeonggi,Apr  4 2018  8:219PM,2
,Gyeonggi,2014,3,Walking_children,Gyeonggi,Apr  4 2018  8:219PM,0
,Gyeonggi,2014,3,Walking_children,Gyeonggi,Apr  4 2018  8:219PM,0
,Gyeonggi,2014,3,Walking_children,Gyeonggi,Apr  4 2018  8:219PM,2
,Gyeonggi,2014,3,Walking_children,Gyeonggi,Apr  4 2018  8:219PM,0
,Gyeonggi,2014,3,Walking_children,Gyeonggi,Apr  4 2018  8:219PM,2
,Gyeonggi,2014,3,Walking_children,Gyeonggi,Apr  4 2018  8:219PM,2
,Gyeonggi,2014,3,Walking_children,Gyeonggi,Apr  4 2018  8:219PM,0
,Gyeonggi,2014,4,Walking_children,Gyeonggi,Apr  4 2018  8:219PM,2
,Gyeonggi,2014,3,Walking_children,Gyeonggi,Apr  4 2018  8:219PM,0
,Gangwon,2014,3,Walking_children,Gangwon,Apr  4 2018  8:219PM,2
,Busan,2014,5,Walking_old_man,Busan,Apr  4 2018  8:219PM,0
,Busan,2014,5,Walking_old_man,Busan,Apr  4 2018  8:219PM,0
,Busan,2014,4,Walking_old_man,Busan,Apr  4 2018  8:219PM,2
,Busan,2014,4,Walking_old_man,Busan,Apr  4 2018  8:219PM,2
,Busan,2014,3,Walking_old_man,Busan,Apr  4 2018  8:219PM,2
,Daegu,2014,3,Walking_children,Daegu,Apr  4 2018  8:219PM,2
,Incheon,2014,3,Walking_children,Incheon,Apr  4 2018  8:219PM,2
,Busan,2014,4,Walking_old_man,Busan,Apr  4 2018  8:219PM,2
,Busan,2014,3,Walking_old_man,Busan,Apr  4 2018  8:219PM,0
,Busan,2014,3,Walking_old_man,Busan,Apr  4 2018  8:219PM,0
,Busan,2014,4,Walking_old_man,Busan,Apr  4 2018  8:219PM,0
,Busan,2014,3,Walking_old_man,Busan,Apr  4 2018  8:219PM,0
,Incheon,2014,3,Walking_children,Incheon,Apr  4 2018  8:219PM,2
,Gwangju,2014,4,Walking_children,Gwangju,Apr  4 2018  8:219PM,0
,Gwangju,2014,3,Walking_children,Gwangju,Apr  4 2018  8:219PM,2
,Gwangju,2014,3,Walking_children,Gwangju,Apr  4 2018  8:219PM,2
,Gwangju,2014,3,Walking_children,Gwangju,Apr  4 2018  8:219PM,2
,Gwangju,2014,3,Walking_children,Gwangju,Apr  4 2018  8:219PM,2
,Gwangju,2014,3,Walking_children,Gwangju,Apr  4 2018  8:219PM,0
,Gwangju,2014,4,Walking_children,Gwangju,Apr  4 2018  8:219PM,2
,Gwangju,2014,3,Walking_children,Gwangju,Apr  4 2018  8:219PM,0
,Daejeon,2014,5,Walking_children,Daejeon,Apr  4 2018  8:219PM,0
,Daejeon,2014,4,Walking_children,Daejeon,Apr  4 2018  8:219PM,2
,Daejeon,2014,3,Walking_children,Daejeon,Apr  4 2018  8:219PM,0
,Ulsan,2014,4,Walking_children,Ulsan,Apr  4 2018  8:219PM,0
,Gyeonggi,2014,5,Walking_children,Gyeonggi,Apr  4 2018  8:219PM,0
,Gyeonggi,2014,5,Walking_children,Gyeonggi,Apr  4 2018  8:219PM,2
,Gyeonggi,2014,3,Walking_children,Gyeonggi,Apr  4 2018  8:219PM,0
,Gyeonggi,2014,3,Walking_children,Gyeonggi,Apr  4 2018  8:219PM,2
,Gyeonggi,2014,3,Walking_children,Gyeonggi,Apr  4 2018  8:219PM,0
,Gyeonggi,2014,4,Walking_children,Gyeonggi,Apr  4 2018  8:219PM,2
,Gyeonggi,2014,4,Walking_children,Gyeonggi,Apr  4 2018  8:219PM,2
,Gyeonggi,2014,5,Walking_children,Gyeonggi,Apr  4 2018  8:219PM,2
,Gyeonggi,2014,3,Walking_children,Gyeonggi,Apr  4 2018  8:219PM,0
,Gyeonggi,2014,5,Walking_children,Gyeonggi,Apr  4 2018  8:219PM,2
,Gyeonggi,2014,5,Walking_children,Gyeonggi,Apr  4 2018  8:219PM,2
,Gyeonggi,2014,3,Walking_children,Gyeonggi,Apr  4 2018  8:219PM,0
,Gyeonggi,2014,3,Walking_children,Gyeonggi,Apr  4 2018  8:219PM,0
,Gyeonggi,2014,3,Walking_children,Gyeonggi,Apr  4 2018  8:219PM,2
,Gyeonggi,2014,3,Walking_children,Gyeonggi,Apr  4 2018  8:219PM,2
,Seoul,2014,8,Walking_children,Seoul,Apr  4 2018  8:219PM,0
,Seoul,2014,3,Walking_children,Seoul,Apr  4 2018  8:219PM,2
,Seoul,2014,4,Walking_children,Seoul,Apr  4 2018  8:219PM,2
,Seoul,2014,5,Walking_children,Seoul,Apr  4 2018  8:219PM,0
,Seoul,2014,3,Walking_children,Seoul,Apr  4 2018  8:219PM,0
,Seoul,2014,3,Walking_children,Seoul,Apr  4 2018  8:219PM,0
,Seoul,2014,3,Walking_children,Seoul,Apr  4 2018  8:219PM,2
,Seoul,2014,4,Walking_children,Seoul,Apr  4 2018  8:219PM,0
,Seoul,2014,3,Walking_children,Seoul,Apr  4 2018  8:219PM,0
,Seoul,2014,3,Walking_children,Seoul,Apr  4 2018  8:219PM,2
,Seoul,2014,3,Walking_children,Seoul,Apr  4 2018  8:219PM,0
,Seoul,2014,3,Walking_children,Seoul,Apr  4 2018  8:219PM,0
,Busan,2014,3,Walking_children,Busan,Apr  4 2018  8:219PM,0
,Busan,2014,3,Walking_children,Busan,Apr  4 2018  8:219PM,0
,Busan,2014,3,Walking_children,Busan,Apr  4 2018  8:219PM,0
,Daegu,2014,4,Walking_children,Daegu,Apr  4 2018  8:219PM,0
,Daegu,2014,3,Walking_children,Daegu,Apr  4 2018  8:219PM,2
,Daegu,2014,3,Walking_children,Daegu,Apr  4 2018  8:219PM,2
,Daegu,2014,6,Walking_children,Daegu,Apr  4 2018  8:219PM,0
,Daegu,2014,4,Walking_children,Daegu,Apr  4 2018  8:219PM,0
,Daegu,2014,3,Walking_children,Daegu,Apr  4 2018  8:219PM,2
,Daegu,2014,3,Walking_children,Daegu,Apr  4 2018  8:219PM,2
,Busan,2014,5,Walking_old_man,Busan,Apr  4 2018  8:219PM,0
,Seoul,2014,3,Walking_children,Seoul,Apr  4 2018  8:219PM,0
,Seoul,2014,6,Walking_children,Seoul,Apr  4 2018  8:219PM,0
,Seoul,2014,3,Walking_children,Seoul,Apr  4 2018  8:219PM,2
,Busan,2014,6,Walking_old_man,Busan,Apr  4 2018  8:219PM,0
,Busan,2014,6,Walking_old_man,Busan,Apr  4 2018  8:219PM,1
,Busan,2014,4,Walking_old_man,Busan,Apr  4 2018  8:219PM,0
,Busan,2014,4,Walking_old_man,Busan,Apr  4 2018  8:219PM,1
,Busan,2014,4,Walking_old_man,Busan,Apr  4 2018  8:219PM,0
,Seoul,2014,3,Walking_children,Seoul,Apr  4 2018  8:219PM,0
,Busan,2014,3,Walking_old_man,Busan,Apr  4 2018  8:219PM,2
,Busan,2014,3,Walking_old_man,Busan,Apr  4 2018  8:219PM,0
,Busan,2014,3,Walking_old_man,Busan,Apr  4 2018  8:219PM,2
,Busan,2014,3,Walking_old_man,Busan,Apr  4 2018  8:219PM,2
,Busan,2014,7,Walking_old_man,Busan,Apr  4 2018  8:219PM,0
,Busan,2014,4,Walking_old_man,Busan,Apr  4 2018  8:219PM,0
,Busan,2014,4,Walking_old_man,Busan,Apr  4 2018  8:219PM,2
,Busan,2014,4,Walking_old_man,Busan,Apr  4 2018  8:219PM,0
,Busan,2014,3,Walking_old_man,Busan,Apr  4 2018  8:219PM,2
,Busan,2014,3,Walking_old_man,Busan,Apr  4 2018  8:219PM,2
,Busan,2014,3,Walking_old_man,Busan,Apr  4 2018  8:219PM,0
,Busan,2014,5,Walking_old_man,Busan,Apr  4 2018  8:219PM,2
,Busan,2014,5,Walking_old_man,Busan,Apr  4 2018  8:219PM,0
,Busan,2014,4,Walking_old_man,Busan,May 16 2018  3:01PM,1
,Jeju,2014,4,Walking_old_man,Jeju,May 16 2018  3:01PM,2
,Jeju,2014,4,Walking_old_man,Jeju,May 16 2018  3:01PM,0
,Seoul,2014,3,Walking_children,Seoul,May 16 2018  3:01PM,0
,Seoul,2014,3,Walking_children,Seoul,May 16 2018  3:01PM,2
,Jeju,2014,5,Walking_old_man,Jeju,May 16 2018  3:01PM,0
,Busan,2014,4,Walking_old_man,Busan,May 16 2018  3:01PM,1
,Seoul,2014,3,Walking_old_man,Seoul,May 16 2018  3:01PM,2
,Seoul,2014,5,Walking_old_man,Seoul,May 16 2018  3:01PM,2
,Seoul,2014,4,Walking_old_man,Seoul,May 16 2018  3:01PM,1
,Gyeongsangnamdo,2014,3,Walking_old_man,Gyeongsangnamdo,May 16 2018  3:01PM,2
,Gyeongsangnamdo,2014,5,Walking_old_man,Gyeongsangnamdo,May 16 2018  3:01PM,0
,Jeju,2014,5,Walking_old_man,Jeju,May 16 2018  3:01PM,0
,Busan,2014,9,Walking_old_man,Busan,May 16 2018  3:01PM,2
,Busan,2014,7,Walking_old_man,Busan,May 16 2018  3:01PM,2
,Busan,2014,2,Walking_old_man,Busan,May 16 2018  3:01PM,0
,Gyeongsangnamdo,2014,4,Walking_old_man,Gyeongsangnamdo,May 16 2018  3:01PM,2
,Gyeongsangnamdo,2014,4,Walking_old_man,Gyeongsangnamdo,May 16 2018  3:01PM,2
,Gyeongsangnamdo,2014,6,Walking_old_man,Gyeongsangnamdo,May 16 2018  3:01PM,2
,Gyeongsangnamdo,2014,6,Walking_old_man,Gyeongsangnamdo,May 16 2018  3:01PM,0
,Gyeongsangnamdo,2014,10,Walking_old_man,Gyeongsangnamdo,May 16 2018  3:01PM,2
,Gyeongsangnamdo,2014,3,Walking_old_man,Gyeongsangnamdo,May 16 2018  3:01PM,0
,Gyeongsangnamdo,2014,3,Walking_old_man,Gyeongsangnamdo,May 16 2018  3:01PM,2
,Gyeongsangnamdo,2014,3,Walking_old_man,Gyeongsangnamdo,May 16 2018  3:01PM,0
,Gyeongsangnamdo,2014,3,Walking_old_man,Gyeongsangnamdo,May 16 2018  3:01PM,2
,Gyeongsangnamdo,2014,4,Walking_old_man,Gyeongsangnamdo,May 16 2018  3:01PM,0
,Gyeongsangnamdo,2014,3,Walking_old_man,Gyeongsangnamdo,May 16 2018  3:01PM,2
,Gyeongsangnamdo,2014,3,Walking_old_man,Gyeongsangnamdo,May 16 2018  3:01PM,2
,Gyeongsangnamdo,2014,3,Walking_old_man,Gyeongsangnamdo,May 16 2018  3:01PM,0
,Gyeongsangnamdo,2014,3,Walking_old_man,Gyeongsangnamdo,May 16 2018  3:01PM,0
,Gyeongsangnamdo,2014,6,Walking_old_man,Gyeongsangnamdo,May 16 2018  3:01PM,0
,Gyeongsangnamdo,2014,3,Walking_old_man,Gyeongsangnamdo,May 16 2018  3:01PM,2
,Gyeongsangnamdo,2014,3,Walking_old_man,Gyeongsangnamdo,May 16 2018  3:01PM,0
,Gyeongsangnamdo,2014,5,Walking_old_man,Gyeongsangnamdo,May 16 2018  3:01PM,0
,Busan,2014,9,Walking_old_man,Busan,May 16 2018  3:01PM,0
,Busan,2014,7,Walking_old_man,Busan,May 16 2018  3:01PM,0
,Busan,2014,4,Walking_old_man,Busan,May 16 2018  3:01PM,2
,Busan,2014,3,Walking_old_man,Busan,May 16 2018  3:01PM,2
,Busan,2014,4,Walking_old_man,Busan,May 16 2018  3:01PM,0
,Busan,2014,3,Walking_old_man,Busan,May 16 2018  3:01PM,1
,Busan,2014,3,Walking_old_man,Busan,May 16 2018  3:01PM,0
,Seoul,2014,4,Walking_old_man,Seoul,May 16 2018  3:01PM,2
,Seoul,2014,4,Walking_old_man,Seoul,May 16 2018  3:01PM,0
,Seoul,2014,4,Walking_old_man,Seoul,May 16 2018  3:01PM,0
,Seoul,2014,4,Walking_old_man,Seoul,May 16 2018  3:01PM,2
,Seoul,2014,4,Walking_old_man,Seoul,May 16 2018  3:01PM,0
,Seoul,2014,3,Walking_old_man,Seoul,May 16 2018  3:01PM,0
,Busan,2014,6,Walking_old_man,Busan,May 16 2018  3:01PM,2
,Busan,2014,4,Walking_old_man,Busan,May 16 2018  3:01PM,0
,Busan,2014,5,Walking_old_man,Busan,May 16 2018  3:01PM,0
,Busan,2014,4,Walking_old_man,Busan,May 16 2018  3:01PM,2
,Busan,2014,3,Walking_old_man,Busan,May 16 2018  3:01PM,2
,Seoul,2014,4,Walking_old_man,Seoul,May 16 2018  3:01PM,0
,Seoul,2014,4,Walking_old_man,Seoul,May 16 2018  3:01PM,2
,Seoul,2014,4,Walking_old_man,Seoul,May 16 2018  3:01PM,2
,Seoul,2014,4,Walking_old_man,Seoul,May 16 2018  3:01PM,1
,Seoul,2014,3,Walking_old_man,Seoul,May 16 2018  3:01PM,0
,Seoul,2014,7,Walking_old_man,Seoul,May 16 2018  3:01PM,0
,Seoul,2014,7,Walking_old_man,Seoul,May 16 2018  3:01PM,0
,Seoul,2014,5,Walking_old_man,Seoul,May 16 2018  3:01PM,0
,Seoul,2014,5,Walking_old_man,Seoul,May 16 2018  3:01PM,0
,Seoul,2014,5,Walking_old_man,Seoul,May 16 2018  3:01PM,2
,Seoul,2014,5,Walking_old_man,Seoul,May 16 2018  3:01PM,0
,Seoul,2014,5,Walking_old_man,Seoul,May 16 2018  3:01PM,0
,Seoul,2014,5,Walking_old_man,Seoul,May 16 2018  3:01PM,0
,Seoul,2014,4,Walking_old_man,Seoul,May 16 2018  3:01PM,0
,Seoul,2014,4,Walking_old_man,Seoul,May 16 2018  3:01PM,0
,Seoul,2014,4,Walking_old_man,Seoul,May 16 2018  3:01PM,0
,Seoul,2014,4,Walking_old_man,Seoul,May 16 2018  3:01PM,2
,Seoul,2014,3,Walking_old_man,Seoul,May 16 2018  3:01PM,2
,Seoul,2014,3,Walking_old_man,Seoul,May 16 2018  3:01PM,0
,Seoul,2014,3,Walking_old_man,Seoul,May 16 2018  3:01PM,0
,Seoul,2014,3,Walking_old_man,Seoul,May 16 2018  3:01PM,0
,Seoul,2014,4,Walking_old_man,Seoul,May 16 2018  3:01PM,0
,Seoul,2014,4,Walking_old_man,Seoul,May 16 2018  3:01PM,1
,Seoul,2014,7,Walking_old_man,Seoul,May 16 2018  3:01PM,1
,Seoul,2014,3,Walking_old_man,Seoul,May 16 2018  3:01PM,2
,Seoul,2014,3,Walking_old_man,Seoul,May 16 2018  3:01PM,2
,Seoul,2014,3,Walking_old_man,Seoul,May 16 2018  3:01PM,2
,Seoul,2014,8,Walking_old_man,Seoul,May 16 2018  3:01PM,2
,Seoul,2014,8,Walking_old_man,Seoul,May 16 2018  3:01PM,2
,Seoul,2014,5,Walking_old_man,Seoul,May 16 2018  3:01PM,2
,Seoul,2014,5,Walking_old_man,Seoul,May 16 2018  3:01PM,2
,Seoul,2014,4,Walking_old_man,Seoul,May 16 2018  3:01PM,2
,Seoul,2014,4,Walking_old_man,Seoul,May 16 2018  3:01PM,2
,Seoul,2014,4,Walking_old_man,Seoul,May 16 2018  3:01PM,2
,Seoul,2014,4,Walking_old_man,Seoul,May 16 2018  3:01PM,1
,Seoul,2014,3,Walking_old_man,Seoul,May 16 2018  3:01PM,2
,Seoul,2014,3,Walking_old_man,Seoul,May 16 2018  3:01PM,1
,Seoul,2014,4,Walking_old_man,Seoul,May 16 2018  3:01PM,2
,Seoul,2014,3,Walking_old_man,Seoul,May 16 2018  3:01PM,2
,Seoul,2014,5,Walking_old_man,Seoul,May 16 2018  3:01PM,2
,Seoul,2014,5,Walking_old_man,Seoul,May 16 2018  3:01PM,2
,Seoul,2014,4,Walking_old_man,Seoul,May 16 2018  3:01PM,2
,Seoul,2014,5,Walking_old_man,Seoul,May 16 2018  3:01PM,2
,Seoul,2014,5,Walking_old_man,Seoul,May 16 2018  3:01PM,2
,Seoul,2014,5,Walking_old_man,Seoul,May 16 2018  3:01PM,2
,Seoul,2014,4,Walking_old_man,Seoul,May 16 2018  3:01PM,2
,Seoul,2014,6,Walking_old_man,Seoul,May 16 2018  3:01PM,2
,Seoul,2014,5,Walking_old_man,Seoul,May 16 2018  3:01PM,2
,Seoul,2014,5,Walking_old_man,Seoul,May 16 2018  3:01PM,2
,Seoul,2014,3,Walking_old_man,Seoul,May 16 2018  3:01PM,2
,Seoul,2014,3,Walking_old_man,Seoul,May 16 2018  3:01PM,2
,Seoul,2014,3,Walking_old_man,Seoul,May 16 2018  3:01PM,2
,Seoul,2014,5,Walking_old_man,Seoul,Jun 30 2018  4:00AM,2
,Seoul,2014,5,Walking_old_man,Seoul,Jun 30 2018  4:00AM,2
,Seoul,2014,5,Walking_old_man,Seoul,Jun 30 2018  4:00AM,2
,Seoul,2014,4,Walking_old_man,Seoul,Jun 30 2018  4:00AM,2
,Seoul,2014,4,Walking_old_man,Seoul,Jun 30 2018  4:00AM,2
,Seoul,2014,4,Walking_old_man,Seoul,Jun 30 2018  4:00AM,2
,Seoul,2014,3,Walking_old_man,Seoul,Jun 30 2018  4:00AM,2
,Seoul,2014,5,Walking_old_man,Seoul,Jun 30 2018  4:00AM,1
,Seoul,2014,6,Walking_old_man,Seoul,Jun 30 2018  4:00AM,1
,Seoul,2014,3,Walking_old_man,Seoul,Jun 30 2018  4:00AM,2
,Seoul,2014,3,Walking_old_man,Seoul,Jun 30 2018  4:00AM,1
,Seoul,2014,6,Walking_old_man,Seoul,Jun 30 2018  4:00AM,1
,Seoul,2014,3,Walking_old_man,Seoul,Jun 30 2018  4:00AM,2
,Seoul,2014,4,Walking_old_man,Seoul,Jun 30 2018  4:00AM,1
,Seoul,2014,4,Walking_old_man,Seoul,Jun 30 2018  4:00AM,1
,Seoul,2014,4,Walking_old_man,Seoul,Jun 30 2018  4:00AM,1
,Seoul,2014,4,Walking_old_man,Seoul,Jun 30 2018  4:00AM,2
,Seoul,2014,4,Walking_old_man,Seoul,Jun 30 2018  4:00AM,1
,Seoul,2014,4,Walking_old_man,Seoul,Jun 30 2018  4:00AM,2
,Seoul,2014,3,Walking_old_man,Seoul,Jun 30 2018  4:00AM,2
,Seoul,2014,6,Walking_old_man,Seoul,Jun 30 2018  4:00AM,2
,Seoul,2014,5,Walking_old_man,Seoul,Jun 30 2018  4:00AM,2
,Seoul,2014,5,Walking_old_man,Seoul,Jun 30 2018  4:00AM,2
,Seoul,2014,5,Walking_old_man,Seoul,Jun 30 2018  4:00AM,2
,Seoul,2014,3,Walking_old_man,Seoul,Jun 30 2018  4:00AM,2
,Seoul,2014,2,Walking_old_man,Seoul,Jun 30 2018  4:00AM,2
,Seoul,2014,5,Walking_old_man,Seoul,Jun 30 2018  4:00AM,2
,Seoul,2014,5,Walking_old_man,Seoul,Jun 30 2018  4:00AM,2
,Seoul,2014,3,Walking_old_man,Seoul,Jun 30 2018  4:00AM,2
,Seoul,2014,3,Walking_old_man,Seoul,Jun 30 2018  4:00AM,2
,Seoul,2014,3,Walking_old_man,Seoul,Jun 30 2018  4:00AM,2
,Seoul,2014,10,Walking_old_man,Seoul,Jun 30 2018  4:00AM,2
,Seoul,2014,8,Walking_old_man,Seoul,Jun 30 2018  4:00AM,2
,Seoul,2014,5,Walking_old_man,Seoul,Jun 30 2018  4:00AM,2
,Seoul,2014,4,Walking_old_man,Seoul,Jun 30 2018  4:00AM,2
,Seoul,2014,3,Walking_old_man,Seoul,Jun 30 2018  4:00AM,2
,Seoul,2014,3,Walking_old_man,Seoul,Jun 30 2018  4:00AM,2
,Seoul,2014,4,Walking_old_man,Seoul,Jun 30 2018  4:00AM,2
,Seoul,2014,3,Walking_old_man,Seoul,Jun 30 2018  4:00AM,2
,Seoul,2014,6,Walking_old_man,Seoul,Jun 30 2018  4:00AM,2
,Seoul,2014,4,Walking_old_man,Seoul,Jun 30 2018  4:00AM,2
,Seoul,2014,7,Walking_old_man,Seoul,Jun 30 2018  4:00AM,1
,Seoul,2014,3,Walking_old_man,Seoul,Jun 30 2018  4:00AM,2
,Seoul,2014,3,Walking_old_man,Seoul,Jun 30 2018  4:00AM,2
,Seoul,2014,4,Walking_old_man,Seoul,Jun 30 2018  4:00AM,2
,Seoul,2014,4,Walking_old_man,Seoul,Jun 30 2018  4:00AM,2
,Seoul,2014,9,Walking_old_man,Seoul,Jun 30 2018  4:00AM,2
,Seoul,2014,6,Walking_old_man,Seoul,Jun 30 2018  4:00AM,2
,Seoul,2014,3,Walking_old_man,Seoul,Jun 30 2018  4:00AM,2
,Seoul,2014,6,Walking_old_man,Seoul,Jun 30 2018  4:00AM,2
,Seoul,2014,5,Walking_old_man,Seoul,Jun 30 2018  4:00AM,2
,Seoul,2014,5,Walking_old_man,Seoul,Jun 30 2018  4:00AM,2
,Seoul,2014,5,Walking_old_man,Seoul,Jun 30 2018  4:00AM,2
,Seoul,2014,5,Walking_old_man,Seoul,Jun 30 2018  4:00AM,2
,Seoul,2014,3,Walking_old_man,Seoul,Jun 30 2018  4:00AM,1
,Seoul,2014,5,Walking_old_man,Seoul,Jun 30 2018  4:00AM,2
,Seoul,2014,4,Walking_old_man,Seoul,Jun 30 2018  4:00AM,2
,Seoul,2014,4,Walking_old_man,Seoul,Jun 30 2018  4:00AM,2
,Seoul,2014,4,Walking_old_man,Seoul,Jun 30 2018  4:00AM,2
,Seoul,2014,3,Walking_old_man,Seoul,Jun 30 2018  4:00AM,2
,Seoul,2014,3,Walking_old_man,Seoul,Jun 30 2018  4:00AM,2
,Seoul,2014,3,Walking_old_man,Seoul,Jun 30 2018  4:00AM,2
,Seoul,2014,3,Walking_old_man,Seoul,Jun 30 2018  4:00AM,2
,Seoul,2014,3,Walking_old_man,Seoul,Jun 30 2018  4:00AM,2
,Seoul,2014,3,Walking_old_man,Seoul,Jun 30 2018  4:00AM,2
,Seoul,2014,5,Walking_old_man,Seoul,Jun 30 2018  4:00AM,2
,Seoul,2014,5,Walking_old_man,Seoul,Jun 30 2018  4:00AM,2
,Seoul,2014,4,Walking_old_man,Seoul,Jun 30 2018  4:00AM,2
,Seoul,2014,4,Walking_old_man,Seoul,Jun 30 2018  4:00AM,2
,Seoul,2014,4,Walking_old_man,Seoul,Jun 30 2018  4:00AM,2
,Seoul,2014,4,Walking_old_man,Seoul,Jun 30 2018  4:00AM,2
,Seoul,2014,3,Walking_old_man,Seoul,Jun 30 2018  4:00AM,2
,Seoul,2014,6,Walking_old_man,Seoul,Jun 30 2018  4:00AM,2
,Seoul,2014,5,Walking_old_man,Seoul,Jun 30 2018  4:00AM,1
,Seoul,2014,5,Walking_old_man,Seoul,Jun 30 2018  4:00AM,2
,Seoul,2014,5,Walking_old_man,Seoul,Jun 30 2018  4:00AM,2
,Seoul,2014,5,Walking_old_man,Seoul,Jun 30 2018  4:00AM,2
,Seoul,2014,4,Walking_old_man,Seoul,Jun 30 2018  4:00AM,2
,Seoul,2014,4,Walking_old_man,Seoul,Jun 30 2018  4:00AM,2
,Seoul,2014,4,Walking_old_man,Seoul,Jun 30 2018  4:00AM,2
,Seoul,2014,4,Walking_old_man,Seoul,Jun 30 2018  4:00AM,2
,Seoul,2014,3,Walking_old_man,Seoul,Jun 30 2018  4:00AM,2
,Seoul,2014,5,Walking_old_man,Seoul,Jun 30 2018  4:00AM,2
,Seoul,2014,3,Walking_old_man,Seoul,Jun 30 2018  4:00AM,2
,Seoul,2014,3,Walking_old_man,Seoul,Jun 30 2018  4:00AM,2
,Seoul,2014,5,Walking_old_man,Seoul,Jun 30 2018  4:00AM,2
,Seoul,2014,5,Walking_old_man,Seoul,Jun 30 2018  4:00AM,2
,Seoul,2014,4,Walking_old_man,Seoul,Jun 30 2018  4:00AM,2
,Seoul,2014,3,Walking_old_man,Seoul,Jun 30 2018  4:00AM,2
,Seoul,2014,3,Walking_old_man,Seoul,Jun 30 2018  4:00AM,2
,Seoul,2014,13,Walking_old_man,Seoul,Jun 30 2018  4:00AM,2
,Seoul,2014,13,Walking_old_man,Seoul,Jun 30 2018  4:00AM,2
,Seoul,2014,8,Walking_old_man,Seoul,Jun 30 2018  4:00AM,2
,Seoul,2014,7,Walking_old_man,Seoul,Jun 30 2018  4:00AM,2
,Seoul,2014,6,Walking_old_man,Seoul,Jun 30 2018  4:00AM,2
,Seoul,2014,6,Walking_old_man,Seoul,Jun 30 2018  4:00AM,2
,Seoul,2014,5,Walking_old_man,Seoul,Jun 30 2018  4:00AM,1
,Chungcheongbukdo,2014,7,Bicycle,Chungcheongbukdo,Jun 30 2018  4:00AM,1
,Gyeonggi,2014,4,Bicycle,Gyeonggi,Jun 30 2018  4:00AM,2
,Gyeonggi,2014,9,Bicycle,Gyeonggi,Jun 30 2018  4:00AM,2
,Gyeonggi,2014,7,Bicycle,Gyeonggi,Jun 30 2018  4:00AM,2
,Gyeonggi,2014,5,Bicycle,Gyeonggi,Jun 30 2018  4:00AM,2
,Gyeonggi,2014,4,Bicycle,Gyeonggi,Jun 30 2018  4:00AM,2
,Gyeonggi,2014,5,Bicycle,Gyeonggi,Jun 30 2018  4:00AM,2
,Gyeonggi,2014,8,Bicycle,Gyeonggi,Jun 30 2018  4:00AM,2
,Gyeonggi,2014,5,Bicycle,Gyeonggi,Jun 30 2018  4:00AM,2
,Gyeonggi,2014,4,Bicycle,Gyeonggi,Jun 30 2018  4:00AM,2
,Gangwon,2014,7,Bicycle,Gangwon,Jun 30 2018  4:00AM,2
,Chungcheongbukdo,2014,4,Bicycle,Chungcheongbukdo,Jun 30 2018  4:00AM,2
,Chungcheongbukdo,2014,4,Bicycle,Chungcheongbukdo,Jun 30 2018  4:00AM,2
,Chungcheongbukdo,2014,4,Bicycle,Chungcheongbukdo,Jun 30 2018  4:00AM,2
,Chungcheongbukdo,2014,4,Bicycle,Chungcheongbukdo,Jun 30 2018  4:00AM,2
,Chungcheongbukdo,2014,8,Bicycle,Chungcheongbukdo,Jun 30 2018  4:00AM,2
,Gangwon,2014,4,Bicycle,Gangwon,Jun 30 2018  4:00AM,2
,Gangwon,2014,4,Bicycle,Gangwon,Jun 30 2018  4:00AM,2
,Gangwon,2014,4,Bicycle,Gangwon,Jun 30 2018  4:00AM,2
,Gangwon,2014,4,Bicycle,Gangwon,Jun 30 2018  4:00AM,2
,Gangwon,2014,4,Bicycle,Gangwon,Jun 30 2018  4:00AM,2
,Gangwon,2014,5,Bicycle,Gangwon,Jun 30 2018  4:00AM,2
,Gangwon,2014,4,Bicycle,Gangwon,Jun 30 2018  4:00AM,2
,Gangwon,2014,8,Bicycle,Gangwon,Jun 30 2018  4:00AM,2
,Gangwon,2014,5,Bicycle,Gangwon,Jun 30 2018  4:00AM,2
,Gangwon,2014,5,Bicycle,Gangwon,Jun 30 2018  4:00AM,2
,Gyeonggi,2014,4,Bicycle,Gyeonggi,Jun 30 2018  4:00AM,1
,Jeollabukdo,2014,4,Bicycle,Jeollabukdo,Jun 30 2018  4:00AM,2
,Gyeonggi,2014,6,Bicycle,Gyeonggi,Jun 30 2018  4:00AM,2
,Gyeonggi,2014,6,Bicycle,Gyeonggi,Jun 30 2018  4:00AM,2
,Gyeonggi,2014,6,Bicycle,Gyeonggi,Jun 30 2018  4:00AM,2
,Gyeonggi,2014,5,Bicycle,Gyeonggi,Jun 30 2018  4:00AM,2
,Gyeonggi,2014,5,Bicycle,Gyeonggi,Jun 30 2018  4:00AM,2
,Gyeonggi,2014,4,Bicycle,Gyeonggi,Jun 30 2018  4:00AM,2
,Gyeonggi,2014,4,Bicycle,Gyeonggi,Jun 30 2018  4:00AM,2
,Gyeonggi,2014,4,Bicycle,Gyeonggi,Jun 30 2018  4:00AM,2
,Gyeonggi,2014,8,Bicycle,Gyeonggi,Jun 30 2018  4:00AM,2
,Gyeonggi,2014,6,Bicycle,Gyeonggi,Jul 29 2018  5:24AM,2
,Gyeonggi,2014,6,Bicycle,Gyeonggi,Jul 29 2018  5:24AM,2
,Gyeonggi,2014,6,Bicycle,Gyeonggi,Jul 29 2018  5:24AM,2
,Gyeonggi,2014,5,Bicycle,Gyeonggi,Jul 29 2018  5:24AM,2
,Gyeonggi,2014,5,Bicycle,Gyeonggi,Jul 29 2018  5:24AM,2
,Gyeonggi,2014,4,Bicycle,Gyeonggi,Jul 29 2018  5:24AM,2
,Gyeonggi,2014,4,Bicycle,Gyeonggi,Jul 29 2018  5:24AM,2
,Gyeonggi,2014,4,Bicycle,Gyeonggi,Jul 29 2018  5:24AM,2
,Gyeonggi,2014,4,Bicycle,Gyeonggi,Jul 29 2018  5:24AM,2
,Gyeonggi,2014,6,Bicycle,Gyeonggi,Jul 29 2018  5:24AM,2
,Gyeonggi,2014,5,Bicycle,Gyeonggi,Jul 29 2018  5:24AM,2
,Gyeonggi,2014,5,Bicycle,Gyeonggi,Jul 29 2018  5:24AM,2
,Gyeonggi,2014,6,Bicycle,Gyeonggi,Jul 29 2018  5:24AM,2
,Gyeonggi,2014,5,Bicycle,Gyeonggi,Jul 29 2018  5:24AM,2
,Gyeonggi,2014,5,Bicycle,Gyeonggi,Jul 29 2018  5:24AM,2
,Gyeonggi,2014,4,Bicycle,Gyeonggi,Jul 29 2018  5:24AM,2
,Jeollabukdo,2014,6,Bicycle,Jeollabukdo,Jul 29 2018  5:24AM,1
,Gyeongsangnamdo,2014,4,Bicycle,Gyeongsangnamdo,Jul 29 2018  5:24AM,2
,Gyeongsangnamdo,2014,4,Bicycle,Gyeongsangnamdo,Jul 29 2018  5:24AM,2
,Jeju,2014,5,Bicycle,Jeju,Jul 29 2018  5:24AM,2
,Jeju,2014,4,Bicycle,Jeju,Jul 29 2018  5:24AM,2
,Seoul,2014,4,Walking_old_man,Seoul,Jul 29 2018  5:24AM,2
,Gyeongsangnamdo,2014,5,Bicycle,Gyeongsangnamdo,Jul 29 2018  5:24AM,2
,Gyeongsangnamdo,2014,4,Bicycle,Gyeongsangnamdo,Jul 29 2018  5:24AM,2
,Gyeongsangnamdo,2014,4,Bicycle,Gyeongsangnamdo,Jul 29 2018  5:24AM,2
,Gyeongsangnamdo,2014,4,Bicycle,Gyeongsangnamdo,Jul 29 2018  5:24AM,2
,Jeollabukdo,2014,4,Bicycle,Jeollabukdo,Jul 29 2018  5:24AM,1
,Jeollabukdo,2014,4,Bicycle,Jeollabukdo,Jul 29 2018  5:24AM,1
,Gyeongsangnamdo,2014,5,Bicycle,Gyeongsangnamdo,Jul 29 2018  5:24AM,1
,Gyeongsangnamdo,2014,12,Bicycle,Gyeongsangnamdo,Jul 29 2018  5:24AM,2
,Gyeongsangnamdo,2014,7,Bicycle,Gyeongsangnamdo,Jul 29 2018  5:24AM,2
,Gyeongsangnamdo,2014,4,Bicycle,Gyeongsangnamdo,Jul 29 2018  5:24AM,1
,Gyeongsangnamdo,2014,4,Bicycle,Gyeongsangnamdo,Jul 29 2018  5:24AM,1
,Gyeongsangnamdo,2014,6,Bicycle,Gyeongsangnamdo,Jul 29 2018  5:24AM,1
,Chungcheongbukdo,2014,4,Bicycle,Chungcheongbukdo,Jul 29 2018  5:24AM,2
,Chungcheongbukdo,2014,4,Bicycle,Chungcheongbukdo,Jul 29 2018  5:24AM,2
,Chungcheongbukdo,2014,6,Bicycle,Chungcheongbukdo,Jul 29 2018  5:24AM,2
,Chungcheongbukdo,2014,5,Bicycle,Chungcheongbukdo,Jul 29 2018  5:24AM,2
,Chungcheongbukdo,2014,4,Bicycle,Chungcheongbukdo,Jul 29 2018  5:24AM,2
,Chungcheongbukdo,2014,5,Bicycle,Chungcheongbukdo,Jul 29 2018  5:24AM,2
,Chungcheongnamdo,2014,5,Bicycle,Chungcheongnamdo,Jul 29 2018  5:24AM,2
,Chungcheongnamdo,2014,6,Bicycle,Chungcheongnamdo,Jul 29 2018  5:24AM,2
,Chungcheongnamdo,2014,5,Bicycle,Chungcheongnamdo,Jul 29 2018  5:24AM,2
,Jeollabukdo,2014,5,Bicycle,Jeollabukdo,Jul 29 2018  5:24AM,2
,Jeollabukdo,2014,4,Bicycle,Jeollabukdo,Jul 29 2018  5:24AM,2
,Jeollabukdo,2014,4,Bicycle,Jeollabukdo,Jul 29 2018  5:24AM,2
,Jeollabukdo,2014,5,Bicycle,Jeollabukdo,Jul 29 2018  5:24AM,2
,Jeollabukdo,2014,5,Bicycle,Jeollabukdo,Jul 29 2018  5:24AM,2
,Jeollabukdo,2014,5,Bicycle,Jeollabukdo,Jul 29 2018  5:24AM,2
,Jeollabukdo,2014,4,Bicycle,Jeollabukdo,Jul 29 2018  5:24AM,2
,Jeollabukdo,2014,4,Bicycle,Jeollabukdo,Jul 29 2018  5:24AM,2
,Jeollabukdo,2014,4,Bicycle,Jeollabukdo,Aug 28 2018 12:27AM,2
,Jeollabukdo,2014,4,Bicycle,Jeollabukdo,Aug 28 2018 12:27AM,2
,Jeollabukdo,2014,11,Bicycle,Jeollabukdo,Aug 28 2018 12:27AM,2
,Jeollabukdo,2014,6,Bicycle,Jeollabukdo,Aug 28 2018 12:27AM,2
,Jeollabukdo,2014,6,Bicycle,Jeollabukdo,Aug 28 2018 12:27AM,2
,Jeollabukdo,2014,5,Bicycle,Jeollabukdo,Aug 28 2018 12:27AM,2
,Jeollabukdo,2014,5,Bicycle,Jeollabukdo,Aug 28 2018 12:27AM,2
,Jeollabukdo,2014,4,Bicycle,Jeollabukdo,Aug 28 2018 12:27AM,2
,Gyeongsangnamdo,2014,8,Bicycle,Gyeongsangnamdo,Aug 28 2018 12:27AM,1
,Gyeongsangbukdo,2014,5,Bicycle,Gyeongsangbukdo,Aug 28 2018 12:27AM,2
,Gyeongsangbukdo,2014,4,Bicycle,Gyeongsangbukdo,Aug 28 2018 12:27AM,2
,Gyeongsangbukdo,2014,4,Bicycle,Gyeongsangbukdo,Aug 28 2018 12:27AM,0
,Gyeongsangbukdo,2014,5,Bicycle,Gyeongsangbukdo,Aug 28 2018 12:27AM,2
,Gyeongsangbukdo,2014,5,Bicycle,Gyeongsangbukdo,Aug 28 2018 12:27AM,2
,Gyeongsangbukdo,2014,5,Bicycle,Gyeongsangbukdo,Aug 28 2018 12:27AM,2
,Gyeongsangbukdo,2014,8,Bicycle,Gyeongsangbukdo,Aug 28 2018 12:27AM,2
,Gyeongsangbukdo,2014,5,Bicycle,Gyeongsangbukdo,Aug 28 2018 12:27AM,2
,Gyeongsangbukdo,2014,5,Bicycle,Gyeongsangbukdo,Aug 28 2018 12:27AM,2
,Gyeongsangbukdo,2014,4,Bicycle,Gyeongsangbukdo,Aug 28 2018 12:27AM,2
,Gyeongsangbukdo,2014,8,Bicycle,Gyeongsangbukdo,Aug 28 2018 12:27AM,2
,Gyeongsangbukdo,2014,4,Bicycle,Gyeongsangbukdo,Aug 28 2018 12:27AM,2
,Gyeongsangbukdo,2014,4,Bicycle,Gyeongsangbukdo,Aug 28 2018 12:27AM,2
,Gyeongsangbukdo,2014,4,Bicycle,Gyeongsangbukdo,Aug 28 2018 12:27AM,2
,Gyeongsangbukdo,2014,8,Bicycle,Gyeongsangbukdo,Aug 28 2018 12:27AM,2
,Gyeongsangbukdo,2014,6,Bicycle,Gyeongsangbukdo,Aug 28 2018 12:27AM,2
,Gyeongsangbukdo,2014,4,Bicycle,Gyeongsangbukdo,Aug 28 2018 12:27AM,2
,Gyeongsangbukdo,2014,7,Bicycle,Gyeongsangbukdo,Aug 28 2018 12:27AM,2
,Gyeongsangbukdo,2014,5,Bicycle,Gyeongsangbukdo,Aug 28 2018 12:27AM,2
,Gyeongsangbukdo,2014,5,Bicycle,Gyeongsangbukdo,Aug 28 2018 12:27AM,2
,Gyeongsangbukdo,2014,4,Bicycle,Gyeongsangbukdo,Aug 28 2018 12:27AM,2
,Gyeongsangbukdo,2014,4,Bicycle,Gyeongsangbukdo,Aug 28 2018 12:27AM,2
,Gyeongsangnamdo,2014,5,Bicycle,Gyeongsangnamdo,Aug 28 2018 12:27AM,2
,Gyeongsangnamdo,2014,4,Bicycle,Gyeongsangnamdo,Aug 28 2018 12:27AM,2
,Gyeongsangnamdo,2014,4,Bicycle,Gyeongsangnamdo,Aug 28 2018 12:27AM,2
,Gyeongsangnamdo,2014,7,Bicycle,Gyeongsangnamdo,Aug 28 2018 12:27AM,2
,Gyeongsangbukdo,2014,8,Bicycle,Gyeongsangbukdo,Aug 28 2018 12:27AM,2
,Gyeongsangbukdo,2014,7,Bicycle,Gyeongsangbukdo,Aug 28 2018 12:27AM,1
,Gyeongsangbukdo,2014,6,Bicycle,Gyeongsangbukdo,Aug 28 2018 12:27AM,2
,Gyeongsangbukdo,2014,4,Bicycle,Gyeongsangbukdo,Aug 28 2018 12:27AM,2
,Gyeongsangbukdo,2014,7,Bicycle,Gyeongsangbukdo,Aug 28 2018 12:27AM,2
,Gyeongsangbukdo,2014,6,Bicycle,Gyeongsangbukdo,Aug 28 2018 12:27AM,2
,Jeollanamdo,2014,4,Bicycle,Jeollanamdo,Aug 28 2018 12:27AM,2
,Jeollanamdo,2014,8,Bicycle,Jeollanamdo,Aug 28 2018 12:27AM,2
,Gyeongsangbukdo,2014,5,Bicycle,Gyeongsangbukdo,Aug 28 2018 12:27AM,2
,Gyeongsangbukdo,2014,5,Bicycle,Gyeongsangbukdo,Aug 28 2018 12:27AM,2
,Jeollanamdo,2014,4,Bicycle,Jeollanamdo,Aug 28 2018 12:27AM,2
,Jeollanamdo,2014,6,Bicycle,Jeollanamdo,Aug 28 2018 12:27AM,2
,Jeollanamdo,2014,6,Bicycle,Jeollanamdo,Aug 28 2018 12:27AM,2
,Jeollanamdo,2014,4,Bicycle,Jeollanamdo,Aug 28 2018 12:27AM,1
,Jeollabukdo,2014,5,Bicycle,Jeollabukdo,Aug 28 2018 12:27AM,2
,Jeollanamdo,2014,5,Bicycle,Jeollanamdo,Aug 28 2018 12:27AM,2
,Jeollanamdo,2014,4,Bicycle,Jeollanamdo,Aug 28 2018 12:27AM,2
,Chungcheongbukdo,2014,5,Bicycle,Chungcheongbukdo,Aug 28 2018 12:27AM,2
,Chungcheongbukdo,2014,5,Bicycle,Chungcheongbukdo,Aug 28 2018 12:27AM,2
,Chungcheongbukdo,2014,4,Bicycle,Chungcheongbukdo,Aug 28 2018 12:27AM,2
,Chungcheongbukdo,2014,10,Bicycle,Chungcheongbukdo,Aug 28 2018 12:27AM,2
,Chungcheongbukdo,2014,5,Bicycle,Chungcheongbukdo,Aug 28 2018 12:27AM,2
,Jeollabukdo,2014,5,Bicycle,Jeollabukdo,Aug 28 2018 12:27AM,2
,Jeollabukdo,2014,4,Bicycle,Jeollabukdo,Aug 28 2018 12:27AM,2
,Jeollabukdo,2014,4,Bicycle,Jeollabukdo,Aug 28 2018 12:27AM,2
,Jeollabukdo,2014,4,Bicycle,Jeollabukdo,Aug 28 2018 12:27AM,2
,Jeollabukdo,2014,5,Bicycle,Jeollabukdo,Aug 28 2018 12:27AM,2
,Gyeonggi,2014,4,Bicycle,Gyeonggi,Aug 28 2018 12:27AM,2
,Gyeonggi,2014,4,Bicycle,Gyeonggi,Aug 28 2018 12:27AM,2
,Gyeonggi,2014,4,Bicycle,Gyeonggi,Aug 28 2018 12:27AM,2
,Gyeonggi,2014,5,Bicycle,Gyeonggi,Aug 28 2018 12:27AM,2
,Gyeonggi,2014,5,Bicycle,Gyeonggi,Aug 28 2018 12:27AM,2
,Chungcheongbukdo,2014,5,Bicycle,Chungcheongbukdo,Aug 28 2018 12:27AM,2
,Chungcheongbukdo,2014,4,Bicycle,Chungcheongbukdo,Aug 28 2018 12:27AM,2
,Chungcheongbukdo,2014,6,Bicycle,Chungcheongbukdo,Aug 28 2018 12:27AM,2
,Chungcheongbukdo,2014,5,Bicycle,Chungcheongbukdo,Aug 28 2018 12:27AM,2
,Daegu,2014,4,Bicycle,Daegu,Aug 28 2018 12:27AM,2
,Daegu,2014,4,Bicycle,Daegu,Aug 28 2018 12:27AM,2
,Gyeonggi,2014,4,Bicycle,Gyeonggi,Aug 28 2018 12:27AM,2
,Gyeonggi,2014,10,Bicycle,Gyeonggi,Aug 28 2018 12:27AM,2
,Gyeonggi,2014,6,Bicycle,Gyeonggi,Aug 28 2018 12:27AM,2
,Gyeonggi,2014,5,Bicycle,Gyeonggi,Aug 28 2018 12:27AM,2
,Gyeonggi,2014,7,Bicycle,Gyeonggi,Aug 28 2018 12:27AM,2
,Gyeonggi,2014,7,Bicycle,Gyeonggi,Aug 28 2018 12:27AM,2
,Gyeonggi,2014,6,Bicycle,Gyeonggi,Aug 28 2018 12:27AM,2
,Gyeonggi,2014,6,Bicycle,Gyeonggi,Aug 28 2018 12:27AM,2
,Incheon,2014,4,Bicycle,Incheon,Aug 28 2018 12:27AM,2
,Gyeonggi,2014,5,Bicycle,Gyeonggi,Aug 28 2018 12:27AM,2
,Gyeonggi,2014,5,Bicycle,Gyeonggi,Aug 28 2018 12:27AM,2
,Gyeonggi,2014,5,Bicycle,Gyeonggi,Aug 28 2018 12:27AM,2
,Gyeonggi,2014,5,Bicycle,Gyeonggi,Aug 28 2018 12:27AM,2
,Gyeonggi,2014,4,Bicycle,Gyeonggi,Aug 28 2018 12:27AM,2
,Gyeonggi,2014,4,Bicycle,Gyeonggi,Aug 28 2018 12:27AM,2
,Gyeonggi,2014,4,Bicycle,Gyeonggi,Aug 28 2018 12:27AM,2
,Gyeonggi,2014,11,Bicycle,Gyeonggi,Aug 28 2018 12:27AM,2
,Gyeonggi,2014,10,Bicycle,Gyeonggi,Aug 28 2018 12:27AM,2
,Gyeonggi,2014,9,Bicycle,Gyeonggi,Aug 28 2018 12:27AM,2
,Gyeonggi,2014,9,Bicycle,Gyeonggi,Aug 28 2018 12:27AM,2
,Gyeonggi,2014,8,Bicycle,Gyeonggi,Aug 28 2018 12:27AM,2
,Gyeonggi,2014,8,Bicycle,Gyeonggi,Aug 28 2018 12:27AM,2
,Gyeonggi,2014,8,Bicycle,Gyeonggi,Aug 28 2018 12:27AM,2
,Gyeonggi,2014,8,Bicycle,Gyeonggi,Aug 28 2018 12:27AM,2
,Gyeonggi,2014,7,Bicycle,Gyeonggi,Aug 28 2018 12:27AM,2
,Gyeonggi,2014,7,Bicycle,Gyeonggi,Aug 28 2018 12:27AM,2
,Gyeonggi,2014,6,Bicycle,Gyeonggi,Aug 28 2018 12:27AM,2
,Gyeonggi,2014,5,Bicycle,Gyeonggi,Aug 28 2018 12:27AM,2
,Gyeonggi,2014,5,Bicycle,Gyeonggi,Aug 28 2018 12:27AM,2
,Gyeonggi,2014,5,Bicycle,Gyeonggi,Aug 28 2018 12:27AM,2
,Gyeonggi,2014,4,Bicycle,Gyeonggi,Aug 28 2018 12:27AM,2
,Gyeonggi,2014,4,Bicycle,Gyeonggi,Aug 28 2018 12:27AM,2
,Gyeonggi,2014,5,Bicycle,Gyeonggi,Aug 28 2018 12:27AM,2
,Gyeonggi,2014,4,Bicycle,Gyeonggi,Aug 28 2018 12:27AM,2
,Gyeonggi,2014,7,Bicycle,Gyeonggi,Aug 28 2018 12:27AM,2
,Gyeonggi,2014,4,Bicycle,Gyeonggi,Aug 28 2018 12:27AM,2
,Gyeonggi,2014,4,Bicycle,Gyeonggi,Aug 28 2018 12:27AM,2
,Gyeonggi,2014,4,Bicycle,Gyeonggi,Aug 28 2018 12:27AM,2
,Gyeonggi,2014,5,Bicycle,Gyeonggi,Aug 28 2018 12:27AM,2
,Gyeonggi,2014,5,Bicycle,Gyeonggi,Aug 28 2018 12:27AM,2
,Gyeonggi,2014,8,Bicycle,Gyeonggi,Aug 28 2018 12:27AM,2
,Gyeonggi,2014,7,Bicycle,Gyeonggi,Aug 28 2018 12:27AM,2
,Gyeonggi,2014,5,Bicycle,Gyeonggi,Aug 28 2018 12:27AM,2
,Gyeonggi,2014,5,Bicycle,Gyeonggi,Aug 28 2018 12:27AM,2
,Gyeonggi,2014,5,Bicycle,Gyeonggi,Aug 28 2018 12:27AM,2
,Gyeonggi,2014,5,Bicycle,Gyeonggi,Aug 28 2018 12:27AM,2
,Gyeonggi,2014,7,Bicycle,Gyeonggi,Aug 28 2018 12:27AM,2
,Gyeonggi,2014,4,Bicycle,Gyeonggi,Aug 28 2018 12:27AM,2
,Gyeonggi,2014,5,Bicycle,Gyeonggi,Aug 28 2018 12:27AM,2
,Gyeonggi,2014,5,Bicycle,Gyeonggi,Aug 28 2018 12:27AM,2
,Gyeonggi,2014,7,Bicycle,Gyeonggi,Aug 28 2018 12:27AM,2
,Gyeonggi,2014,6,Bicycle,Gyeonggi,Aug 28 2018 12:27AM,2
,Gyeonggi,2014,5,Bicycle,Gyeonggi,Aug 28 2018 12:27AM,2
,Gyeonggi,2014,4,Bicycle,Gyeonggi,Aug 28 2018 12:27AM,2
,Gyeonggi,2014,5,Bicycle,Gyeonggi,Aug 28 2018 12:27AM,2
,Gyeonggi,2014,4,Bicycle,Gyeonggi,Aug 28 2018 12:27AM,2
,Gyeonggi,2014,4,Bicycle,Gyeonggi,Aug 28 2018 12:27AM,2
,Gyeonggi,2014,5,Bicycle,Gyeonggi,Aug 28 2018 12:27AM,2
,Gyeonggi,2014,5,Bicycle,Gyeonggi,Aug 28 2018 12:27AM,2
,Gyeonggi,2014,8,Bicycle,Gyeonggi,Aug 28 2018 12:27AM,2
,Gyeonggi,2014,6,Bicycle,Gyeonggi,Aug 28 2018 12:27AM,1
,Incheon,2014,4,Bicycle,Incheon,Aug 28 2018 12:27AM,1
,Gwangju,2014,4,Bicycle,Gwangju,Aug 28 2018 12:27AM,2
,Gwangju,2014,7,Bicycle,Gwangju,Aug 28 2018 12:27AM,2
,Gwangju,2014,6,Bicycle,Gwangju,Aug 28 2018 12:27AM,2
,Gwangju,2014,4,Bicycle,Gwangju,Aug 28 2018 12:27AM,2
,Gwangju,2014,6,Bicycle,Gwangju,Aug 28 2018 12:27AM,2
,Gwangju,2014,5,Bicycle,Gwangju,Aug 28 2018 12:27AM,2
,Gwangju,2014,5,Bicycle,Gwangju,Aug 28 2018 12:27AM,2
,Gwangju,2014,5,Bicycle,Gwangju,Aug 28 2018 12:27AM,2
,Gwangju,2014,4,Bicycle,Gwangju,Aug 28 2018 12:27AM,2
,Gwangju,2014,8,Bicycle,Gwangju,Aug 28 2018 12:27AM,2
,Gwangju,2014,5,Bicycle,Gwangju,Aug 28 2018 12:27AM,2
,Gwangju,2014,4,Bicycle,Gwangju,Aug 28 2018 12:27AM,2
,Gwangju,2014,4,Bicycle,Gwangju,Aug 28 2018 12:27AM,2
,Gwangju,2014,4,Bicycle,Gwangju,Aug 28 2018 12:27AM,2
,Daejeon,2014,5,Bicycle,Daejeon,Aug 28 2018 12:27AM,2
,Daejeon,2014,5,Bicycle,Daejeon,Aug 28 2018 12:27AM,2
,Daejeon,2014,6,Bicycle,Daejeon,Aug 28 2018 12:27AM,2
,Daejeon,2014,6,Bicycle,Daejeon,Aug 28 2018 12:27AM,2
,Daejeon,2014,4,Bicycle,Daejeon,Aug 28 2018 12:27AM,2
,Daejeon,2014,4,Bicycle,Daejeon,Aug 28 2018 12:27AM,2
,Daejeon,2014,8,Bicycle,Daejeon,Aug 28 2018 12:27AM,2
,Daejeon,2014,6,Bicycle,Daejeon,Aug 28 2018 12:27AM,2
,Daejeon,2014,5,Bicycle,Daejeon,Aug 28 2018 12:27AM,2
,Daejeon,2014,4,Bicycle,Daejeon,Aug 28 2018 12:27AM,2
,Daejeon,2014,4,Bicycle,Daejeon,Aug 28 2018 12:27AM,2
,Daejeon,2014,4,Bicycle,Daejeon,Aug 28 2018 12:27AM,2
,Ulsan,2014,7,Bicycle,Ulsan,Aug 28 2018 12:27AM,2
,Ulsan,2014,4,Bicycle,Ulsan,Aug 28 2018 12:27AM,2
,Ulsan,2014,4,Bicycle,Ulsan,Aug 28 2018 12:27AM,2
,Ulsan,2014,4,Bicycle,Ulsan,Aug 28 2018 12:27AM,2
,Ulsan,2014,4,Bicycle,Ulsan,Aug 28 2018 12:27AM,2
,Ulsan,2014,4,Bicycle,Ulsan,Aug 28 2018 12:27AM,2
,Ulsan,2014,7,Bicycle,Ulsan,Aug 28 2018 12:27AM,2
,Ulsan,2014,5,Bicycle,Ulsan,Aug 28 2018 12:27AM,2
,Ulsan,2014,5,Bicycle,Ulsan,Aug 28 2018 12:27AM,2
,Ulsan,2014,5,Bicycle,Ulsan,Aug 28 2018 12:27AM,2
,Ulsan,2014,4,Bicycle,Ulsan,Aug 28 2018 12:27AM,2
,Ulsan,2014,4,Bicycle,Ulsan,Aug 28 2018 12:27AM,2
,Ulsan,2014,4,Bicycle,Ulsan,Aug 28 2018 12:27AM,2
,Ulsan,2014,4,Bicycle,Ulsan,Aug 28 2018 12:27AM,2
,Ulsan,2014,4,Bicycle,Ulsan,Aug 28 2018 12:27AM,2
,Sejong,2014,4,Bicycle,Sejong,Aug 28 2018 12:27AM,1
,Gyeonggi,2014,8,Bicycle,Gyeonggi,Aug 28 2018 12:27AM,2
,Ulsan,2014,4,Bicycle,Ulsan,Aug 28 2018 12:27AM,1
,Gwangju,2014,5,Bicycle,Gwangju,Aug 28 2018 12:27AM,1
,Incheon,2014,4,Bicycle,Incheon,Aug 28 2018 12:27AM,2
,Incheon,2014,7,Bicycle,Incheon,Aug 28 2018 12:27AM,2
,Incheon,2014,7,Bicycle,Incheon,Aug 28 2018 12:27AM,2
,Incheon,2014,6,Bicycle,Incheon,Aug 28 2018 12:27AM,2
,Incheon,2014,6,Bicycle,Incheon,Aug 28 2018 12:27AM,2
,Incheon,2014,5,Bicycle,Incheon,Aug 28 2018 12:27AM,2
,Incheon,2014,5,Bicycle,Incheon,Aug 28 2018 12:27AM,1
,Incheon,2014,5,Bicycle,Incheon,Aug 28 2018 12:27AM,2
,Incheon,2014,5,Bicycle,Incheon,Aug 28 2018 12:27AM,2
,Gwangju,2014,5,Bicycle,Gwangju,Aug 28 2018 12:27AM,2
,Gwangju,2014,6,Bicycle,Gwangju,Aug 28 2018 12:27AM,2
,Daegu,2014,5,Bicycle,Daegu,Aug 28 2018 12:27AM,2
,Daegu,2014,5,Bicycle,Daegu,Aug 28 2018 12:27AM,2
,Daegu,2014,5,Bicycle,Daegu,Aug 28 2018 12:27AM,2
,Daegu,2014,5,Bicycle,Daegu,Aug 28 2018 12:27AM,2
,Daegu,2014,4,Bicycle,Daegu,Aug 28 2018 12:27AM,2
,Daegu,2014,4,Bicycle,Daegu,Aug 28 2018 12:27AM,2
,Daegu,2014,4,Bicycle,Daegu,Aug 28 2018 12:27AM,2
,Daegu,2014,5,Bicycle,Daegu,Aug 28 2018 12:27AM,2
,Incheon,2014,4,Bicycle,Incheon,Aug 28 2018 12:27AM,2
,Incheon,2014,4,Bicycle,Incheon,Aug 28 2018 12:27AM,2
,Daegu,2014,4,Bicycle,Daegu,Aug 28 2018 12:27AM,2
,Daegu,2014,9,Bicycle,Daegu,Aug 28 2018 12:27AM,2
,Daegu,2014,9,Bicycle,Daegu,Aug 28 2018 12:27AM,2
,Daegu,2014,8,Bicycle,Daegu,Aug 28 2018 12:27AM,2
,Daegu,2014,8,Bicycle,Daegu,Aug 28 2018 12:27AM,2
,Daegu,2014,7,Bicycle,Daegu,Aug 28 2018 12:27AM,2
,Daegu,2014,6,Bicycle,Daegu,Aug 28 2018 12:27AM,2
,Daegu,2014,6,Bicycle,Daegu,Aug 28 2018 12:27AM,2
,Daegu,2014,6,Bicycle,Daegu,Aug 28 2018 12:27AM,2
,Daegu,2014,5,Bicycle,Daegu,Aug 28 2018 12:27AM,2
,Daegu,2014,4,Bicycle,Daegu,Aug 28 2018 12:27AM,2
,Daegu,2014,4,Bicycle,Daegu,Aug 28 2018 12:27AM,2
,Daegu,2014,10,Bicycle,Daegu,Aug 28 2018 12:27AM,1
,Daegu,2014,4,Bicycle,Daegu,Aug 28 2018 12:27AM,1
,Daegu,2014,6,Bicycle,Daegu,Aug 28 2018 12:27AM,2
,Daegu,2014,5,Bicycle,Daegu,Aug 28 2018 12:27AM,2
,Daegu,2014,5,Bicycle,Daegu,Aug 28 2018 12:27AM,2
,Daegu,2014,5,Bicycle,Daegu,Aug 28 2018 12:27AM,2
,Daegu,2014,5,Bicycle,Daegu,Aug 28 2018 12:27AM,2
,Daegu,2014,4,Bicycle,Daegu,Aug 28 2018 12:27AM,2
,Daegu,2014,4,Bicycle,Daegu,Aug 28 2018 12:27AM,2
,Daegu,2014,8,Bicycle,Daegu,Aug 28 2018 12:27AM,2
,Daegu,2014,6,Bicycle,Daegu,Aug 28 2018 12:27AM,2
,Daegu,2014,6,Bicycle,Daegu,Aug 28 2018 12:27AM,2
,Daegu,2014,5,Bicycle,Daegu,Aug 28 2018 12:27AM,2
,Daegu,2014,5,Bicycle,Daegu,Aug 28 2018 12:27AM,2
,Daegu,2014,5,Bicycle,Daegu,Aug 28 2018 12:27AM,2
,Daegu,2014,5,Bicycle,Daegu,Aug 28 2018 12:27AM,2
,Daegu,2014,4,Bicycle,Daegu,Aug 28 2018 12:27AM,1
,Daegu,2014,4,Bicycle,Daegu,Aug 28 2018 12:27AM,2
,Daegu,2014,6,Bicycle,Daegu,Aug 28 2018 12:27AM,1
,Daegu,2014,6,Bicycle,Daegu,Aug 28 2018 12:27AM,1
,Daegu,2014,7,Bicycle,Daegu,Aug 28 2018 12:27AM,2
,Daegu,2014,7,Bicycle,Daegu,Aug 28 2018 12:27AM,2
,Daegu,2014,7,Bicycle,Daegu,Aug 28 2018 12:27AM,2
,Daegu,2014,6,Bicycle,Daegu,Aug 28 2018 12:27AM,2
,Daegu,2014,6,Bicycle,Daegu,Aug 28 2018 12:27AM,1
,Daegu,2014,5,Bicycle,Daegu,Aug 28 2018 12:27AM,2
,Daegu,2014,4,Bicycle,Daegu,Aug 28 2018 12:27AM,2
,Daegu,2014,11,Bicycle,Daegu,Aug 28 2018 12:27AM,2
,Daegu,2014,7,Bicycle,Daegu,Aug 28 2018 12:27AM,1
,Daegu,2014,7,Bicycle,Daegu,Aug 28 2018 12:27AM,2
,Daegu,2014,4,Bicycle,Daegu,Aug 28 2018 12:27AM,2
,Daegu,2014,6,Bicycle,Daegu,Aug 28 2018 12:27AM,2
,Daegu,2014,9,Bicycle,Daegu,Aug 28 2018 12:27AM,2
,Daegu,2014,8,Bicycle,Daegu,Aug 28 2018 12:27AM,2
,Daegu,2014,7,Bicycle,Daegu,Aug 28 2018 12:27AM,2
,Daegu,2014,6,Bicycle,Daegu,Aug 28 2018 12:27AM,2
,Daegu,2014,6,Bicycle,Daegu,Aug 28 2018 12:27AM,2
,Daegu,2014,5,Bicycle,Daegu,Aug 28 2018 12:27AM,2
,Daegu,2014,5,Bicycle,Daegu,Aug 28 2018 12:27AM,2
,Daegu,2014,4,Bicycle,Daegu,Sep 26 2018  7:24AM,1
,Daegu,2014,9,Bicycle,Daegu,Sep 26 2018  7:24AM,2
,Daegu,2014,8,Bicycle,Daegu,Sep 26 2018  7:24AM,2
,Daegu,2014,7,Bicycle,Daegu,Sep 26 2018  7:24AM,2
,Daegu,2014,6,Bicycle,Daegu,Sep 26 2018  7:24AM,2
,Daegu,2014,6,Bicycle,Daegu,Sep 26 2018  7:24AM,2
,Daegu,2014,5,Bicycle,Daegu,Sep 26 2018  7:24AM,2
,Daegu,2014,5,Bicycle,Daegu,Sep 26 2018  7:24AM,2
,Daegu,2014,4,Bicycle,Daegu,Sep 26 2018  7:24AM,2
,Daegu,2014,4,Bicycle,Daegu,Sep 26 2018  7:24AM,2
,Daegu,2014,11,Bicycle,Daegu,Sep 26 2018  7:24AM,2
,Daegu,2014,10,Bicycle,Daegu,Sep 26 2018  7:24AM,2
,Daegu,2014,9,Bicycle,Daegu,Sep 26 2018  7:24AM,2
,Daegu,2014,8,Bicycle,Daegu,Sep 26 2018  7:24AM,2
,Daegu,2014,8,Bicycle,Daegu,Sep 26 2018  7:24AM,1
,Daegu,2014,4,Bicycle,Daegu,Sep 26 2018  7:24AM,2
,Daegu,2014,6,Bicycle,Daegu,Sep 26 2018  7:24AM,2
,Daegu,2014,6,Bicycle,Daegu,Sep 26 2018  7:24AM,2
,Daegu,2014,6,Bicycle,Daegu,Sep 26 2018  7:24AM,2
,Daegu,2014,5,Bicycle,Daegu,Sep 26 2018  7:24AM,2
,Daegu,2014,4,Bicycle,Daegu,Sep 26 2018  7:24AM,2
,Daegu,2014,6,Bicycle,Daegu,Sep 26 2018  7:24AM,2
,Busan,2014,4,Bicycle,Busan,Sep 26 2018  7:24AM,2
,Busan,2014,4,Bicycle,Busan,Sep 26 2018  7:24AM,2
,Busan,2014,8,Bicycle,Busan,Sep 26 2018  7:24AM,2
,Busan,2014,4,Bicycle,Busan,Sep 26 2018  7:24AM,1
,Busan,2014,4,Bicycle,Busan,Sep 26 2018  7:24AM,1
,Busan,2014,4,Bicycle,Busan,Sep 26 2018  7:24AM,2
,Busan,2014,6,Bicycle,Busan,Sep 26 2018  7:24AM,2
,Busan,2014,5,Bicycle,Busan,Sep 26 2018  7:24AM,2
,Busan,2014,5,Bicycle,Busan,Sep 26 2018  7:24AM,2
,Busan,2014,4,Bicycle,Busan,Sep 26 2018  7:24AM,2
,Busan,2014,4,Bicycle,Busan,Sep 26 2018  7:24AM,1
,Busan,2014,4,Bicycle,Busan,Sep 26 2018  7:24AM,1
,Seoul,2014,4,Bicycle,Seoul,Sep 26 2018  7:24AM,1
,Busan,2014,4,Bicycle,Busan,Sep 26 2018  7:24AM,1
,Busan,2014,4,Bicycle,Busan,Sep 26 2018  7:24AM,1
,Busan,2014,5,Bicycle,Busan,Sep 26 2018  7:24AM,1
,Busan,2014,6,Bicycle,Busan,Sep 26 2018  7:24AM,1
,Seoul,2014,4,Bicycle,Seoul,Sep 26 2018  7:24AM,1
,Seoul,2014,6,Bicycle,Seoul,Sep 26 2018  7:24AM,2
,Seoul,2014,6,Bicycle,Seoul,Sep 26 2018  7:24AM,2
,Seoul,2014,6,Bicycle,Seoul,Sep 26 2018  7:24AM,2
,Seoul,2014,5,Bicycle,Seoul,Sep 26 2018  7:24AM,2
,Seoul,2014,5,Bicycle,Seoul,Sep 26 2018  7:24AM,2
,Seoul,2014,4,Bicycle,Seoul,Sep 26 2018  7:24AM,2
,Seoul,2014,4,Bicycle,Seoul,Sep 26 2018  7:24AM,2
,Seoul,2014,6,Bicycle,Seoul,Sep 26 2018  7:24AM,2
,Seoul,2014,6,Bicycle,Seoul,Sep 26 2018  7:24AM,2
,Seoul,2014,5,Bicycle,Seoul,Sep 26 2018  7:24AM,2
,Seoul,2014,5,Bicycle,Seoul,Sep 26 2018  7:24AM,2
,Seoul,2014,4,Bicycle,Seoul,Sep 26 2018  7:24AM,2
,Seoul,2014,4,Bicycle,Seoul,Sep 26 2018  7:24AM,2
,Seoul,2014,16,Bicycle,Seoul,Sep 26 2018  7:24AM,2
,Seoul,2014,10,Bicycle,Seoul,Sep 26 2018  7:24AM,2
,Seoul,2014,10,Bicycle,Seoul,Sep 26 2018  7:24AM,2
,Seoul,2014,10,Bicycle,Seoul,Sep 26 2018  7:24AM,2
,Seoul,2014,9,Bicycle,Seoul,Sep 26 2018  7:24AM,2
,Seoul,2014,9,Bicycle,Seoul,Sep 26 2018  7:24AM,2
,Seoul,2014,8,Bicycle,Seoul,Sep 26 2018  7:24AM,2
,Seoul,2014,8,Bicycle,Seoul,Sep 26 2018  7:24AM,2
,Seoul,2014,8,Bicycle,Seoul,Sep 26 2018  7:24AM,2
,Seoul,2014,8,Bicycle,Seoul,Sep 26 2018  7:24AM,2
,Seoul,2014,7,Bicycle,Seoul,Sep 26 2018  7:24AM,2
,Seoul,2014,7,Bicycle,Seoul,Sep 26 2018  7:24AM,2
,Seoul,2014,7,Bicycle,Seoul,Sep 26 2018  7:24AM,2
,Seoul,2014,6,Bicycle,Seoul,Sep 26 2018  7:24AM,2
,Seoul,2014,6,Bicycle,Seoul,Sep 26 2018  7:24AM,2
,Seoul,2014,5,Bicycle,Seoul,Sep 26 2018  7:24AM,2
,Seoul,2014,5,Bicycle,Seoul,Sep 26 2018  7:24AM,2
,Seoul,2014,5,Bicycle,Seoul,Sep 26 2018  7:24AM,2
,Seoul,2014,5,Bicycle,Seoul,Sep 26 2018  7:24AM,2
,Seoul,2014,5,Bicycle,Seoul,Sep 26 2018  7:24AM,2
,Seoul,2014,5,Bicycle,Seoul,Sep 26 2018  7:24AM,2
,Seoul,2014,4,Bicycle,Seoul,Sep 26 2018  7:24AM,2
,Seoul,2014,8,Bicycle,Seoul,Sep 26 2018  7:24AM,2
,Seoul,2014,7,Bicycle,Seoul,Sep 26 2018  7:24AM,2
,Seoul,2014,7,Bicycle,Seoul,Sep 26 2018  7:24AM,2
,Seoul,2014,6,Bicycle,Seoul,Sep 26 2018  7:24AM,1
,Seoul,2014,5,Bicycle,Seoul,Sep 26 2018  7:24AM,2
,Seoul,2014,4,Bicycle,Seoul,Sep 26 2018  7:24AM,2
,Seoul,2014,8,Bicycle,Seoul,Sep 26 2018  7:24AM,2
,Seoul,2014,6,Bicycle,Seoul,Sep 26 2018  7:24AM,2
,Seoul,2014,4,Bicycle,Seoul,Sep 26 2018  7:24AM,1
,Seoul,2014,9,Bicycle,Seoul,Sep 26 2018  7:24AM,1
,Seoul,2014,5,Bicycle,Seoul,Sep 26 2018  7:24AM,2
,Seoul,2014,5,Bicycle,Seoul,Sep 26 2018  7:24AM,2
,Seoul,2014,4,Bicycle,Seoul,Sep 26 2018  7:24AM,2
,Seoul,2014,4,Bicycle,Seoul,Sep 26 2018  7:24AM,2
,Seoul,2014,4,Bicycle,Seoul,Sep 26 2018  7:24AM,2
,Seoul,2014,4,Bicycle,Seoul,Sep 26 2018  7:24AM,1
,Seoul,2014,5,Bicycle,Seoul,Sep 26 2018  7:24AM,1
,Seoul,2014,5,Bicycle,Seoul,Sep 26 2018  7:24AM,1
,Seoul,2014,5,Bicycle,Seoul,Sep 26 2018  7:24AM,2
,Seoul,2014,4,Bicycle,Seoul,Sep 26 2018  7:24AM,1
,Seoul,2014,7,Bicycle,Seoul,Sep 26 2018  7:24AM,2
,Seoul,2014,5,Bicycle,Seoul,Sep 26 2018  7:24AM,1
,Seoul,2014,11,Bicycle,Seoul,Sep 26 2018  7:24AM,2
,Seoul,2014,10,Bicycle,Seoul,Sep 26 2018  7:24AM,2
,Seoul,2014,7,Bicycle,Seoul,Sep 26 2018  7:24AM,2
,Seoul,2014,7,Bicycle,Seoul,Sep 26 2018  7:24AM,2
,Seoul,2014,7,Bicycle,Seoul,Sep 26 2018  7:24AM,2
,Seoul,2014,7,Bicycle,Seoul,Sep 26 2018  7:24AM,1
,Seoul,2014,7,Bicycle,Seoul,Sep 26 2018  7:24AM,2
,Seoul,2014,6,Bicycle,Seoul,Sep 26 2018  7:24AM,2
,Seoul,2014,6,Bicycle,Seoul,Sep 26 2018  7:24AM,2
,Seoul,2014,6,Bicycle,Seoul,Sep 26 2018  7:24AM,1
,Seoul,2014,6,Bicycle,Seoul,Sep 26 2018  7:24AM,2
,Seoul,2014,5,Bicycle,Seoul,Sep 26 2018  7:24AM,2
,Seoul,2014,5,Bicycle,Seoul,Sep 26 2018  7:24AM,2
,Seoul,2014,5,Bicycle,Seoul,Sep 26 2018  7:24AM,2
,Seoul,2014,5,Bicycle,Seoul,Sep 26 2018  7:24AM,2
,Seoul,2014,5,Bicycle,Seoul,Sep 26 2018  7:24AM,2
,Seoul,2014,5,Bicycle,Seoul,Sep 26 2018  7:24AM,2
,Seoul,2014,5,Bicycle,Seoul,Sep 26 2018  7:24AM,2
,Seoul,2014,5,Bicycle,Seoul,Sep 26 2018  7:24AM,2
,Seoul,2014,4,Bicycle,Seoul,Sep 26 2018  7:24AM,2
,Seoul,2014,4,Bicycle,Seoul,Sep 26 2018  7:24AM,2
,Seoul,2014,9,Bicycle,Seoul,Sep 26 2018  7:24AM,2
,Seoul,2014,11,Bicycle,Seoul,Sep 26 2018  7:24AM,2
,Seoul,2014,4,Bicycle,Seoul,Sep 26 2018  7:24AM,1
,Seoul,2014,4,Bicycle,Seoul,Sep 26 2018  7:24AM,2
,Seoul,2014,7,Bicycle,Seoul,Sep 26 2018  7:24AM,2
,Seoul,2014,5,Bicycle,Seoul,Sep 26 2018  7:24AM,2
,Seoul,2014,5,Bicycle,Seoul,Sep 26 2018  7:24AM,1
,Seoul,2014,4,Bicycle,Seoul,Sep 26 2018  7:24AM,2
,Seoul,2014,5,Bicycle,Seoul,Sep 26 2018  7:24AM,2
,Seoul,2014,4,Bicycle,Seoul,Sep 26 2018  7:24AM,2
,Seoul,2014,4,Bicycle,Seoul,Sep 26 2018  7:24AM,2
,Seoul,2014,6,Bicycle,Seoul,Sep 26 2018  7:24AM,1
,Seoul,2014,7,Bicycle,Seoul,Sep 26 2018  7:24AM,2
,Seoul,2014,9,Bicycle,Seoul,Sep 26 2018  7:24AM,1
,Seoul,2014,7,Bicycle,Seoul,Sep 26 2018  7:24AM,1
,Seoul,2014,9,Bicycle,Seoul,Sep 26 2018  7:24AM,1
,Seoul,2014,7,Bicycle,Seoul,Sep 26 2018  7:24AM,1
,Seoul,2014,8,Bicycle,Seoul,Sep 26 2018  7:24AM,1
,Seoul,2014,6,Bicycle,Seoul,Sep 26 2018  7:24AM,2
,Seoul,2014,5,Bicycle,Seoul,Sep 26 2018  7:24AM,2
,Seoul,2014,5,Bicycle,Seoul,Sep 26 2018  7:24AM,2
,Seoul,2014,5,Bicycle,Seoul,Sep 26 2018  7:24AM,2
,Seoul,2014,4,Bicycle,Seoul,Sep 26 2018  7:24AM,2
,Seoul,2014,4,Bicycle,Seoul,Sep 26 2018  7:24AM,2
,Seoul,2014,4,Bicycle,Seoul,Sep 26 2018  7:24AM,2
,Seoul,2014,9,Bicycle,Seoul,Sep 26 2018  7:24AM,2
,Seoul,2014,7,Bicycle,Seoul,Sep 26 2018  7:24AM,2
,Seoul,2014,7,Bicycle,Seoul,Sep 26 2018  7:24AM,2
,Seoul,2014,7,Bicycle,Seoul,Sep 26 2018  7:24AM,2
,Seoul,2014,7,Bicycle,Seoul,Sep 26 2018  7:24AM,2
,Seoul,2014,6,Bicycle,Seoul,Sep 26 2018  7:24AM,2
,Seoul,2014,4,Bicycle,Seoul,Sep 26 2018  7:24AM,1
,Seoul,2014,13,Bicycle,Seoul,Sep 26 2018  7:24AM,1
,Seoul,2014,9,Bicycle,Seoul,Sep 26 2018  7:24AM,2
,Seoul,2014,5,Bicycle,Seoul,Sep 26 2018  7:24AM,2
,Seoul,2014,5,Bicycle,Seoul,Sep 26 2018  7:24AM,2
,Seoul,2014,5,Bicycle,Seoul,Sep 26 2018  7:24AM,2
,Seoul,2014,5,Bicycle,Seoul,Sep 26 2018  7:24AM,2
,Seoul,2014,5,Bicycle,Seoul,Sep 26 2018  7:24AM,2
,Seoul,2014,4,Bicycle,Seoul,Sep 26 2018  7:24AM,2
,Seoul,2014,4,Bicycle,Seoul,Sep 26 2018  7:24AM,2
,Seoul,2014,4,Bicycle,Seoul,Sep 26 2018  7:24AM,1
,Seoul,2014,8,Bicycle,Seoul,Sep 26 2018  7:24AM,2
,Seoul,2014,4,Bicycle,Seoul,Sep 26 2018  7:24AM,1
,Seoul,2014,4,Bicycle,Seoul,Sep 26 2018  7:24AM,1
,Seoul,2014,6,Bicycle,Seoul,Sep 26 2018  7:24AM,1
,Seoul,2014,5,Bicycle,Seoul,Sep 26 2018  7:24AM,2
,Seoul,2014,4,Bicycle,Seoul,Sep 26 2018  7:24AM,2
,Seoul,2014,4,Bicycle,Seoul,Sep 26 2018  7:24AM,2
,Seoul,2014,5,Bicycle,Seoul,Sep 26 2018  7:24AM,2
,Seoul,2014,5,Bicycle,Seoul,Sep 26 2018  7:24AM,2
,Seoul,2014,6,Bicycle,Seoul,Sep 26 2018  7:24AM,2
,Seoul,2014,5,Bicycle,Seoul,Sep 26 2018  7:24AM,2
,Seoul,2014,5,Bicycle,Seoul,Sep 26 2018  7:24AM,2
,Seoul,2014,5,Bicycle,Seoul,Sep 26 2018  7:24AM,2
,Seoul,2014,4,Bicycle,Seoul,Sep 26 2018  7:24AM,2
,Seoul,2014,7,Bicycle,Seoul,Sep 26 2018  7:24AM,2
,Seoul,2014,7,Bicycle,Seoul,Sep 26 2018  7:24AM,2
,Seoul,2014,6,Bicycle,Seoul,Sep 26 2018  7:24AM,1
,Seoul,2014,6,Bicycle,Seoul,Sep 26 2018  7:24AM,2
,Seoul,2014,5,Bicycle,Seoul,Sep 26 2018  7:24AM,2
,Seoul,2014,5,Bicycle,Seoul,Sep 26 2018  7:24AM,2
,Seoul,2014,4,Bicycle,Seoul,Sep 26 2018  7:24AM,2
,Seoul,2014,7,Bicycle,Seoul,Sep 26 2018  7:24AM,2
,Seoul,2014,6,Bicycle,Seoul,Sep 26 2018  7:24AM,2
,Seoul,2014,5,Bicycle,Seoul,Sep 26 2018  7:24AM,2
,Seoul,2014,4,Bicycle,Seoul,Oct 23 2018 10:24PM,2
,Seoul,2014,4,Bicycle,Seoul,Oct 23 2018 10:24PM,2
,Seoul,2014,10,Bicycle,Seoul,Oct 23 2018 10:24PM,2
,Seoul,2014,7,Bicycle,Seoul,Oct 23 2018 10:24PM,2
,Seoul,2014,8,Bicycle,Seoul,Oct 23 2018 10:24PM,2
,Seoul,2014,7,Bicycle,Seoul,Oct 23 2018 10:24PM,2
,Seoul,2014,4,Bicycle,Seoul,Oct 23 2018 10:24PM,1
,Seoul,2014,4,Bicycle,Seoul,Oct 23 2018 10:24PM,1
,Seoul,2014,10,Bicycle,Seoul,Oct 23 2018 10:24PM,1
,Seoul,2014,6,Bicycle,Seoul,Oct 23 2018 10:24PM,2
,Seoul,2014,6,Bicycle,Seoul,Oct 23 2018 10:24PM,2
,Seoul,2014,7,Bicycle,Seoul,Oct 23 2018 10:24PM,2
,Seoul,2014,6,Bicycle,Seoul,Oct 23 2018 10:24PM,2
,Seoul,2014,7,Bicycle,Seoul,Oct 23 2018 10:24PM,1
,Seoul,2014,8,Bicycle,Seoul,Oct 23 2018 10:24PM,2
,Seoul,2014,7,Bicycle,Seoul,Oct 23 2018 10:24PM,2
,Seoul,2014,11,Bicycle,Seoul,Oct 23 2018 10:24PM,1
,Seoul,2014,4,Bicycle,Seoul,Oct 23 2018 10:24PM,2
,Seoul,2014,12,Bicycle,Seoul,Oct 23 2018 10:24PM,2
,Seoul,2014,11,Bicycle,Seoul,Oct 23 2018 10:24PM,2
,Seoul,2014,5,Bicycle,Seoul,Oct 23 2018 10:24PM,2
,Seoul,2014,5,Bicycle,Seoul,Oct 23 2018 10:24PM,2
,Seoul,2014,4,Bicycle,Seoul,Oct 23 2018 10:24PM,2
,Seoul,2014,4,Bicycle,Seoul,Oct 23 2018 10:24PM,2
,Seoul,2014,4,Bicycle,Seoul,Oct 23 2018 10:24PM,2
,Seoul,2014,5,Bicycle,Seoul,Oct 23 2018 10:24PM,1
,Chungcheongnamdo,2014,3,School_zone_children,Chungcheongnamdo,Oct 23 2018 10:24PM,2
,Chungcheongnamdo,2014,2,School_zone_children,Chungcheongnamdo,Oct 23 2018 10:24PM,2
,Jeollabukdo,2014,2,School_zone_children,Jeollabukdo,Oct 23 2018 10:24PM,2
,Jeollanamdo,2014,2,School_zone_children,Jeollanamdo,Oct 23 2018 10:24PM,2
,Jeollanamdo,2014,4,School_zone_children,Jeollanamdo,Oct 23 2018 10:24PM,2
,Gyeongsangbukdo,2014,2,School_zone_children,Gyeongsangbukdo,Oct 23 2018 10:24PM,2
,Gyeongsangnamdo,2014,2,School_zone_children,Gyeongsangnamdo,Oct 23 2018 10:24PM,2
,Gyeongsangnamdo,2014,2,School_zone_children,Gyeongsangnamdo,Oct 23 2018 10:24PM,2
,Gyeongsangnamdo,2014,3,School_zone_children,Gyeongsangnamdo,Oct 23 2018 10:24PM,2
,Gyeongsangnamdo,2014,2,School_zone_children,Gyeongsangnamdo,Oct 23 2018 10:24PM,2
,Jeju,2014,3,School_zone_children,Jeju,Oct 23 2018 10:24PM,2
,Jeju,2014,2,School_zone_children,Jeju,Oct 23 2018 10:24PM,2
,Seoul,2014,5,Bicycle,Seoul,Oct 23 2018 10:24PM,2
,Seoul,2014,4,Bicycle,Seoul,Oct 23 2018 10:24PM,2
,Seoul,2014,10,Bicycle,Seoul,Oct 23 2018 10:24PM,2
,Seoul,2014,6,Bicycle,Seoul,Oct 23 2018 10:24PM,2
,Seoul,2014,4,Bicycle,Seoul,Oct 23 2018 10:24PM,2
,Seoul,2014,10,Bicycle,Seoul,Oct 23 2018 10:24PM,2
,Seoul,2014,8,Bicycle,Seoul,Oct 23 2018 10:24PM,2
,Seoul,2014,6,Bicycle,Seoul,Oct 23 2018 10:24PM,2
,Seoul,2014,6,Bicycle,Seoul,Oct 23 2018 10:24PM,2
,Seoul,2014,6,Bicycle,Seoul,Oct 23 2018 10:24PM,2
,Seoul,2014,5,Bicycle,Seoul,Oct 23 2018 10:24PM,2
,Seoul,2014,5,Bicycle,Seoul,Oct 23 2018 10:24PM,2
,Seoul,2014,4,Bicycle,Seoul,Oct 23 2018 10:24PM,2
,Seoul,2014,12,Bicycle,Seoul,Oct 23 2018 10:24PM,2
,Seoul,2014,10,Bicycle,Seoul,Oct 23 2018 10:24PM,2
,Seoul,2014,9,Bicycle,Seoul,Oct 23 2018 10:24PM,2
,Seoul,2014,9,Bicycle,Seoul,Oct 23 2018 10:24PM,2
,Seoul,2014,9,Bicycle,Seoul,Oct 23 2018 10:24PM,2
,Seoul,2014,9,Bicycle,Seoul,Oct 23 2018 10:24PM,2
,Seoul,2014,8,Bicycle,Seoul,Oct 23 2018 10:24PM,2
,Seoul,2014,7,Bicycle,Seoul,Oct 23 2018 10:24PM,2
,Seoul,2014,5,Bicycle,Seoul,Oct 23 2018 10:24PM,2
,Seoul,2014,5,Bicycle,Seoul,Oct 23 2018 10:24PM,2
,Seoul,2014,5,Bicycle,Seoul,Oct 23 2018 10:24PM,2
,Seoul,2014,4,Bicycle,Seoul,Oct 23 2018 10:24PM,2
,Seoul,2014,13,Bicycle,Seoul,Oct 23 2018 10:24PM,2
,Seoul,2014,9,Bicycle,Seoul,Oct 23 2018 10:24PM,2
,Seoul,2014,9,Bicycle,Seoul,Oct 23 2018 10:24PM,2
,Seoul,2014,9,Bicycle,Seoul,Oct 23 2018 10:24PM,2
,Seoul,2014,8,Bicycle,Seoul,Oct 23 2018 10:24PM,2
,Seoul,2014,7,Bicycle,Seoul,Oct 23 2018 10:24PM,2
,Seoul,2014,7,Bicycle,Seoul,Oct 23 2018 10:24PM,2
,Seoul,2014,6,Bicycle,Seoul,Oct 23 2018 10:24PM,2
,Seoul,2014,6,Bicycle,Seoul,Oct 23 2018 10:24PM,2
,Seoul,2014,6,Bicycle,Seoul,Oct 23 2018 10:24PM,2
,Seoul,2014,6,Bicycle,Seoul,Oct 23 2018 10:24PM,2
,Seoul,2014,6,Bicycle,Seoul,Oct 23 2018 10:24PM,2
,Gyeonggi,2014,2,School_zone_children,Gyeonggi,Oct 23 2018 10:24PM,2
,Gyeonggi,2014,2,School_zone_children,Gyeonggi,Oct 23 2018 10:24PM,2
,Gyeonggi,2014,1,School_zone_children,Gyeonggi,Oct 23 2018 10:24PM,2
,Gyeonggi,2014,2,School_zone_children,Gyeonggi,Oct 23 2018 10:24PM,2
,Gyeonggi,2014,3,School_zone_children,Gyeonggi,Oct 23 2018 10:24PM,2
,Gyeonggi,2014,2,School_zone_children,Gyeonggi,Oct 23 2018 10:24PM,2
,Gyeonggi,2014,1,School_zone_children,Gyeonggi,Oct 23 2018 10:24PM,2
,Chungcheongbukdo,2014,2,School_zone_children,Chungcheongbukdo,Oct 23 2018 10:24PM,2
,Chungcheongbukdo,2014,2,School_zone_children,Chungcheongbukdo,Oct 23 2018 10:24PM,2
,Ulsan,2014,2,School_zone_children,Ulsan,Oct 23 2018 10:24PM,1
,Ulsan,2014,2,School_zone_children,Ulsan,Oct 23 2018 10:24PM,1
,Gwangju,2014,1,School_zone_children,Gwangju,Oct 23 2018 10:24PM,2
,Seoul,2014,1,School_zone_children,Seoul,Oct 23 2018 10:24PM,2
,Seoul,2014,3,School_zone_children,Seoul,Oct 23 2018 10:24PM,2
,Seoul,2014,2,School_zone_children,Seoul,Oct 23 2018 10:24PM,2
,Seoul,2014,2,School_zone_children,Seoul,Oct 23 2018 10:24PM,2
,Seoul,2014,2,School_zone_children,Seoul,Oct 23 2018 10:24PM,2
,Seoul,2014,2,School_zone_children,Seoul,Oct 23 2018 10:24PM,2
,Busan,2014,2,School_zone_children,Busan,Oct 23 2018 10:24PM,2
,Busan,2014,2,School_zone_children,Busan,Oct 23 2018 10:24PM,2
,Busan,2014,2,School_zone_children,Busan,Oct 23 2018 10:24PM,1
,Busan,2014,2,School_zone_children,Busan,Oct 23 2018 10:24PM,2
,Incheon,2014,2,School_zone_children,Incheon,Oct 23 2018 10:24PM,2
,Incheon,2014,2,School_zone_children,Incheon,Oct 23 2018 10:24PM,2
,Gwangju,2014,3,School_zone_children,Gwangju,Oct 23 2018 10:24PM,2
,Gwangju,2014,2,School_zone_children,Gwangju,Oct 23 2018 10:24PM,2
,Daegu,2014,2,School_zone_children,Daegu,Oct 23 2018 10:24PM,1
,Busan,2014,2,School_zone_children,Busan,Oct 23 2018 10:24PM,1
,Seoul,2014,2,School_zone_children,Seoul,Oct 23 2018 10:24PM,1
,Seoul,2014,2,School_zone_children,Seoul,Oct 23 2018 10:24PM,1
,Busan,2014,2,School_zone_children,Busan,Oct 23 2018 10:24PM,1
36,Daegu,2014,7,Stepless_crossing,Daegu,Oct 23 2018 10:24PM,1
36,Daegu,2014,7,Stepless_crossing,Daegu,Oct 23 2018 10:24PM,1
36,Daegu,2014,8,Stepless_crossing,Daegu,Oct 23 2018 10:24PM,1
36,Daegu,2014,9,Stepless_crossing,Daegu,Oct 23 2018 10:24PM,1
36,Daegu,2014,9,Stepless_crossing,Daegu,Oct 23 2018 10:24PM,1
32,Gyeonggi,2014,4,Stepless_crossing,Gyeonggi,Oct 23 2018 10:24PM,1
36,Daegu,2014,10,Stepless_crossing,Daegu,Oct 23 2018 10:24PM,1
36,Daegu,2014,4,Stepless_crossing,Daegu,Oct 23 2018 10:24PM,1
36,Daegu,2014,5,Stepless_crossing,Daegu,Oct 23 2018 10:24PM,1
36,Daegu,2014,5,Stepless_crossing,Daegu,Oct 23 2018 10:24PM,1
36,Daegu,2014,4,Stepless_crossing,Daegu,Oct 23 2018 10:24PM,1
36,Daegu,2014,5,Stepless_crossing,Daegu,Oct 23 2018 10:24PM,1
32,Gyeonggi,2014,10,Stepless_crossing,Gyeonggi,Oct 23 2018 10:24PM,1
36,Daegu,2014,5,Stepless_crossing,Daegu,Oct 23 2018 10:24PM,1
32,Gyeongsangbukdo,2014,7,Stepless_crossing,Gyeongsangbukdo,Oct 23 2018 10:24PM,1
32,Gyeonggi,2014,5,Stepless_crossing,Gyeonggi,Oct 23 2018 10:24PM,1
32,Gyeonggi,2014,5,Stepless_crossing,Gyeonggi,Oct 23 2018 10:24PM,1
36,Daegu,2014,6,Stepless_crossing,Daegu,Oct 23 2018 10:24PM,1
32,Jeollabukdo,2014,3,Stepless_crossing,Jeollabukdo,Oct 23 2018 10:24PM,1
36,Ulsan,2014,4,Stepless_crossing,Ulsan,Oct 23 2018 10:24PM,1
36,Daejeon,2014,4,Stepless_crossing,Daejeon,Nov  5 2018  6:54PM,1
32,Jeollabukdo,2014,4,Stepless_crossing,Jeollabukdo,Nov  5 2018  6:54PM,1
36,Daejeon,2014,5,Stepless_crossing,Daejeon,Nov  5 2018  6:54PM,1
36,Daejeon,2014,4,Stepless_crossing,Daejeon,Nov  5 2018  6:54PM,1
36,Daejeon,2014,4,Stepless_crossing,Daejeon,Nov  5 2018  6:54PM,1
36,Daejeon,2014,5,Stepless_crossing,Daejeon,Nov  5 2018  6:54PM,1
36,Daejeon,2014,9,Stepless_crossing,Daejeon,Nov  5 2018  6:54PM,1
36,Daejeon,2014,7,Stepless_crossing,Daejeon,Nov  5 2018  6:54PM,1
36,Daejeon,2014,4,Stepless_crossing,Daejeon,Nov  5 2018  6:54PM,1
32,Jeollabukdo,2014,5,Stepless_crossing,Jeollabukdo,Nov  5 2018  6:54PM,1
36,Daejeon,2014,5,Stepless_crossing,Daejeon,Nov  5 2018  6:54PM,1
36,Daejeon,2014,7,Stepless_crossing,Daejeon,Nov  5 2018  6:54PM,1
36,Daejeon,2014,8,Stepless_crossing,Daejeon,May  5 2018  6:54PM,1
36,Gwangju,2014,4,Stepless_crossing,Gwangju,May  5 2018  6:54PM,1
36,Gwangju,2014,8,Stepless_crossing,Gwangju,May  5 2018  6:54PM,1
32,Jeollabukdo,2014,6,Stepless_crossing,Jeollabukdo,May  5 2018  6:54PM,1
32,Jeollabukdo,2014,5,Stepless_crossing,Jeollabukdo,May  5 2018  6:54PM,1
32,Jeollabukdo,2014,5,Stepless_crossing,Jeollabukdo,May  5 2018  6:54PM,1
32,Jeollabukdo,2014,5,Stepless_crossing,Jeollabukdo,May  5 2018  6:54PM,1
36,Gwangju,2014,8,Stepless_crossing,Gwangju,May  5 2018  6:54PM,1
36,Gwangju,2014,10,Stepless_crossing,Gwangju,May  5 2018  6:54PM,1
36,Gwangju,2014,8,Stepless_crossing,Gwangju,May  5 2018  6:54PM,1
32,Gyeonggi,2014,12,Stepless_crossing,Gyeonggi,May  5 2018  6:54PM,1
36,Daegu,2014,5,Stepless_crossing,Daegu,May  5 2018  6:54PM,1
32,Gyeonggi,2014,6,Stepless_crossing,Gyeonggi,May  5 2018  6:54PM,1
32,Gyeonggi,2014,6,Stepless_crossing,Gyeonggi,May  5 2018  6:54PM,1
32,Gyeonggi,2014,4,Stepless_crossing,Gyeonggi,May  5 2018  6:54PM,1
32,Gyeonggi,2014,7,Stepless_crossing,Gyeonggi,May  5 2018  6:54PM,1
36,Daegu,2014,4,Stepless_crossing,Daegu,May  5 2018  6:54PM,1
36,Daegu,2014,4,Stepless_crossing,Daegu,May  5 2018  6:54PM,1
36,Daegu,2014,4,Stepless_crossing,Daegu,May  5 2018  6:54PM,1
41,Seoul,2015,6,Walking_old_man,Seoul,May  5 2018  6:54PM,1
41,Seoul,2015,5,Walking_old_man,Seoul,May  5 2018  6:54PM,1
41,Seoul,2015,5,Walking_old_man,Seoul,May  5 2018  6:54PM,1
48,Seoul,2015,6,Bicycle,Seoul,May  5 2018  6:54PM,1
42,Daegu,2015,4,Walking_old_man,Daegu,May  5 2018  6:54PM,1
36,Seoul,2015,3,School_zone_children,Seoul,May  5 2018  6:54PM,1
41,Seoul,2015,8,Walking_old_man,Seoul,May  5 2018  6:54PM,1
51,Seoul,2015,4,Bicycle,Seoul,May  5 2018  6:54PM,1
48,Seoul,2015,6,Bicycle,Seoul,May  5 2018  6:54PM,1
47,Gyeonggi,2015,9,Walking_old_man,Gyeonggi,May  5 2018  6:54PM,1
51,Seoul,2015,4,Bicycle,Seoul,May  5 2018  6:54PM,1
42,Daegu,2015,3,Walking_old_man,Daegu,May  5 2018  6:54PM,1
53,Daegu,2015,5,Bicycle,Daegu,May  5 2018  6:54PM,1
39,Chungcheongbukdo,2015,4,Walking_children,Chungcheongbukdo,May  5 2018  6:54PM,1
36,Seoul,2015,3,School_zone_children,Seoul,May  5 2018  6:54PM,1
48,Seoul,2015,11,Bicycle,Seoul,May  5 2018  6:54PM,1
53,Daegu,2015,5,Bicycle,Daegu,May  5 2018  6:54PM,1
44,Daegu,2015,4,Walking_old_man,Daegu,May  5 2018  6:54PM,1
51,Seoul,2015,4,Bicycle,Seoul,May  5 2018  6:54PM,1
51,Seoul,2015,4,Bicycle,Seoul,May  5 2018  6:54PM,1
42,Daegu,2015,4,Walking_old_man,Daegu,May  5 2018  6:54PM,1
42,Daegu,2015,3,Walking_old_man,Daegu,May  5 2018  6:54PM,1
39,Gangwon,2015,3,Walking_children,Gangwon,May  5 2018  6:54PM,1
39,Chungcheongbukdo,2015,3,Walking_children,Chungcheongbukdo,May  5 2018  6:54PM,1
40,Gyeongsangnamdo,2015,3,Walking_children,Gyeongsangnamdo,May  5 2018  6:54PM,1
47,Gyeonggi,2015,3,Walking_old_man,Gyeonggi,May  5 2018  6:54PM,1
51,Seoul,2015,6,Bicycle,Seoul,May  5 2018  6:54PM,1
39,Seoul,2015,3,Walking_children,Seoul,May  5 2018  6:54PM,1
48,Jeollanamdo,2015,6,Walking_old_man,Jeollanamdo,May  5 2018  6:54PM,1
42,Busan,2015,3,Walking_old_man,Busan,May  5 2018  6:54PM,1
48,Jeollanamdo,2015,3,Walking_old_man,Jeollanamdo,May  5 2018  6:54PM,1
39,Seoul,2015,3,Walking_children,Seoul,May  5 2018  6:54PM,1
39,Seoul,2015,3,Walking_children,Seoul,May  5 2018  6:54PM,1
42,Busan,2015,4,Walking_old_man,Busan,May  5 2018  6:54PM,1
48,Jeollanamdo,2015,3,Walking_old_man,Jeollanamdo,May  5 2018  6:54PM,1
48,Jeollanamdo,2015,4,Walking_old_man,Jeollanamdo,May  5 2018  6:54PM,1
39,Seoul,2015,3,Walking_children,Seoul,May  5 2018  6:54PM,1
48,Jeollanamdo,2015,5,Walking_old_man,Jeollanamdo,May  5 2018  6:54PM,1
49,Seoul,2015,4,Bicycle,Seoul,May  5 2018  6:54PM,1
51,Seoul,2015,10,Bicycle,Seoul,May  5 2018  6:54PM,1
51,Seoul,2015,8,Bicycle,Seoul,May  5 2018  6:54PM,1
51,Seoul,2015,8,Bicycle,Seoul,May  5 2018  6:54PM,1
55,Daegu,2015,10,Bicycle,Daegu,Dec 29 2018  4:24PM,1
47,Daejeon,2015,4,Walking_old_man,Daejeon,Dec 29 2018  4:24PM,1
48,Jeollabukdo,2015,3,Walking_old_man,Jeollabukdo,Dec 29 2018  4:24PM,1
41,Seoul,2015,4,Walking_old_man,Seoul,Dec 29 2018  4:24PM,1
39,Seoul,2015,3,Walking_children,Seoul,Dec 29 2018  4:24PM,1
51,Seoul,2015,4,Bicycle,Seoul,Dec 29 2018  4:24PM,0
51,Seoul,2015,4,Bicycle,Seoul,Dec 29 2018  4:24PM,1
53,Seoul,2015,8,Bicycle,Seoul,Dec 29 2018  4:24PM,1
51,Seoul,2015,6,Bicycle,Seoul,Dec 29 2018  4:24PM,1
51,Seoul,2015,5,Bicycle,Seoul,Dec 29 2018  4:24PM,1
49,Seoul,2015,7,Bicycle,Seoul,Dec 29 2018  4:24PM,1
49,Seoul,2015,7,Bicycle,Seoul,Dec 29 2018  4:24PM,1
47,Daejeon,2015,3,Walking_old_man,Daejeon,Dec 29 2018  4:24PM,1
42,Busan,2015,3,Walking_old_man,Busan,Dec 29 2018  4:24PM,1
48,Seoul,2015,5,Bicycle,Seoul,Dec 29 2018  4:24PM,1
39,Seoul,2015,3,Walking_children,Seoul,Dec 29 2018  4:24PM,1
39,Seoul,2015,3,Walking_children,Seoul,Dec 29 2018  4:24PM,1
41,Seoul,2015,5,Walking_old_man,Seoul,Dec 29 2018  4:24PM,1
40,Jeollanamdo,2015,3,Walking_children,Jeollanamdo,Dec 29 2018  4:24PM,1
53,Seoul,2015,4,Bicycle,Seoul,Dec 29 2018  4:24PM,1
53,Seoul,2015,4,Bicycle,Seoul,Dec 29 2018  4:24PM,1
48,Jeollabukdo,2015,5,Walking_old_man,Jeollabukdo,Dec 29 2018  4:24PM,1
48,Jeollabukdo,2015,3,Walking_old_man,Jeollabukdo,Dec 29 2018  4:24PM,1
48,Jeollabukdo,2015,6,Walking_old_man,Jeollabukdo,Dec 29 2018  4:24PM,1
48,Jeollabukdo,2015,3,Walking_old_man,Jeollabukdo,Dec 29 2018  4:24PM,1
48,Jeollabukdo,2015,3,Walking_old_man,Jeollabukdo,Dec 29 2018  4:24PM,1
48,Jeollabukdo,2015,5,Walking_old_man,Jeollabukdo,Dec 29 2018  4:24PM,1
42,Busan,2015,4,Walking_old_man,Busan,Dec 29 2018  4:24PM,1
48,Jeollabukdo,2015,3,Walking_old_man,Jeollabukdo,Dec 29 2018  4:24PM,1
48,Jeollabukdo,2015,6,Walking_old_man,Jeollabukdo,Dec 29 2018  4:24PM,1
41,Seoul,2015,5,Walking_old_man,Seoul,Dec 29 2018  4:24PM,1
47,Daejeon,2015,3,Walking_old_man,Daejeon,Dec 29 2018  4:24PM,1
48,Jeollabukdo,2015,3,Walking_old_man,Jeollabukdo,Dec 29 2018  4:24PM,1
41,Seoul,2015,7,Walking_old_man,Seoul,Dec 29 2018  4:24PM,1
48,Jeollabukdo,2015,4,Walking_old_man,Jeollabukdo,Dec 29 2018  4:24PM,1
48,Jeollabukdo,2015,4,Walking_old_man,Jeollabukdo,Dec 29 2018  4:24PM,1
39,Seoul,2015,4,Walking_children,Seoul,Dec 29 2018  4:24PM,1
39,Seoul,2015,3,Walking_children,Seoul,Dec 29 2018  4:24PM,1
39,Seoul,2015,3,Walking_children,Seoul,Dec 29 2018  4:24PM,1
48,Jeollabukdo,2015,4,Walking_old_man,Jeollabukdo,Dec 29 2018  4:24PM,1
41,Seoul,2015,10,Walking_old_man,Seoul,Dec 29 2018  4:24PM,1
48,Jeollabukdo,2015,7,Walking_old_man,Jeollabukdo,Dec 29 2018  4:24PM,1
45,Incheon,2015,3,Walking_old_man,Incheon,Dec 29 2018  4:24PM,1
47,Daejeon,2015,7,Walking_old_man,Daejeon,Dec 29 2018  4:24PM,1
48,Jeollabukdo,2015,11,Walking_old_man,Jeollabukdo,Dec 29 2018  4:24PM,1
50,Seoul,2015,5,Bicycle,Seoul,Dec 29 2018  4:24PM,1
42,Busan,2015,5,Walking_old_man,Busan,Dec 29 2018  4:24PM,1
42,Busan,2015,4,Walking_old_man,Busan,Dec 29 2018  4:24PM,1
51,Seoul,2015,6,Bicycle,Seoul,Dec 29 2018  4:24PM,1
42,Busan,2015,3,Walking_old_man,Busan,Dec 29 2018  4:24PM,1
39,Seoul,2015,3,Walking_children,Seoul,Dec 29 2018  4:24PM,1
39,Seoul,2015,3,Walking_children,Seoul,Dec 29 2018  4:24PM,1
48,Jeollabukdo,2015,3,Walking_old_man,Jeollabukdo,Dec 29 2018  4:24PM,1
48,Jeollabukdo,2015,3,Walking_old_man,Jeollabukdo,Dec 29 2018  4:24PM,1
48,Jeollabukdo,2015,3,Walking_old_man,Jeollabukdo,Dec 29 2018  4:24PM,1
55,Daegu,2015,13,Bicycle,Daegu,Dec 29 2018  4:24PM,1
42,Busan,2015,3,Walking_old_man,Busan,Dec 29 2018  4:24PM,1
42,Busan,2015,4,Walking_old_man,Busan,Dec 29 2018  4:24PM,1
41,Jeju,2015,3,Walking_children,Jeju,Dec 29 2018  4:24PM,1
39,Seoul,2015,3,Walking_children,Seoul,Dec 29 2018  4:24PM,1
54,Daegu,2015,6,Bicycle,Daegu,Dec 29 2018  4:24PM,1
54,Daegu,2015,5,Bicycle,Daegu,Dec 29 2018  4:24PM,1
48,Jeollabukdo,2015,2,Walking_old_man,Jeollabukdo,Dec 29 2018  4:24PM,1
39,Seoul,2015,3,Walking_children,Seoul,Dec 29 2018  4:24PM,1
45,Incheon,2015,3,Walking_old_man,Incheon,Dec 29 2018  4:24PM,1
42,Busan,2015,4,Walking_old_man,Busan,Dec 29 2018  4:24PM,1
47,Gyeonggi,2015,4,Walking_old_man,Gyeonggi,Dec 29 2018  4:24PM,1
39,Gyeongsangbukdo,2015,2,School_zone_children,Gyeongsangbukdo,Dec 29 2018  4:24PM,1
48,Chungcheongnamdo,2015,4,Walking_old_man,Chungcheongnamdo,Dec 29 2018  4:24PM,1
48,Chungcheongnamdo,2015,5,Walking_old_man,Chungcheongnamdo,Dec 29 2018  4:24PM,1
53,Seoul,2015,4,Bicycle,Seoul,Dec 29 2018  4:24PM,1
39,Jeollabukdo,2015,2,School_zone_children,Jeollabukdo,Dec 29 2018  4:24PM,1
39,Jeollanamdo,2015,2,School_zone_children,Jeollanamdo,Dec 29 2018  4:24PM,1
39,Gyeongsangbukdo,2015,3,School_zone_children,Gyeongsangbukdo,Dec 29 2018  4:24PM,1
39,Gyeongsangbukdo,2015,2,School_zone_children,Gyeongsangbukdo,Dec 29 2018  4:24PM,1
56,Daegu,2015,5,Bicycle,Daegu,Dec 29 2018  4:24PM,1
48,Chungcheongnamdo,2015,5,Walking_old_man,Chungcheongnamdo,Dec 29 2018  4:24PM,1
53,Seoul,2015,4,Bicycle,Seoul,Dec 29 2018  4:24PM,1
55,Daegu,2015,4,Bicycle,Daegu,Dec 29 2018  4:24PM,1
48,Chungcheongnamdo,2015,6,Walking_old_man,Chungcheongnamdo,Dec 29 2018  4:24PM,1
48,Chungcheongnamdo,2015,3,Walking_old_man,Chungcheongnamdo,Dec 29 2018  4:24PM,1
42,Daegu,2015,3,Walking_old_man,Daegu,Dec 29 2018  4:24PM,1
39,Jeollabukdo,2015,3,School_zone_children,Jeollabukdo,Dec 29 2018  4:24PM,1
42,Busan,2015,3,Walking_old_man,Busan,Dec 29 2018  4:24PM,1
42,Busan,2015,7,Walking_old_man,Busan,Dec 29 2018  4:24PM,1
42,Busan,2015,5,Walking_old_man,Busan,Dec 29 2018  4:24PM,1
40,Jeollanamdo,2015,4,Walking_children,Jeollanamdo,Dec 29 2018  4:24PM,1
45,Incheon,2015,6,Walking_old_man,Incheon,Dec 29 2018  4:24PM,1
45,Incheon,2015,4,Walking_old_man,Incheon,Dec 29 2018  4:24PM,1
45,Incheon,2015,4,Walking_old_man,Incheon,Dec 29 2018  4:24PM,1
45,Daegu,2015,3,Walking_old_man,Daegu,Dec 29 2018  4:24PM,1
45,Daegu,2015,3,Walking_old_man,Daegu,Dec 29 2018  4:24PM,1
48,Chungcheongnamdo,2015,10,Walking_old_man,Chungcheongnamdo,Dec 29 2018  4:24PM,1
53,Seoul,2015,5,Bicycle,Seoul,Dec 29 2018  4:24PM,1
48,Seoul,2015,5,Bicycle,Seoul,Dec 29 2018  4:24PM,1
45,Daegu,2015,3,Walking_old_man,Daegu,Dec 29 2018  4:24PM,1
47,Daejeon,2015,5,Walking_old_man,Daejeon,Dec 29 2018  4:24PM,1
54,Daegu,2015,6,Bicycle,Daegu,Dec 29 2018  4:24PM,1
53,Seoul,2015,5,Bicycle,Seoul,Dec 29 2018  4:24PM,1
42,Busan,2015,4,Walking_old_man,Busan,Dec 29 2018  4:24PM,1
55,Daegu,2015,4,Bicycle,Daegu,Dec 29 2018  4:24PM,1
48,Chungcheongnamdo,2015,3,Walking_old_man,Chungcheongnamdo,Dec 29 2018  4:24PM,1
47,Daejeon,2015,2,Walking_old_man,Daejeon,Dec 29 2018  4:24PM,1
49,Seoul,2015,7,Bicycle,Seoul,Dec 29 2018  4:24PM,1
49,Seoul,2015,7,Bicycle,Seoul,Dec 29 2018  4:24PM,1
45,Daegu,2015,3,Walking_old_man,Daegu,Dec 29 2018  4:24PM,1
42,Daegu,2015,4,Walking_old_man,Daegu,Dec 29 2018  4:24PM,1
42,Daegu,2015,3,Walking_old_man,Daegu,Dec 29 2018  4:24PM,1
48,Chungcheongbukdo,2015,3,Walking_old_man,Chungcheongbukdo,Dec 29 2018  4:24PM,1
48,Chungcheongnamdo,2015,6,Walking_old_man,Chungcheongnamdo,Dec 29 2018  4:24PM,1
48,Chungcheongnamdo,2015,3,Walking_old_man,Chungcheongnamdo,Dec 29 2018  4:24PM,1
48,Gyeongsangnamdo,2015,5,Walking_old_man,Gyeongsangnamdo,Dec 29 2018  4:24PM,1
48,Gyeongsangnamdo,2015,7,Walking_old_man,Gyeongsangnamdo,Dec 29 2018  4:24PM,1
48,Gyeongsangnamdo,2015,8,Walking_old_man,Gyeongsangnamdo,Dec 29 2018  4:24PM,0
39,Gwangju,2015,3,Walking_children,Gwangju,Dec 29 2018  4:24PM,1
51,Seoul,2015,4,Bicycle,Seoul,Dec 29 2018  4:24PM,1
47,Gyeonggi,2015,3,Walking_old_man,Gyeonggi,Dec 29 2018  4:24PM,1
48,Gyeongsangnamdo,2015,6,Walking_old_man,Gyeongsangnamdo,Dec 29 2018  4:24PM,1
39,Gwangju,2015,3,Walking_children,Gwangju,Dec 29 2018  4:24PM,1
53,Seoul,2015,4,Bicycle,Seoul,Dec 29 2018  4:24PM,1
51,Seoul,2015,7,Bicycle,Seoul,Dec 29 2018  4:24PM,1
48,Gyeongsangnamdo,2015,5,Walking_old_man,Gyeongsangnamdo,Dec 29 2018  4:24PM,1
48,Gyeongsangnamdo,2015,5,Walking_old_man,Gyeongsangnamdo,Dec 29 2018  4:24PM,1
39,Incheon,2015,3,Walking_children,Incheon,Dec 29 2018  4:24PM,1
48,Gyeongsangnamdo,2015,3,Walking_old_man,Gyeongsangnamdo,Dec 29 2018  4:24PM,1
51,Seoul,2015,4,Bicycle,Seoul,Dec 29 2018  4:24PM,1
45,Incheon,2015,5,Walking_old_man,Incheon,Dec 29 2018  4:24PM,1
45,Incheon,2015,4,Walking_old_man,Incheon,Dec 29 2018  4:24PM,1
51,Seoul,2015,8,Bicycle,Seoul,Dec 29 2018  4:24PM,1
41,Seoul,2015,4,Walking_old_man,Seoul,Dec 29 2018  4:24PM,1
41,Seoul,2015,3,Walking_old_man,Seoul,Dec 29 2018  4:24PM,1
48,Gyeongsangnamdo,2015,3,Walking_old_man,Gyeongsangnamdo,Dec 29 2018  4:24PM,1
41,Seoul,2015,4,Walking_old_man,Seoul,Dec 29 2018  4:24PM,1
53,Seoul,2015,5,Bicycle,Seoul,Dec 29 2018  4:24PM,1
49,Seoul,2015,4,Bicycle,Seoul,Dec 29 2018  4:24PM,1
48,Gyeongsangnamdo,2015,5,Walking_old_man,Gyeongsangnamdo,Dec 29 2018  4:24PM,1
42,Busan,2015,3,Walking_old_man,Busan,Dec 29 2018  4:24PM,1
42,Busan,2015,3,Walking_old_man,Busan,Dec 29 2018  4:24PM,1
53,Seoul,2015,5,Bicycle,Seoul,Dec 29 2018  4:24PM,1
39,Incheon,2015,4,Walking_children,Incheon,Dec 29 2018  4:24PM,1
39,Incheon,2015,3,Walking_children,Incheon,Dec 29 2018  4:24PM,1
53,Seoul,2015,5,Bicycle,Seoul,Dec 29 2018  4:24PM,1
48,Gyeongsangnamdo,2015,3,Walking_old_man,Gyeongsangnamdo,Dec 29 2018  4:24PM,1
51,Seoul,2015,4,Bicycle,Seoul,Dec 29 2018  4:24PM,1
42,Busan,2015,4,Walking_old_man,Busan,Dec 29 2018  4:24PM,1
48,Gyeongsangbukdo,2015,6,Walking_old_man,Gyeongsangbukdo,Dec 29 2018  4:24PM,1
48,Gyeongsangbukdo,2015,3,Walking_old_man,Gyeongsangbukdo,Dec 29 2018  4:24PM,1
48,Gyeongsangbukdo,2015,5,Walking_old_man,Gyeongsangbukdo,Dec 29 2018  4:24PM,1
47,Gyeonggi,2015,3,Walking_old_man,Gyeonggi,Dec 29 2018  4:24PM,1
48,Gyeongsangbukdo,2015,3,Walking_old_man,Gyeongsangbukdo,Dec 29 2018  4:24PM,1
41,Seoul,2015,6,Walking_old_man,Seoul,Dec 29 2018  4:24PM,1
48,Gyeongsangbukdo,2015,4,Walking_old_man,Gyeongsangbukdo,Dec 29 2018  4:24PM,1
55,Daegu,2015,5,Bicycle,Daegu,Dec 29 2018  4:24PM,1
55,Daegu,2015,5,Bicycle,Daegu,Dec 29 2018  4:24PM,1
51,Seoul,2015,4,Bicycle,Seoul,Dec 29 2018  4:24PM,1
44,Daegu,2015,4,Walking_old_man,Daegu,Dec 29 2018  4:24PM,1
44,Daegu,2015,4,Walking_old_man,Daegu,Dec 29 2018  4:24PM,1
44,Daegu,2015,4,Walking_old_man,Daegu,Dec 29 2018  4:24PM,1
48,Gyeongsangbukdo,2015,6,Walking_old_man,Gyeongsangbukdo,Dec 29 2018  4:24PM,1
48,Gyeongsangbukdo,2015,6,Walking_old_man,Gyeongsangbukdo,Dec 29 2018  4:24PM,1
54,Daegu,2015,7,Bicycle,Daegu,Dec 29 2018  4:24PM,1
47,Gyeonggi,2015,4,Walking_old_man,Gyeonggi,Dec 29 2018  4:24PM,1
48,Gyeongsangbukdo,2015,2,Walking_old_man,Gyeongsangbukdo,Dec 29 2018  4:24PM,1
42,Busan,2015,4,Walking_old_man,Busan,Dec 29 2018  4:24PM,1
39,Incheon,2015,3,Walking_children,Incheon,Dec 29 2018  4:24PM,1
48,Gyeongsangbukdo,2015,6,Walking_old_man,Gyeongsangbukdo,Dec 29 2018  4:24PM,1
48,Gyeongsangbukdo,2015,6,Walking_old_man,Gyeongsangbukdo,Dec 29 2018  4:24PM,1
48,Gyeongsangbukdo,2015,5,Walking_old_man,Gyeongsangbukdo,Dec 29 2018  4:24PM,1
48,Gyeongsangbukdo,2015,12,Walking_old_man,Gyeongsangbukdo,Dec 29 2018  4:24PM,1
48,Gyeongsangbukdo,2015,3,Walking_old_man,Gyeongsangbukdo,Dec 29 2018  4:24PM,1
48,Gyeongsangbukdo,2015,9,Walking_old_man,Gyeongsangbukdo,Dec 29 2018  4:24PM,1
39,Incheon,2015,5,Walking_children,Incheon,Dec 29 2018  4:24PM,1
48,Gyeongsangbukdo,2015,3,Walking_old_man,Gyeongsangbukdo,Dec 29 2018  4:24PM,1
54,Daegu,2015,10,Bicycle,Daegu,Dec 29 2018  4:24PM,1
39,Chungcheongnamdo,2015,7,Walking_children,Chungcheongnamdo,Dec 29 2018  4:24PM,1
48,Gyeongsangbukdo,2015,4,Walking_old_man,Gyeongsangbukdo,Dec 29 2018  4:24PM,1
48,Gyeongsangbukdo,2015,3,Walking_old_man,Gyeongsangbukdo,Dec 29 2018  4:24PM,1
41,Seoul,2015,6,Walking_old_man,Seoul,Dec 29 2018  4:24PM,1
48,Gyeongsangbukdo,2015,6,Walking_old_man,Gyeongsangbukdo,Dec 29 2018  4:24PM,1
47,Gyeonggi,2015,5,Walking_old_man,Gyeonggi,Dec 29 2018  4:24PM,1
41,Seoul,2015,7,Walking_old_man,Seoul,Dec 29 2018  4:24PM,1
40,Gyeongsangbukdo,2015,5,Walking_children,Gyeongsangbukdo,Dec 29 2018  4:24PM,1
48,Gyeongsangbukdo,2015,9,Walking_old_man,Gyeongsangbukdo,Dec 29 2018  4:24PM,1
48,Gyeongsangbukdo,2015,7,Walking_old_man,Gyeongsangbukdo,Dec 29 2018  4:24PM,1
39,Chungcheongnamdo,2015,3,Walking_children,Chungcheongnamdo,Dec 29 2018  4:24PM,1
42,Busan,2015,4,Walking_old_man,Busan,Dec 29 2018  4:24PM,1
39,Incheon,2015,3,Walking_children,Incheon,Dec 29 2018  4:24PM,1
39,Daegu,2015,3,Walking_children,Daegu,Dec 29 2018  4:24PM,1
36,Busan,2015,2,School_zone_children,Busan,Dec 29 2018  4:24PM,1
48,Jeollanamdo,2015,3,Walking_old_man,Jeollanamdo,Dec 29 2018  4:24PM,1
47,Sejong,2015,3,Walking_old_man,Sejong,Dec 29 2018  4:24PM,1
48,Gyeongsangbukdo,2015,5,Walking_old_man,Gyeongsangbukdo,Dec 29 2018  4:24PM,1
48,Gyeongsangbukdo,2015,4,Walking_old_man,Gyeongsangbukdo,Dec 29 2018  4:24PM,1
48,Gyeongsangbukdo,2015,3,Walking_old_man,Gyeongsangbukdo,Dec 29 2018  4:24PM,1
40,Gyeongsangbukdo,2015,3,Walking_children,Gyeongsangbukdo,Dec 29 2018  4:24PM,1
47,Ulsan,2015,4,Walking_old_man,Ulsan,Dec 29 2018  4:24PM,1
53,Seoul,2015,6,Bicycle,Seoul,Dec 29 2018  4:24PM,1
48,Gyeongsangbukdo,2015,3,Walking_old_man,Gyeongsangbukdo,Dec 29 2018  4:24PM,1
48,Gyeongsangbukdo,2015,9,Walking_old_man,Gyeongsangbukdo,Dec 29 2018  4:24PM,1
51,Seoul,2015,5,Bicycle,Seoul,Dec 29 2018  4:24PM,1
47,Gyeonggi,2015,3,Walking_old_man,Gyeonggi,Dec 29 2018  4:24PM,1
51,Seoul,2015,5,Bicycle,Seoul,Dec 29 2018  4:24PM,1
48,Gyeongsangbukdo,2015,3,Walking_old_man,Gyeongsangbukdo,Dec 29 2018  4:24PM,1
49,Seoul,2015,6,Bicycle,Seoul,Dec 29 2018  4:24PM,1
48,Gyeongsangbukdo,2015,3,Walking_old_man,Gyeongsangbukdo,Dec 29 2018  4:24PM,1
48,Gyeongsangbukdo,2015,4,Walking_old_man,Gyeongsangbukdo,Dec 29 2018  4:24PM,1
40,Gyeongsangbukdo,2015,3,Walking_children,Gyeongsangbukdo,Dec 29 2018  4:24PM,1
47,Ulsan,2015,4,Walking_old_man,Ulsan,Dec 29 2018  4:24PM,1
42,Busan,2015,5,Walking_old_man,Busan,Dec 29 2018  4:24PM,1
48,Gyeongsangbukdo,2015,5,Walking_old_man,Gyeongsangbukdo,Dec 29 2018  4:24PM,1
45,Incheon,2015,6,Walking_old_man,Incheon,Dec 29 2018  4:24PM,1
42,Busan,2015,3,Walking_old_man,Busan,Dec 29 2018  4:24PM,1
47,Ulsan,2015,3,Walking_old_man,Ulsan,Dec 29 2018  4:24PM,1
47,Ulsan,2015,2,Walking_old_man,Ulsan,Dec 29 2018  4:24PM,1
39,Daegu,2015,3,Walking_children,Daegu,Dec 29 2018  4:24PM,1
39,Daegu,2015,3,Walking_children,Daegu,Dec 29 2018  4:24PM,1
39,Daegu,2015,4,Walking_children,Daegu,Dec 29 2018  4:24PM,1
56,Daegu,2015,5,Bicycle,Daegu,Dec 29 2018  4:24PM,1
40,Gyeongsangbukdo,2015,3,Walking_children,Gyeongsangbukdo,Dec 29 2018  4:24PM,1
53,Seoul,2015,6,Bicycle,Seoul,Dec 29 2018  4:24PM,1
53,Seoul,2015,6,Bicycle,Seoul,Dec 29 2018  4:24PM,1
45,Gwangju,2015,5,Walking_old_man,Gwangju,Dec 29 2018  4:24PM,1
48,Jeollanamdo,2015,3,Walking_old_man,Jeollanamdo,Dec 29 2018  4:24PM,1
48,Gyeongsangbukdo,2015,4,Walking_old_man,Gyeongsangbukdo,Dec 29 2018  4:24PM,1
48,Jeollanamdo,2015,6,Walking_old_man,Jeollanamdo,Dec 29 2018  4:24PM,1
48,Jeollanamdo,2015,7,Walking_old_man,Jeollanamdo,Dec 29 2018  4:24PM,1
39,Daegu,2015,4,Walking_children,Daegu,Dec 29 2018  4:24PM,1
48,Seoul,2015,5,Bicycle,Seoul,Dec 29 2018  4:24PM,1
53,Seoul,2015,7,Bicycle,Seoul,Dec 29 2018  4:24PM,1
53,Seoul,2015,7,Bicycle,Seoul,Dec 29 2018  4:24PM,1
51,Seoul,2015,5,Bicycle,Seoul,Dec 29 2018  4:24PM,1
47,Daejeon,2015,4,Walking_old_man,Daejeon,Dec 29 2018  4:24PM,1
47,Ulsan,2015,5,Walking_old_man,Ulsan,Dec 29 2018  4:24PM,1
51,Seoul,2015,7,Bicycle,Seoul,Dec 29 2018  4:24PM,1
48,Jeollanamdo,2015,2,Walking_old_man,Jeollanamdo,Dec 29 2018  4:24PM,1
42,Busan,2015,3,Walking_old_man,Busan,Dec 29 2018  4:24PM,1
47,Ulsan,2015,4,Walking_old_man,Ulsan,Dec 29 2018  4:24PM,1
39,Daegu,2015,3,Walking_children,Daegu,Dec 29 2018  4:24PM,1
48,Jeollanamdo,2015,4,Walking_old_man,Jeollanamdo,Dec 29 2018  4:24PM,1
48,Jeollanamdo,2015,3,Walking_old_man,Jeollanamdo,Dec 29 2018  4:24PM,1
47,Ulsan,2015,6,Walking_old_man,Ulsan,Dec 29 2018  4:24PM,1
48,Jeollanamdo,2015,3,Walking_old_man,Jeollanamdo,Dec 29 2018  4:24PM,1
39,Daegu,2015,3,Walking_children,Daegu,Dec 29 2018  4:24PM,1
48,Jeollanamdo,2015,3,Walking_old_man,Jeollanamdo,Dec 29 2018  4:24PM,1
51,Seoul,2015,6,Bicycle,Seoul,Dec 29 2018  4:24PM,1
51,Seoul,2015,6,Bicycle,Seoul,Dec 29 2018  4:24PM,1
39,Busan,2015,3,Walking_children,Busan,Dec 29 2018  4:24PM,1
48,Jeollanamdo,2015,3,Walking_old_man,Jeollanamdo,Dec 29 2018  4:24PM,1
40,Jeollanamdo,2015,6,Walking_children,Jeollanamdo,Dec 29 2018  4:24PM,1
39,Daegu,2015,3,Walking_children,Daegu,Dec 29 2018  4:24PM,1
42,Busan,2015,3,Walking_old_man,Busan,Dec 29 2018  4:24PM,1
39,Busan,2015,3,Walking_children,Busan,Dec 29 2018  4:24PM,1
39,Busan,2015,4,Walking_children,Busan,Dec 29 2018  4:24PM,1
42,Busan,2015,4,Walking_old_man,Busan,Dec 29 2018  4:24PM,1
54,Daegu,2015,4,Bicycle,Daegu,Dec 29 2018  4:24PM,1
42,Busan,2015,6,Walking_old_man,Busan,Dec 29 2018  4:24PM,1
42,Daegu,2015,3,Walking_old_man,Daegu,Dec 29 2018  4:24PM,1
45,Incheon,2015,3,Walking_old_man,Incheon,Dec 29 2018  4:24PM,1
51,Seoul,2015,8,Bicycle,Seoul,Dec 29 2018  4:24PM,1
48,Jeollanamdo,2015,3,Walking_old_man,Jeollanamdo,Dec 29 2018  4:24PM,1
41,Seoul,2015,7,Walking_old_man,Seoul,Dec 29 2018  4:24PM,1
42,Busan,2015,4,Walking_old_man,Busan,Dec 29 2018  4:24PM,1
45,Incheon,2015,3,Walking_old_man,Incheon,Dec 29 2018  4:24PM,1
47,Daejeon,2015,3,Walking_old_man,Daejeon,Dec 29 2018  4:24PM,1
51,Seoul,2015,8,Bicycle,Seoul,Dec 29 2018  4:24PM,1
48,Jeollanamdo,2015,3,Walking_old_man,Jeollanamdo,Dec 29 2018  4:24PM,1
48,Jeollanamdo,2015,3,Walking_old_man,Jeollanamdo,Dec 29 2018  4:24PM,1
39,Busan,2015,3,Walking_children,Busan,Dec 29 2018  4:24PM,1
39,Seoul,2015,3,Walking_children,Seoul,Dec 29 2018  4:24PM,1
49,Seoul,2015,6,Bicycle,Seoul,Dec 29 2018  4:24PM,1
39,Chungcheongbukdo,2015,3,Walking_children,Chungcheongbukdo,Dec 29 2018  4:24PM,1
40,Jeollanamdo,2015,3,Walking_children,Jeollanamdo,Dec 29 2018  4:24PM,1
46,Gwangju,2015,2,Walking_old_man,Gwangju,Dec 29 2018  4:24PM,1
42,Busan,2015,8,Walking_old_man,Busan,Dec 29 2018  4:24PM,1
39,Seoul,2015,3,Walking_children,Seoul,Dec 29 2018  4:24PM,1
39,Seoul,2015,4,Walking_children,Seoul,Jan  4 2018  8:04PM,1
39,Seoul,2015,3,Walking_children,Seoul,Jan  4 2018  8:04PM,1
45,Incheon,2015,4,Walking_old_man,Incheon,Jan  4 2018  8:04PM,1
45,Incheon,2015,4,Walking_old_man,Incheon,Jan  4 2018  8:04PM,1
41,Seoul,2015,3,Walking_old_man,Seoul,Jan  4 2018  8:04PM,0
48,Jeollanamdo,2015,6,Walking_old_man,Jeollanamdo,Jan  4 2018  8:04PM,1
48,Jeollanamdo,2015,3,Walking_old_man,Jeollanamdo,Jan  4 2018  8:04PM,1
47,Daejeon,2015,3,Walking_old_man,Daejeon,Jan  4 2018  8:04PM,1
53,Seoul,2015,7,Bicycle,Seoul,Jan  4 2018  8:04PM,1
55,Daegu,2015,6,Bicycle,Daegu,Jan  4 2018  8:04PM,1
48,Jeollanamdo,2015,5,Walking_old_man,Jeollanamdo,Jan  4 2018  8:04PM,1
45,Incheon,2015,4,Walking_old_man,Incheon,Jan  4 2018  8:04PM,1
48,Jeollanamdo,2015,3,Walking_old_man,Jeollanamdo,Jan  4 2018  8:04PM,1
53,Seoul,2015,8,Bicycle,Seoul,Jan  4 2018  8:04PM,1
48,Jeollanamdo,2015,4,Walking_old_man,Jeollanamdo,Jan  4 2018  8:04PM,1
41,Seoul,2015,3,Walking_old_man,Seoul,Jan  4 2018  8:04PM,1
48,Jeollanamdo,2015,5,Walking_old_man,Jeollanamdo,Jan  4 2018  8:04PM,1
55,Daegu,2015,5,Bicycle,Daegu,Jan  4 2018  8:04PM,1
55,Daegu,2015,5,Bicycle,Daegu,Jan  4 2018  8:04PM,1
48,Jeollanamdo,2015,2,Walking_old_man,Jeollanamdo,Jan  4 2018  8:04PM,1
48,Jeollanamdo,2015,6,Walking_old_man,Jeollanamdo,Jan  4 2018  8:04PM,1
39,Seoul,2015,3,Walking_children,Seoul,Jan  4 2018  8:04PM,1
48,Jeollanamdo,2015,2,Walking_old_man,Jeollanamdo,Jan  4 2018  8:04PM,1
48,Jeollanamdo,2015,13,Walking_old_man,Jeollanamdo,Jan  4 2018  8:04PM,1
48,Jeollanamdo,2015,9,Walking_old_man,Jeollanamdo,Jan  4 2018  8:04PM,1
51,Seoul,2015,4,Bicycle,Seoul,Jan  4 2018  8:04PM,1
48,Jeollanamdo,2015,3,Walking_old_man,Jeollanamdo,Jan  4 2018  8:04PM,1
39,Seoul,2015,3,Walking_children,Seoul,Jan  4 2018  8:04PM,1
48,Jeollanamdo,2015,3,Walking_old_man,Jeollanamdo,Jan  4 2018  8:04PM,1
51,Seoul,2015,5,Bicycle,Seoul,Jan  4 2018  8:04PM,1
42,Busan,2015,3,Walking_old_man,Busan,Jan  4 2018  8:04PM,1
48,Jeju,2015,5,Walking_old_man,Jeju,Jan  4 2018  8:04PM,1
48,Gyeongsangnamdo,2015,5,Walking_old_man,Gyeongsangnamdo,Jan  4 2018  8:04PM,1
48,Gyeongsangbukdo,2015,3,Walking_old_man,Gyeongsangbukdo,Jan  4 2018  8:04PM,1
42,Busan,2015,4,Walking_old_man,Busan,Jan  4 2018  8:04PM,1
53,Busan,2015,5,Bicycle,Busan,Jan  4 2018  8:04PM,1
53,Busan,2015,4,Bicycle,Busan,Jan  4 2018  8:04PM,1
48,Jeju,2015,5,Walking_old_man,Jeju,Jan  4 2018  8:04PM,1
48,Jeju,2015,6,Walking_old_man,Jeju,Jan  4 2018  8:04PM,1
48,Gyeongsangnamdo,2015,3,Walking_old_man,Gyeongsangnamdo,Jan  4 2018  8:04PM,1
42,Busan,2015,5,Walking_old_man,Busan,Jan  4 2018  8:04PM,1
49,Seoul,2015,6,Bicycle,Seoul,Jan  4 2018  8:04PM,1
48,Gyeongsangnamdo,2015,3,Walking_old_man,Gyeongsangnamdo,Jan  4 2018  8:04PM,1
48,Gyeongsangnamdo,2015,4,Walking_old_man,Gyeongsangnamdo,Jan  4 2018  8:04PM,1
48,Gyeongsangnamdo,2015,2,Walking_old_man,Gyeongsangnamdo,Jan  4 2018  8:04PM,1
39,Ulsan,2015,3,Walking_children,Ulsan,Jan  4 2018  8:04PM,1
51,Seoul,2015,5,Bicycle,Seoul,Jan  4 2018  8:04PM,1
45,Incheon,2015,3,Walking_old_man,Incheon,Jan  4 2018  8:04PM,1
41,Seoul,2015,5,Walking_old_man,Seoul,Jan  4 2018  8:04PM,1
48,Gyeongsangnamdo,2015,3,Walking_old_man,Gyeongsangnamdo,Jan  4 2018  8:04PM,1
54,Daegu,2015,6,Bicycle,Daegu,Jan  4 2018  8:04PM,1
54,Daegu,2015,5,Bicycle,Daegu,Jan  4 2018  8:04PM,1
54,Daegu,2015,5,Bicycle,Daegu,Jan  4 2018  8:04PM,1
48,Gyeongsangnamdo,2015,3,Walking_old_man,Gyeongsangnamdo,Jan  4 2018  8:04PM,1
48,Gyeongsangnamdo,2015,3,Walking_old_man,Gyeongsangnamdo,Jan  4 2018  8:04PM,1
48,Gyeongsangnamdo,2015,7,Walking_old_man,Gyeongsangnamdo,Jan  4 2018  8:04PM,1
47,Gyeonggi,2015,3,Walking_old_man,Gyeonggi,Jan  4 2018  8:04PM,1
39,Ulsan,2015,3,Walking_children,Ulsan,Jan  4 2018  8:04PM,1
39,Ulsan,2015,3,Walking_children,Ulsan,Jan  4 2018  8:04PM,1
54,Daegu,2015,7,Bicycle,Daegu,Jan  4 2018  8:04PM,1
48,Gyeongsangnamdo,2015,3,Walking_old_man,Gyeongsangnamdo,Jan  4 2018  8:04PM,1
48,Gyeongsangnamdo,2015,3,Walking_old_man,Gyeongsangnamdo,Jan  4 2018  8:04PM,1
39,Daejeon,2015,4,Walking_children,Daejeon,Jan  4 2018  8:04PM,1
39,Daejeon,2015,3,Walking_children,Daejeon,Jan  4 2018  8:04PM,1
39,Ulsan,2015,3,Walking_children,Ulsan,Jan  4 2018  8:04PM,1
39,Daejeon,2015,3,Walking_children,Daejeon,Jan  4 2018  8:04PM,1
48,Gyeongsangnamdo,2015,3,Walking_old_man,Gyeongsangnamdo,Jan  4 2018  8:04PM,1
41,Seoul,2015,3,Walking_old_man,Seoul,Jan  4 2018  8:04PM,1
41,Seoul,2015,6,Walking_old_man,Seoul,Jan  4 2018  8:04PM,1
41,Seoul,2015,5,Walking_old_man,Seoul,Jan  4 2018  8:04PM,1
40,Gyeongsangnamdo,2015,3,Walking_children,Gyeongsangnamdo,Jan  4 2018  8:04PM,1
41,Seoul,2015,5,Walking_old_man,Seoul,Jan  4 2018  8:04PM,1
41,Seoul,2015,5,Walking_old_man,Seoul,Jan  4 2018  8:04PM,1
41,Seoul,2015,4,Walking_old_man,Seoul,Jan  4 2018  8:04PM,1
41,Seoul,2015,3,Walking_old_man,Seoul,Jan  4 2018  8:04PM,1
47,Gyeonggi,2015,4,Walking_old_man,Gyeonggi,Jan  4 2018  8:04PM,1
48,Gyeongsangnamdo,2015,5,Walking_old_man,Gyeongsangnamdo,Jan  4 2018  8:04PM,1
49,Seoul,2015,4,Bicycle,Seoul,Jan  4 2018  8:04PM,1
49,Seoul,2015,9,Bicycle,Seoul,Jan  4 2018  8:04PM,1
53,Busan,2015,6,Bicycle,Busan,Jan  4 2018  8:04PM,1
40,Gyeongsangbukdo,2015,3,Walking_children,Gyeongsangbukdo,Jan  4 2018  8:04PM,1
40,Gyeongsangnamdo,2015,3,Walking_children,Gyeongsangnamdo,Jan  4 2018  8:04PM,1
48,Gyeongsangnamdo,2015,3,Walking_old_man,Gyeongsangnamdo,Jan  4 2018  8:04PM,1
53,Busan,2015,12,Bicycle,Busan,Jan  4 2018  8:04PM,1
48,Gyeongsangnamdo,2015,3,Walking_old_man,Gyeongsangnamdo,Jan  4 2018  8:04PM,1
48,Gyeongsangnamdo,2015,3,Walking_old_man,Gyeongsangnamdo,Jan  4 2018  8:04PM,1
48,Gyeongsangnamdo,2015,4,Walking_old_man,Gyeongsangnamdo,Jan  4 2018  8:04PM,1
48,Gyeongsangnamdo,2015,8,Walking_old_man,Gyeongsangnamdo,Jan  4 2018  8:04PM,1
48,Gyeongsangnamdo,2015,4,Walking_old_man,Gyeongsangnamdo,Jan  4 2018  8:04PM,1
50,Seoul,2015,5,Bicycle,Seoul,Jan  4 2018  8:04PM,1
48,Gyeongsangnamdo,2015,4,Walking_old_man,Gyeongsangnamdo,Jan  4 2018  8:04PM,1
55,Daegu,2015,4,Bicycle,Daegu,Jan  4 2018  8:04PM,1
39,Daejeon,2015,4,Walking_children,Daejeon,Jan  4 2018  8:04PM,1
39,Daejeon,2015,4,Walking_children,Daejeon,Jan  4 2018  8:04PM,1
45,Incheon,2015,3,Walking_old_man,Incheon,Jan  4 2018  8:04PM,1
53,Busan,2015,6,Bicycle,Busan,Jan  4 2018  8:04PM,1
39,Gwangju,2015,3,Walking_children,Gwangju,Jan  4 2018  8:04PM,1
51,Seoul,2015,5,Bicycle,Seoul,Jan  4 2018  8:04PM,1
47,Gyeonggi,2015,4,Walking_old_man,Gyeonggi,Jan  4 2018  8:04PM,1
42,Busan,2015,7,Walking_old_man,Busan,Jan  4 2018  8:04PM,1
51,Seoul,2015,6,Bicycle,Seoul,Jan  4 2018  8:04PM,1
51,Seoul,2015,5,Bicycle,Seoul,Jan  4 2018  8:04PM,1
48,Gyeongsangnamdo,2015,4,Walking_old_man,Gyeongsangnamdo,Jan  4 2018  8:04PM,1
48,Gyeongsangnamdo,2015,5,Walking_old_man,Gyeongsangnamdo,Jan  4 2018  8:04PM,1
48,Gyeongsangnamdo,2015,4,Walking_old_man,Gyeongsangnamdo,Jan  4 2018  8:04PM,1
48,Gyeongsangnamdo,2015,6,Walking_old_man,Gyeongsangnamdo,Jan  4 2018  8:04PM,1
48,Seoul,2015,8,Bicycle,Seoul,Jan  4 2018  8:04PM,1
55,Daegu,2015,4,Bicycle,Daegu,Jan  4 2018  8:04PM,1
45,Incheon,2015,4,Walking_old_man,Incheon,Jan  4 2018  8:04PM,1
39,Gwangju,2015,3,Walking_children,Gwangju,Jan  4 2018  8:04PM,1
53,Seoul,2015,4,Bicycle,Seoul,Jan  4 2018  8:04PM,1
53,Seoul,2015,4,Bicycle,Seoul,Jan  4 2018  8:04PM,1
39,Chungcheongbukdo,2015,2,School_zone_children,Chungcheongbukdo,Jan  4 2018  8:04PM,1
39,Chungcheongbukdo,2015,2,School_zone_children,Chungcheongbukdo,Jan  4 2018  8:04PM,2
45,Daegu,2015,8,Walking_old_man,Daegu,Jan  4 2018  8:04PM,2
45,Daegu,2015,6,Walking_old_man,Daegu,Jan  4 2018  8:04PM,2
45,Daegu,2015,5,Walking_old_man,Daegu,Jan  4 2018  8:04PM,2
45,Daegu,2015,4,Walking_old_man,Daegu,Jan  4 2018  8:04PM,2
45,Daegu,2015,4,Walking_old_man,Daegu,Jan  4 2018  8:04PM,2
42,Seoul,2015,3,Walking_old_man,Seoul,Jan  4 2018  8:04PM,2
39,Gyeonggi,2015,2,School_zone_children,Gyeonggi,Jan  4 2018  8:04PM,2
39,Chungcheongbukdo,2015,2,School_zone_children,Chungcheongbukdo,Jan  4 2018  8:04PM,2
39,Chungcheongbukdo,2015,2,School_zone_children,Chungcheongbukdo,Jan  4 2018  8:04PM,2
48,Gangwon,2015,4,Walking_old_man,Gangwon,Jan  4 2018  8:04PM,1
42,Seoul,2015,3,Walking_old_man,Seoul,Jan  4 2018  8:04PM,2
42,Seoul,2015,3,Walking_old_man,Seoul,Jan  4 2018  8:04PM,2
42,Seoul,2015,3,Walking_old_man,Seoul,Jan  4 2018  8:04PM,2
42,Seoul,2015,3,Walking_old_man,Seoul,Jan  4 2018  8:04PM,2
42,Seoul,2015,4,Walking_old_man,Seoul,Jan  4 2018  8:04PM,2
48,Gangwon,2015,3,Walking_old_man,Gangwon,Jan  4 2018  8:04PM,2
48,Gangwon,2015,4,Walking_old_man,Gangwon,Jan  4 2018  8:04PM,2
53,Seoul,2015,5,Bicycle,Seoul,Jan  4 2018  8:04PM,1
51,Seoul,2015,9,Bicycle,Seoul,Jan  4 2018  8:04PM,2
41,Gyeongsangnamdo,2015,3,Walking_children,Gyeongsangnamdo,Jan  4 2018  8:04PM,2
41,Gyeongsangnamdo,2015,3,Walking_children,Gyeongsangnamdo,Jan  4 2018  8:04PM,2
55,Daegu,2015,5,Bicycle,Daegu,Jan  4 2018  8:04PM,2
55,Daegu,2015,4,Bicycle,Daegu,Jan  4 2018  8:04PM,2
53,Seoul,2015,5,Bicycle,Seoul,Jan  4 2018  8:04PM,1
53,Seoul,2015,7,Bicycle,Seoul,Jan  4 2018  8:04PM,2
53,Seoul,2015,6,Bicycle,Seoul,Jan  4 2018  8:04PM,2
53,Seoul,2015,6,Bicycle,Seoul,Jan  4 2018  8:04PM,2
53,Seoul,2015,6,Bicycle,Seoul,Jan  4 2018  8:04PM,2
53,Seoul,2015,6,Bicycle,Seoul,Jan  4 2018  8:04PM,2
53,Seoul,2015,6,Bicycle,Seoul,Jan  4 2018  8:04PM,2
53,Seoul,2015,6,Bicycle,Seoul,Jan  4 2018  8:04PM,2
53,Seoul,2015,5,Bicycle,Seoul,Jan  4 2018  8:04PM,2
48,Gangwon,2015,3,Walking_old_man,Gangwon,Jan  4 2018  8:04PM,1
48,Gangwon,2015,3,Walking_old_man,Gangwon,Jan  4 2018  8:04PM,2
48,Gangwon,2015,5,Walking_old_man,Gangwon,Jan  4 2018  8:04PM,2
48,Gangwon,2015,4,Walking_old_man,Gangwon,Jan  4 2018  8:04PM,2
39,Daegu,2015,3,School_zone_children,Daegu,Jan  4 2018  8:04PM,2
39,Incheon,2015,2,School_zone_children,Incheon,Jan  4 2018  8:04PM,2
39,Incheon,2015,2,School_zone_children,Incheon,Jan  4 2018  8:04PM,2
39,Incheon,2015,2,School_zone_children,Incheon,Jan  4 2018  8:04PM,2
39,Gwangju,2015,2,School_zone_children,Gwangju,Jan  4 2018  8:04PM,2
39,Daejeon,2015,2,School_zone_children,Daejeon,Jan  4 2018  8:04PM,2
39,Ulsan,2015,2,School_zone_children,Ulsan,Jan  4 2018  8:04PM,2
39,Ulsan,2015,2,School_zone_children,Ulsan,Jan  4 2018  8:04PM,2
39,Gyeonggi,2015,2,School_zone_children,Gyeonggi,Jan  4 2018  8:04PM,2
39,Gyeonggi,2015,2,School_zone_children,Gyeonggi,Jan  4 2018  8:04PM,2
39,Gyeonggi,2015,1,School_zone_children,Gyeonggi,Jan  4 2018  8:04PM,2
39,Gyeonggi,2015,2,School_zone_children,Gyeonggi,Jan  4 2018  8:04PM,2
39,Gyeonggi,2015,2,School_zone_children,Gyeonggi,Jan  4 2018  8:04PM,2
39,Gyeonggi,2015,3,School_zone_children,Gyeonggi,Jan  4 2018  8:04PM,2
42,Seoul,2015,3,Walking_old_man,Seoul,Jan  4 2018  8:04PM,1
42,Seoul,2015,5,Walking_old_man,Seoul,Jan  4 2018  8:04PM,1
41,Gyeongsangnamdo,2015,3,Walking_children,Gyeongsangnamdo,Jan  4 2018  8:04PM,1
41,Gyeongsangnamdo,2015,3,Walking_children,Gyeongsangnamdo,Jan  4 2018  8:04PM,1
45,Daegu,2015,3,Walking_old_man,Daegu,Jan  4 2018  8:04PM,1
53,Seoul,2015,7,Bicycle,Seoul,Jan  4 2018  8:04PM,1
48,Gangwon,2015,3,Walking_old_man,Gangwon,Jan  4 2018  8:04PM,2
42,Seoul,2015,4,Walking_old_man,Seoul,Jan  4 2018  8:04PM,2
42,Seoul,2015,3,Walking_old_man,Seoul,Jan  4 2018  8:04PM,2
42,Seoul,2015,4,Walking_old_man,Seoul,Jan  4 2018  8:04PM,2
42,Seoul,2015,4,Walking_old_man,Seoul,Jan  4 2018  8:04PM,2
42,Seoul,2015,4,Walking_old_man,Seoul,Jan  4 2018  8:04PM,2
42,Seoul,2015,3,Walking_old_man,Seoul,Jan  4 2018  8:04PM,2
42,Seoul,2015,3,Walking_old_man,Seoul,Jan  4 2018  8:04PM,2
42,Seoul,2015,6,Walking_old_man,Seoul,Jan  4 2018  8:04PM,2
42,Seoul,2015,4,Walking_old_man,Seoul,Jan  4 2018  8:04PM,2
42,Seoul,2015,6,Walking_old_man,Seoul,Jan  4 2018  8:04PM,2
42,Seoul,2015,5,Walking_old_man,Seoul,Jan  4 2018  8:04PM,2
42,Seoul,2015,4,Walking_old_man,Seoul,Jan  4 2018  8:04PM,2
42,Seoul,2015,3,Walking_old_man,Seoul,Jan  4 2018  8:04PM,2
42,Seoul,2015,3,Walking_old_man,Seoul,Jan  4 2018  8:04PM,2
42,Seoul,2015,2,Walking_old_man,Seoul,Jan  4 2018  8:04PM,2
42,Seoul,2015,7,Walking_old_man,Seoul,Jan  4 2018  8:04PM,2
42,Seoul,2015,6,Walking_old_man,Seoul,Jan  4 2018  8:04PM,2
42,Seoul,2015,5,Walking_old_man,Seoul,Jan  4 2018  8:04PM,2
42,Seoul,2015,4,Walking_old_man,Seoul,Jan  4 2018  8:04PM,2
42,Seoul,2015,5,Walking_old_man,Seoul,Jan  4 2018  8:04PM,2
42,Seoul,2015,5,Walking_old_man,Seoul,Jan  4 2018  8:04PM,2
42,Seoul,2015,4,Walking_old_man,Seoul,Jan  4 2018  8:04PM,2
42,Seoul,2015,4,Walking_old_man,Seoul,Jan  4 2018  8:04PM,2
42,Seoul,2015,4,Walking_old_man,Seoul,Jan  4 2018  8:04PM,2
42,Seoul,2015,4,Walking_old_man,Seoul,Jan  4 2018  8:04PM,2
42,Seoul,2015,4,Walking_old_man,Seoul,Jan  4 2018  8:04PM,2
51,Seoul,2015,4,Bicycle,Seoul,Jan  4 2018  8:04PM,1
47,Daejeon,2015,3,Walking_old_man,Daejeon,Jan  4 2018  8:04PM,1
48,Gyeonggi,2015,5,Walking_old_man,Gyeonggi,Jan  4 2018  8:04PM,1
42,Seoul,2015,5,Walking_old_man,Seoul,Jan  4 2018  8:04PM,1
42,Seoul,2015,5,Walking_old_man,Seoul,Jan  4 2018  8:04PM,1
42,Seoul,2015,5,Walking_old_man,Seoul,Jan  4 2018  8:04PM,1
42,Seoul,2015,5,Walking_old_man,Seoul,Jan  4 2018  8:04PM,1
39,Daegu,2015,1,School_zone_children,Daegu,Jan  4 2018  8:04PM,1
39,Daegu,2015,1,School_zone_children,Daegu,Jan  4 2018  8:04PM,1
48,Gyeonggi,2015,3,Walking_old_man,Gyeonggi,Jan  4 2018  8:04PM,2
53,Seoul,2015,7,Bicycle,Seoul,Jan  4 2018  8:04PM,2
53,Seoul,2015,7,Bicycle,Seoul,Jan  4 2018  8:04PM,2
48,Gangwon,2015,3,Walking_old_man,Gangwon,Jan  4 2018  8:04PM,2
39,Busan,2015,1,School_zone_children,Busan,Jan  4 2018  8:04PM,2
39,Daegu,2015,2,School_zone_children,Daegu,Jan  4 2018  8:04PM,2
42,Seoul,2015,3,Walking_old_man,Seoul,Jan  4 2018  8:04PM,1
42,Seoul,2015,3,Walking_old_man,Seoul,Jan  4 2018  8:04PM,1
51,Seoul,2015,6,Bicycle,Seoul,Jan  4 2018  8:04PM,2
51,Seoul,2015,4,Bicycle,Seoul,Jan  4 2018  8:04PM,2
51,Seoul,2015,4,Bicycle,Seoul,Feb  4 2018  8:219PM,2
51,Seoul,2015,4,Bicycle,Seoul,Feb  4 2018  8:219PM,2
51,Seoul,2015,4,Bicycle,Seoul,Feb  4 2018  8:219PM,2
48,Gyeonggi,2015,4,Walking_old_man,Gyeonggi,Feb  4 2018  8:219PM,1
48,Gyeonggi,2015,3,Walking_old_man,Gyeonggi,Feb  4 2018  8:219PM,2
48,Gyeonggi,2015,3,Walking_old_man,Gyeonggi,Feb  4 2018  8:219PM,2
48,Gyeonggi,2015,6,Walking_old_man,Gyeonggi,Feb  4 2018  8:219PM,2
48,Gyeonggi,2015,4,Walking_old_man,Gyeonggi,Feb  4 2018  8:219PM,2
48,Gyeonggi,2015,3,Walking_old_man,Gyeonggi,Feb  4 2018  8:219PM,2
48,Gyeonggi,2015,6,Walking_old_man,Gyeonggi,Feb  4 2018  8:219PM,2
48,Gyeonggi,2015,4,Walking_old_man,Gyeonggi,Feb  4 2018  8:219PM,2
48,Gyeonggi,2015,4,Walking_old_man,Gyeonggi,Feb  4 2018  8:219PM,2
48,Gyeonggi,2015,3,Walking_old_man,Gyeonggi,Feb  4 2018  8:219PM,2
48,Gyeonggi,2015,6,Walking_old_man,Gyeonggi,Feb  4 2018  8:219PM,2
48,Gyeonggi,2015,5,Walking_old_man,Gyeonggi,Feb  4 2018  8:219PM,2
48,Gyeonggi,2015,3,Walking_old_man,Gyeonggi,Feb  4 2018  8:219PM,2
48,Gyeonggi,2015,3,Walking_old_man,Gyeonggi,Feb  4 2018  8:219PM,2
48,Gyeonggi,2015,5,Walking_old_man,Gyeonggi,Feb  4 2018  8:219PM,2
48,Gyeonggi,2015,3,Walking_old_man,Gyeonggi,Feb  4 2018  8:219PM,2
48,Gyeonggi,2015,3,Walking_old_man,Gyeonggi,Feb  4 2018  8:219PM,2
48,Gyeonggi,2015,6,Walking_old_man,Gyeonggi,Feb  4 2018  8:219PM,2
48,Gyeonggi,2015,5,Walking_old_man,Gyeonggi,Feb  4 2018  8:219PM,2
48,Gyeonggi,2015,6,Walking_old_man,Gyeonggi,Feb  4 2018  8:219PM,2
48,Gyeonggi,2015,5,Walking_old_man,Gyeonggi,Feb  4 2018  8:219PM,2
48,Gyeonggi,2015,4,Walking_old_man,Gyeonggi,Feb  4 2018  8:219PM,2
48,Gyeonggi,2015,3,Walking_old_man,Gyeonggi,Feb  4 2018  8:219PM,2
48,Gyeonggi,2015,6,Walking_old_man,Gyeonggi,Feb  4 2018  8:219PM,2
48,Gyeonggi,2015,3,Walking_old_man,Gyeonggi,Feb  4 2018  8:219PM,2
48,Gyeonggi,2015,5,Walking_old_man,Gyeonggi,Feb  4 2018  8:219PM,2
48,Gyeonggi,2015,4,Walking_old_man,Gyeonggi,Feb  4 2018  8:219PM,2
48,Gyeonggi,2015,3,Walking_old_man,Gyeonggi,Feb  4 2018  8:219PM,2
48,Gyeonggi,2015,3,Walking_old_man,Gyeonggi,Feb  4 2018  8:219PM,2
48,Gyeonggi,2015,3,Walking_old_man,Gyeonggi,Feb  4 2018  8:219PM,2
48,Gyeonggi,2015,5,Walking_old_man,Gyeonggi,Feb  4 2018  8:219PM,2
48,Gyeonggi,2015,3,Walking_old_man,Gyeonggi,Feb  4 2018  8:219PM,2
48,Gyeonggi,2015,3,Walking_old_man,Gyeonggi,Feb  4 2018  8:219PM,2
48,Gyeonggi,2015,3,Walking_old_man,Gyeonggi,Feb  4 2018  8:219PM,2
48,Gyeonggi,2015,4,Walking_old_man,Gyeonggi,Feb  4 2018  8:219PM,1
48,Gyeonggi,2015,3,Walking_old_man,Gyeonggi,Feb  4 2018  8:219PM,2
48,Gangwon,2015,4,Walking_old_man,Gangwon,Feb  4 2018  8:219PM,2
42,Seoul,2015,8,Walking_old_man,Seoul,Feb  4 2018  8:219PM,2
42,Seoul,2015,6,Walking_old_man,Seoul,Feb  4 2018  8:219PM,2
42,Seoul,2015,6,Walking_old_man,Seoul,Feb  4 2018  8:219PM,2
42,Seoul,2015,4,Walking_old_man,Seoul,Feb  4 2018  8:219PM,2
42,Seoul,2015,3,Walking_old_man,Seoul,Feb  4 2018  8:219PM,2
48,Gyeonggi,2015,3,Walking_old_man,Gyeonggi,Feb  4 2018  8:219PM,2
48,Gyeonggi,2015,5,Walking_old_man,Gyeonggi,Feb  4 2018  8:219PM,2
48,Gyeonggi,2015,4,Walking_old_man,Gyeonggi,Feb  4 2018  8:219PM,2
48,Gyeonggi,2015,3,Walking_old_man,Gyeonggi,Feb  4 2018  8:219PM,2
48,Gyeonggi,2015,3,Walking_old_man,Gyeonggi,Feb  4 2018  8:219PM,2
48,Gyeonggi,2015,8,Walking_old_man,Gyeonggi,Feb  4 2018  8:219PM,2
48,Gyeonggi,2015,3,Walking_old_man,Gyeonggi,Feb  4 2018  8:219PM,2
48,Gyeonggi,2015,10,Walking_old_man,Gyeonggi,Feb  4 2018  8:219PM,2
48,Gyeonggi,2015,8,Walking_old_man,Gyeonggi,Feb  4 2018  8:219PM,2
48,Gyeonggi,2015,5,Walking_old_man,Gyeonggi,Feb  4 2018  8:219PM,2
48,Gyeonggi,2015,4,Walking_old_man,Gyeonggi,Feb  4 2018  8:219PM,2
48,Gyeonggi,2015,3,Walking_old_man,Gyeonggi,Feb  4 2018  8:219PM,2
48,Gyeonggi,2015,4,Walking_old_man,Gyeonggi,Feb  4 2018  8:219PM,0
46,Gwangju,2015,4,Walking_old_man,Gwangju,Feb  4 2018  8:219PM,2
46,Gwangju,2015,3,Walking_old_man,Gwangju,Feb  4 2018  8:219PM,2
46,Gwangju,2015,3,Walking_old_man,Gwangju,Feb  4 2018  8:219PM,2
46,Gwangju,2015,3,Walking_old_man,Gwangju,Feb  4 2018  8:219PM,2
46,Gwangju,2015,5,Walking_old_man,Gwangju,Feb  4 2018  8:219PM,1
46,Gwangju,2015,4,Walking_old_man,Gwangju,Feb  4 2018  8:219PM,2
46,Gwangju,2015,4,Walking_old_man,Gwangju,Feb  4 2018  8:219PM,2
46,Gwangju,2015,3,Walking_old_man,Gwangju,Feb  4 2018  8:219PM,2
46,Gwangju,2015,3,Walking_old_man,Gwangju,Feb  4 2018  8:219PM,2
46,Gwangju,2015,3,Walking_old_man,Gwangju,Feb  4 2018  8:219PM,2
46,Gwangju,2015,5,Walking_old_man,Gwangju,Feb  4 2018  8:219PM,2
46,Gwangju,2015,4,Walking_old_man,Gwangju,Feb  4 2018  8:219PM,2
46,Gwangju,2015,3,Walking_old_man,Gwangju,Feb  4 2018  8:219PM,2
46,Gwangju,2015,3,Walking_old_man,Gwangju,Feb  4 2018  8:219PM,2
46,Gwangju,2015,3,Walking_old_man,Gwangju,Feb  4 2018  8:219PM,2
46,Gwangju,2015,3,Walking_old_man,Gwangju,Feb  4 2018  8:219PM,2
42,Seoul,2015,3,Walking_old_man,Seoul,Feb  4 2018  8:219PM,1
42,Seoul,2015,3,Walking_old_man,Seoul,Feb  4 2018  8:219PM,1
42,Seoul,2015,3,Walking_old_man,Seoul,Feb  4 2018  8:219PM,1
42,Seoul,2015,3,Walking_old_man,Seoul,Feb  4 2018  8:219PM,1
48,Gyeonggi,2015,4,Walking_old_man,Gyeonggi,Feb  4 2018  8:219PM,2
48,Gyeonggi,2015,3,Walking_old_man,Gyeonggi,Feb  4 2018  8:219PM,2
53,Seoul,2015,5,Bicycle,Seoul,Feb  4 2018  8:219PM,1
53,Seoul,2015,4,Bicycle,Seoul,Feb  4 2018  8:219PM,1
53,Seoul,2015,4,Bicycle,Seoul,Feb  4 2018  8:219PM,1
53,Seoul,2015,7,Bicycle,Seoul,Feb  4 2018  8:219PM,1
53,Seoul,2015,7,Bicycle,Seoul,Feb  4 2018  8:219PM,1
53,Seoul,2015,6,Bicycle,Seoul,Feb  4 2018  8:219PM,1
42,Seoul,2015,3,Walking_old_man,Seoul,Feb  4 2018  8:219PM,1
45,Daegu,2015,3,Walking_old_man,Daegu,Feb  4 2018  8:219PM,1
53,Seoul,2015,5,Bicycle,Seoul,Feb  4 2018  8:219PM,1
39,Busan,2015,1,School_zone_children,Busan,Feb  4 2018  8:219PM,1
53,Seoul,2015,6,Bicycle,Seoul,Feb  4 2018  8:219PM,2
53,Seoul,2015,5,Bicycle,Seoul,Feb  4 2018  8:219PM,2
53,Seoul,2015,5,Bicycle,Seoul,Feb  4 2018  8:219PM,2
53,Seoul,2015,4,Bicycle,Seoul,Feb  4 2018  8:219PM,2
,Seoul,2015,12,Bicycle,Seoul,Feb  4 2018  8:219PM,2
53,Seoul,2015,10,Bicycle,Seoul,Feb  4 2018  8:219PM,2
53,Seoul,2015,10,Bicycle,Seoul,Feb  4 2018  8:219PM,2
53,Seoul,2015,10,Bicycle,Seoul,Feb  4 2018  8:219PM,2
53,Seoul,2015,9,Bicycle,Seoul,Feb  4 2018  8:219PM,2
53,Seoul,2015,8,Bicycle,Seoul,Feb  4 2018  8:219PM,2
47,Daejeon,2015,3,Walking_old_man,Daejeon,Feb  4 2018  8:219PM,1
47,Daejeon,2015,3,Walking_old_man,Daejeon,Feb  4 2018  8:219PM,1
42,Seoul,2015,3,Walking_old_man,Seoul,Feb  4 2018  8:219PM,2
42,Seoul,2015,7,Walking_old_man,Seoul,Feb  4 2018  8:219PM,2
42,Seoul,2015,5,Walking_old_man,Seoul,Feb  4 2018  8:219PM,2
42,Seoul,2015,4,Walking_old_man,Seoul,Feb  4 2018  8:219PM,2
42,Seoul,2015,4,Walking_old_man,Seoul,Feb  4 2018  8:219PM,2
48,Gyeonggi,2015,3,Walking_old_man,Gyeonggi,Feb  4 2018  8:219PM,1
48,Gyeonggi,2015,5,Walking_old_man,Gyeonggi,Feb  4 2018  8:219PM,2
42,Seoul,2015,4,Walking_old_man,Seoul,Feb  4 2018  8:219PM,2
42,Seoul,2015,4,Walking_old_man,Seoul,Feb  4 2018  8:219PM,2
42,Seoul,2015,4,Walking_old_man,Seoul,Feb  4 2018  8:219PM,2
42,Seoul,2015,3,Walking_old_man,Seoul,Feb  4 2018  8:219PM,2
39,Busan,2015,1,School_zone_children,Busan,Feb  4 2018  8:219PM,1
48,Gyeonggi,2015,3,Walking_old_man,Gyeonggi,Feb  4 2018  8:219PM,1
48,Gyeonggi,2015,5,Walking_old_man,Gyeonggi,Feb  4 2018  8:219PM,2
48,Gyeonggi,2015,4,Walking_old_man,Gyeonggi,Feb  4 2018  8:219PM,2
48,Gyeonggi,2015,7,Walking_old_man,Gyeonggi,Feb  4 2018  8:219PM,2
48,Gyeonggi,2015,3,Walking_old_man,Gyeonggi,Feb  4 2018  8:219PM,2
48,Gyeonggi,2015,3,Walking_old_man,Gyeonggi,Feb  4 2018  8:219PM,2
53,Seoul,2015,6,Bicycle,Seoul,Feb  4 2018  8:219PM,1
55,Daegu,2015,5,Bicycle,Daegu,Feb  4 2018  8:219PM,1
47,Daejeon,2015,4,Walking_old_man,Daejeon,Mar  4 2018  8:219PM,1
47,Daejeon,2015,4,Walking_old_man,Daejeon,Mar  4 2018  8:219PM,1
55,Daegu,2015,5,Bicycle,Daegu,Mar  4 2018  8:219PM,2
55,Daegu,2015,5,Bicycle,Daegu,Mar  4 2018  8:219PM,2
55,Daegu,2015,5,Bicycle,Daegu,Mar  4 2018  8:219PM,2
44,Daegu,2015,4,Walking_old_man,Daegu,Mar  4 2018  8:219PM,1
48,Gyeonggi,2015,3,Walking_old_man,Gyeonggi,Mar  4 2018  8:219PM,2
48,Gyeonggi,2015,3,Walking_old_man,Gyeonggi,Mar  4 2018  8:219PM,2
42,Seoul,2015,3,Walking_old_man,Seoul,Mar  4 2018  8:219PM,2
42,Seoul,2015,7,Walking_old_man,Seoul,Mar  4 2018  8:219PM,2
42,Seoul,2015,5,Walking_old_man,Seoul,Mar  4 2018  8:219PM,2
42,Seoul,2015,5,Walking_old_man,Seoul,Mar  4 2018  8:219PM,2
42,Seoul,2015,3,Walking_old_man,Seoul,Mar  4 2018  8:219PM,2
42,Seoul,2015,3,Walking_old_man,Seoul,Mar  4 2018  8:219PM,1
42,Seoul,2015,3,Walking_old_man,Seoul,Mar  4 2018  8:219PM,2
42,Seoul,2015,3,Walking_old_man,Seoul,Mar  4 2018  8:219PM,2
42,Seoul,2015,7,Walking_old_man,Seoul,Mar  4 2018  8:219PM,2
42,Seoul,2015,6,Walking_old_man,Seoul,Mar  4 2018  8:219PM,2
42,Seoul,2015,6,Walking_old_man,Seoul,Mar  4 2018  8:219PM,2
42,Seoul,2015,4,Walking_old_man,Seoul,Mar  4 2018  8:219PM,2
42,Seoul,2015,4,Walking_old_man,Seoul,Mar  4 2018  8:219PM,2
42,Seoul,2015,4,Walking_old_man,Seoul,Mar  4 2018  8:219PM,2
42,Seoul,2015,3,Walking_old_man,Seoul,Mar  4 2018  8:219PM,2
42,Seoul,2015,3,Walking_old_man,Seoul,Mar  4 2018  8:219PM,2
42,Seoul,2015,9,Walking_old_man,Seoul,Mar  4 2018  8:219PM,2
42,Seoul,2015,8,Walking_old_man,Seoul,Mar  4 2018  8:219PM,2
42,Seoul,2015,5,Walking_old_man,Seoul,Mar  4 2018  8:219PM,2
42,Seoul,2015,5,Walking_old_man,Seoul,Mar  4 2018  8:219PM,2
42,Seoul,2015,4,Walking_old_man,Seoul,Mar  4 2018  8:219PM,2
42,Seoul,2015,4,Walking_old_man,Seoul,Mar  4 2018  8:219PM,2
42,Seoul,2015,4,Walking_old_man,Seoul,Mar  4 2018  8:219PM,2
42,Seoul,2015,4,Walking_old_man,Seoul,Mar  4 2018  8:219PM,2
42,Seoul,2015,4,Walking_old_man,Seoul,Mar  4 2018  8:219PM,2
42,Seoul,2015,3,Walking_old_man,Seoul,Mar  4 2018  8:219PM,2
42,Seoul,2015,3,Walking_old_man,Seoul,Mar  4 2018  8:219PM,2
42,Seoul,2015,3,Walking_old_man,Seoul,Mar  4 2018  8:219PM,2
42,Seoul,2015,5,Walking_old_man,Seoul,Mar  4 2018  8:219PM,2
42,Seoul,2015,4,Walking_old_man,Seoul,Mar  4 2018  8:219PM,2
42,Seoul,2015,4,Walking_old_man,Seoul,Mar  4 2018  8:219PM,2
42,Seoul,2015,3,Walking_old_man,Seoul,Mar  4 2018  8:219PM,2
42,Seoul,2015,4,Walking_old_man,Seoul,Mar  4 2018  8:219PM,2
42,Seoul,2015,4,Walking_old_man,Seoul,Mar  4 2018  8:219PM,2
42,Seoul,2015,3,Walking_old_man,Seoul,Mar  4 2018  8:219PM,2
42,Seoul,2015,3,Walking_old_man,Seoul,Mar  4 2018  8:219PM,2
42,Seoul,2015,5,Walking_old_man,Seoul,Mar  4 2018  8:219PM,2
42,Seoul,2015,3,Walking_old_man,Seoul,Mar  4 2018  8:219PM,2
42,Seoul,2015,7,Walking_old_man,Seoul,Mar  4 2018  8:219PM,2
42,Seoul,2015,3,Walking_old_man,Seoul,Mar  4 2018  8:219PM,2
42,Seoul,2015,3,Walking_old_man,Seoul,Mar  4 2018  8:219PM,2
42,Seoul,2015,3,Walking_old_man,Seoul,Mar  4 2018  8:219PM,2
42,Seoul,2015,7,Walking_old_man,Seoul,Mar  4 2018  8:219PM,2
42,Seoul,2015,6,Walking_old_man,Seoul,Mar  4 2018  8:219PM,2
42,Seoul,2015,5,Walking_old_man,Seoul,Mar  4 2018  8:219PM,2
42,Seoul,2015,4,Walking_old_man,Seoul,Mar  4 2018  8:219PM,1
42,Seoul,2015,3,Walking_old_man,Seoul,Mar  4 2018  8:219PM,1
48,Gyeonggi,2015,3,Walking_old_man,Gyeonggi,Mar  4 2018  8:219PM,2
48,Gyeonggi,2015,3,Walking_old_man,Gyeonggi,Mar  4 2018  8:219PM,2
48,Gyeonggi,2015,7,Walking_old_man,Gyeonggi,Mar  4 2018  8:219PM,2
48,Gyeonggi,2015,4,Walking_old_man,Gyeonggi,Mar  4 2018  8:219PM,2
48,Gyeonggi,2015,3,Walking_old_man,Gyeonggi,Mar  4 2018  8:219PM,2
49,Seoul,2015,7,Bicycle,Seoul,Mar  4 2018  8:219PM,2
49,Seoul,2015,5,Bicycle,Seoul,Mar  4 2018  8:219PM,2
49,Seoul,2015,5,Bicycle,Seoul,Mar  4 2018  8:219PM,2
49,Seoul,2015,5,Bicycle,Seoul,Mar  4 2018  8:219PM,2
49,Seoul,2015,4,Bicycle,Seoul,Mar  4 2018  8:219PM,2
49,Seoul,2015,4,Bicycle,Seoul,Mar  4 2018  8:219PM,2
49,Seoul,2015,4,Bicycle,Seoul,Mar  4 2018  8:219PM,2
49,Seoul,2015,8,Bicycle,Seoul,Mar  4 2018  8:219PM,2
45,Daegu,2015,3,Walking_old_man,Daegu,Mar  4 2018  8:219PM,2
48,Gyeonggi,2015,3,Walking_old_man,Gyeonggi,Mar  4 2018  8:219PM,1
48,Gyeonggi,2015,3,Walking_old_man,Gyeonggi,Mar  4 2018  8:219PM,1
48,Gyeonggi,2015,4,Walking_old_man,Gyeonggi,Mar  4 2018  8:219PM,2
48,Gyeonggi,2015,7,Walking_old_man,Gyeonggi,Mar  4 2018  8:219PM,2
48,Gyeonggi,2015,4,Walking_old_man,Gyeonggi,Mar  4 2018  8:219PM,2
48,Gyeonggi,2015,4,Walking_old_man,Gyeonggi,Mar  4 2018  8:219PM,2
45,Daegu,2015,3,Walking_old_man,Daegu,Mar  4 2018  8:219PM,1
48,Chungcheongbukdo,2015,3,Walking_old_man,Chungcheongbukdo,Mar  4 2018  8:219PM,1
41,Seoul,2015,3,Walking_old_man,Seoul,Mar  4 2018  8:219PM,1
42,Busan,2015,3,Walking_old_man,Busan,Mar  4 2018  8:219PM,1
39,Chungcheongbukdo,2015,3,Walking_children,Chungcheongbukdo,Mar  4 2018  8:219PM,1
42,Busan,2015,6,Walking_old_man,Busan,Mar  4 2018  8:219PM,1
41,Seoul,2015,4,Walking_old_man,Seoul,Mar  4 2018  8:219PM,1
41,Seoul,2015,4,Walking_old_man,Seoul,Mar  4 2018  8:219PM,1
48,Chungcheongbukdo,2015,5,Walking_old_man,Chungcheongbukdo,Mar  4 2018  8:219PM,1
48,Chungcheongbukdo,2015,5,Walking_old_man,Chungcheongbukdo,Mar  4 2018  8:219PM,1
53,Seoul,2015,5,Bicycle,Seoul,Mar  4 2018  8:219PM,1
55,Daegu,2015,4,Bicycle,Daegu,Mar  4 2018  8:219PM,1
53,Seoul,2015,5,Bicycle,Seoul,Mar  4 2018  8:219PM,1
48,Seoul,2015,6,Bicycle,Seoul,Mar  4 2018  8:219PM,1
41,Jeju,2015,3,Walking_children,Jeju,Mar  4 2018  8:219PM,1
41,Jeju,2015,3,Walking_children,Jeju,Mar  4 2018  8:219PM,1
49,Seoul,2015,9,Bicycle,Seoul,Mar  4 2018  8:219PM,1
53,Daegu,2015,7,Bicycle,Daegu,Mar  4 2018  8:219PM,1
41,Seoul,2015,4,Walking_old_man,Seoul,Mar  4 2018  8:219PM,1
48,Chungcheongbukdo,2015,4,Walking_old_man,Chungcheongbukdo,Mar  4 2018  8:219PM,1
42,Daegu,2015,5,Walking_old_man,Daegu,Mar  4 2018  8:219PM,1
42,Daegu,2015,5,Walking_old_man,Daegu,Mar  4 2018  8:219PM,1
42,Daegu,2015,3,Walking_old_man,Daegu,Mar  4 2018  8:219PM,1
48,Chungcheongbukdo,2015,6,Walking_old_man,Chungcheongbukdo,Mar  4 2018  8:219PM,1
46,Gwangju,2015,3,Walking_old_man,Gwangju,Mar  4 2018  8:219PM,1
45,Daegu,2015,3,Walking_old_man,Daegu,Mar  4 2018  8:219PM,1
40,Jeollabukdo,2015,3,Walking_children,Jeollabukdo,Apr  4 2018  8:219PM,1
40,Jeollabukdo,2015,3,Walking_children,Jeollabukdo,Apr  4 2018  8:219PM,1
51,Seoul,2015,5,Bicycle,Seoul,Apr  4 2018  8:219PM,1
48,Chungcheongbukdo,2015,4,Walking_old_man,Chungcheongbukdo,Apr  4 2018  8:219PM,1
51,Seoul,2015,4,Bicycle,Seoul,Apr  4 2018  8:219PM,1
51,Seoul,2015,5,Bicycle,Seoul,Apr  4 2018  8:219PM,1
53,Daegu,2015,5,Bicycle,Daegu,Apr  4 2018  8:219PM,1
51,Seoul,2015,5,Bicycle,Seoul,Apr  4 2018  8:219PM,1
51,Seoul,2015,6,Bicycle,Seoul,Apr  4 2018  8:219PM,1
42,Busan,2015,4,Walking_old_man,Busan,Apr  4 2018  8:219PM,1
41,Gyeongsangnamdo,2015,3,Walking_children,Gyeongsangnamdo,Apr  4 2018  8:219PM,1
41,Jeju,2015,5,Walking_children,Jeju,Apr  4 2018  8:219PM,1
48,Chungcheongbukdo,2015,6,Walking_old_man,Chungcheongbukdo,Apr  4 2018  8:219PM,1
48,Chungcheongbukdo,2015,3,Walking_old_man,Chungcheongbukdo,Apr  4 2018  8:219PM,1
51,Seoul,2015,3,Bicycle,Seoul,Apr  4 2018  8:219PM,1
53,Seoul,2015,5,Bicycle,Seoul,Apr  4 2018  8:219PM,1
42,Seoul,2015,3,Walking_old_man,Seoul,Apr  4 2018  8:219PM,1
51,Seoul,2015,6,Bicycle,Seoul,Apr  4 2018  8:219PM,1
51,Seoul,2015,6,Bicycle,Seoul,Apr  4 2018  8:219PM,1
42,Seoul,2015,7,Walking_old_man,Seoul,Apr  4 2018  8:219PM,1
36,Seoul,2015,3,School_zone_children,Seoul,Apr  4 2018  8:219PM,1
48,Seoul,2015,6,Bicycle,Seoul,Apr  4 2018  8:219PM,1
48,Chungcheongbukdo,2015,4,Walking_old_man,Chungcheongbukdo,Apr  4 2018  8:219PM,1
48,Chungcheongbukdo,2015,3,Walking_old_man,Chungcheongbukdo,Apr  4 2018  8:219PM,1
53,Daegu,2015,6,Bicycle,Daegu,Apr  4 2018  8:219PM,1
53,Daegu,2015,6,Bicycle,Daegu,Apr  4 2018  8:219PM,1
42,Seoul,2015,3,Walking_old_man,Seoul,Apr  4 2018  8:219PM,1
42,Seoul,2015,4,Walking_old_man,Seoul,Apr  4 2018  8:219PM,1
48,Chungcheongbukdo,2015,5,Walking_old_man,Chungcheongbukdo,Apr  4 2018  8:219PM,1
48,Chungcheongbukdo,2015,5,Walking_old_man,Chungcheongbukdo,Apr  4 2018  8:219PM,1
48,Chungcheongbukdo,2015,4,Walking_old_man,Chungcheongbukdo,Apr  4 2018  8:219PM,1
48,Chungcheongbukdo,2015,7,Walking_old_man,Chungcheongbukdo,Apr  4 2018  8:219PM,1
48,Seoul,2015,6,Bicycle,Seoul,Apr  4 2018  8:219PM,1
48,Gangwon,2015,6,Walking_old_man,Gangwon,Apr  4 2018  8:219PM,1
51,Seoul,2015,6,Bicycle,Seoul,Apr  4 2018  8:219PM,1
48,Gangwon,2015,3,Walking_old_man,Gangwon,Apr  4 2018  8:219PM,1
53,Seoul,2015,5,Bicycle,Seoul,Apr  4 2018  8:219PM,1
47,Daejeon,2015,2,Walking_old_man,Daejeon,Apr  4 2018  8:219PM,1
48,Gangwon,2015,5,Walking_old_man,Gangwon,Apr  4 2018  8:219PM,1
42,Seoul,2015,4,Walking_old_man,Seoul,Apr  4 2018  8:219PM,1
41,Gyeongsangnamdo,2015,3,Walking_children,Gyeongsangnamdo,Apr  4 2018  8:219PM,1
51,Seoul,2015,9,Bicycle,Seoul,Apr  4 2018  8:219PM,1
49,Seoul,2015,9,Bicycle,Seoul,Apr  4 2018  8:219PM,1
42,Daegu,2015,4,Walking_old_man,Daegu,Apr  4 2018  8:219PM,1
41,Seoul,2015,4,Walking_old_man,Seoul,Apr  4 2018  8:219PM,1
48,Gangwon,2015,3,Walking_old_man,Gangwon,Apr  4 2018  8:219PM,1
40,Jeollabukdo,2015,4,Walking_children,Jeollabukdo,Apr  4 2018  8:219PM,1
39,Chungcheongnamdo,2015,2,School_zone_children,Chungcheongnamdo,Apr  4 2018  8:219PM,1
48,Gangwon,2015,3,Walking_old_man,Gangwon,Apr  4 2018  8:219PM,1
39,Chungcheongnamdo,2015,3,School_zone_children,Chungcheongnamdo,Apr  4 2018  8:219PM,1
48,Seoul,2015,4,Bicycle,Seoul,Apr  4 2018  8:219PM,1
44,Daegu,2015,4,Walking_old_man,Daegu,Apr  4 2018  8:219PM,1
41,Seoul,2015,13,Walking_old_man,Seoul,Apr  4 2018  8:219PM,1
47,Gyeonggi,2015,3,Walking_old_man,Gyeonggi,Apr  4 2018  8:219PM,1
48,Seoul,2015,5,Bicycle,Seoul,Apr  4 2018  8:219PM,1
48,Seoul,2015,5,Bicycle,Seoul,Apr  4 2018  8:219PM,1
39,Gangwon,2015,4,Walking_children,Gangwon,Apr  4 2018  8:219PM,1
48,Seoul,2015,6,Bicycle,Seoul,Apr  4 2018  8:219PM,1
51,Seoul,2015,5,Bicycle,Seoul,Apr  4 2018  8:219PM,1
51,Seoul,2015,4,Bicycle,Seoul,Apr  4 2018  8:219PM,1
42,Daegu,2015,2,Walking_old_man,Daegu,Apr  4 2018  8:219PM,1
48,Seoul,2015,5,Bicycle,Seoul,Apr  4 2018  8:219PM,1
39,Gangwon,2015,3,Walking_children,Gangwon,Apr  4 2018  8:219PM,1
48,Seoul,2015,4,Bicycle,Seoul,Apr  4 2018  8:219PM,1
48,Seoul,2015,6,Bicycle,Seoul,Apr  4 2018  8:219PM,1
51,Seoul,2015,6,Bicycle,Seoul,Apr  4 2018  8:219PM,1
53,Daegu,2015,5,Bicycle,Daegu,Apr  4 2018  8:219PM,1
39,Gangwon,2015,3,Walking_children,Gangwon,Apr  4 2018  8:219PM,1
51,Seoul,2015,6,Bicycle,Seoul,Apr  4 2018  8:219PM,1
39,Gyeonggi,2015,3,Walking_children,Gyeonggi,Apr  4 2018  8:219PM,1
39,Gyeonggi,2015,3,Walking_children,Gyeonggi,Apr  4 2018  8:219PM,1
48,Seoul,2015,6,Bicycle,Seoul,Apr  4 2018  8:219PM,1
48,Seoul,2015,7,Bicycle,Seoul,Apr  4 2018  8:219PM,1
41,Seoul,2015,5,Walking_old_man,Seoul,Apr  4 2018  8:219PM,1
41,Seoul,2015,4,Walking_old_man,Seoul,Apr  4 2018  8:219PM,1
36,Busan,2015,2,School_zone_children,Busan,Apr  4 2018  8:219PM,1
39,Gyeonggi,2015,3,Walking_children,Gyeonggi,Apr  4 2018  8:219PM,1
42,Daegu,2015,4,Walking_old_man,Daegu,Apr  4 2018  8:219PM,1
42,Daegu,2015,4,Walking_old_man,Daegu,Apr  4 2018  8:219PM,1
39,Gyeonggi,2015,3,Walking_children,Gyeonggi,Apr  4 2018  8:219PM,1
48,Seoul,2015,7,Bicycle,Seoul,Apr  4 2018  8:219PM,1
48,Seoul,2015,7,Bicycle,Seoul,Apr  4 2018  8:219PM,1
51,Seoul,2015,6,Bicycle,Seoul,Apr  4 2018  8:219PM,1
48,Seoul,2015,7,Bicycle,Seoul,Apr  4 2018  8:219PM,1
39,Gyeonggi,2015,3,Walking_children,Gyeonggi,Apr  4 2018  8:219PM,1
53,Daegu,2015,6,Bicycle,Daegu,Apr  4 2018  8:219PM,1
45,Gwangju,2015,6,Walking_old_man,Gwangju,Apr  4 2018  8:219PM,1
48,Seoul,2015,8,Bicycle,Seoul,Apr  4 2018  8:219PM,1
42,Daegu,2015,5,Walking_old_man,Daegu,Apr  4 2018  8:219PM,1
42,Daegu,2015,5,Walking_old_man,Daegu,Apr  4 2018  8:219PM,1
39,Gyeonggi,2015,3,Walking_children,Gyeonggi,Apr  4 2018  8:219PM,1
53,Daegu,2015,6,Bicycle,Daegu,Apr  4 2018  8:219PM,1
48,Seoul,2015,7,Bicycle,Seoul,Apr  4 2018  8:219PM,1
53,Daegu,2015,6,Bicycle,Daegu,Apr  4 2018  8:219PM,1
54,Daegu,2015,5,Bicycle,Daegu,Apr  4 2018  8:219PM,1
39,Gyeonggi,2015,3,Walking_children,Gyeonggi,Apr  4 2018  8:219PM,1
54,Daegu,2015,5,Bicycle,Daegu,Apr  4 2018  8:219PM,1
39,Gyeonggi,2015,4,Walking_children,Gyeonggi,Apr  4 2018  8:219PM,1
51,Seoul,2015,6,Bicycle,Seoul,Apr  4 2018  8:219PM,1
42,Daegu,2015,3,Walking_old_man,Daegu,Apr  4 2018  8:219PM,1
53,Daegu,2015,6,Bicycle,Daegu,Apr  4 2018  8:219PM,1
42,Daegu,2015,4,Walking_old_man,Daegu,Apr  4 2018  8:219PM,1
41,Seoul,2015,3,Walking_old_man,Seoul,Apr  4 2018  8:219PM,1
48,Seoul,2015,8,Bicycle,Seoul,Apr  4 2018  8:219PM,1
48,Seoul,2015,10,Bicycle,Seoul,Apr  4 2018  8:219PM,1
51,Seoul,2015,5,Bicycle,Seoul,Apr  4 2018  8:219PM,1
40,Gyeongsangnamdo,2015,3,Walking_children,Gyeongsangnamdo,Apr  4 2018  8:219PM,1
51,Seoul,2015,5,Bicycle,Seoul,Apr  4 2018  8:219PM,1
39,Gyeonggi,2015,3,Walking_children,Gyeonggi,Apr  4 2018  8:219PM,1
51,Seoul,2015,6,Bicycle,Seoul,Apr  4 2018  8:219PM,1
51,Seoul,2015,6,Bicycle,Seoul,Apr  4 2018  8:219PM,1
48,Seoul,2015,10,Bicycle,Seoul,Apr  4 2018  8:219PM,1
41,Seoul,2015,3,Walking_old_man,Seoul,Apr  4 2018  8:219PM,1
39,Gyeonggi,2015,3,Walking_children,Gyeonggi,Apr  4 2018  8:219PM,1
39,Gyeonggi,2015,3,Walking_children,Gyeonggi,Apr  4 2018  8:219PM,1
39,Gyeonggi,2015,3,Walking_children,Gyeonggi,Apr  4 2018  8:219PM,1
39,Gyeonggi,2015,3,Walking_children,Gyeonggi,Apr  4 2018  8:219PM,1
39,Gyeonggi,2015,4,Walking_children,Gyeonggi,Apr  4 2018  8:219PM,1
48,Seoul,2015,17,Bicycle,Seoul,Apr  4 2018  8:219PM,1
56,Daegu,2015,5,Bicycle,Daegu,Apr  4 2018  8:219PM,1
48,Seoul,2015,4,Bicycle,Seoul,May 16 2018  3:01PM,1
48,Seoul,2015,4,Bicycle,Seoul,May 16 2018  3:01PM,1
48,Seoul,2015,4,Bicycle,Seoul,May 16 2018  3:01PM,1
48,Seoul,2015,4,Bicycle,Seoul,May 16 2018  3:01PM,1
47,Gyeonggi,2015,5,Walking_old_man,Gyeonggi,May 16 2018  3:01PM,1
47,Gyeonggi,2015,4,Walking_old_man,Gyeonggi,May 16 2018  3:01PM,1
47,Gyeonggi,2015,4,Walking_old_man,Gyeonggi,May 16 2018  3:01PM,1
47,Gyeonggi,2015,3,Walking_old_man,Gyeonggi,May 16 2018  3:01PM,1
51,Seoul,2015,8,Bicycle,Seoul,May 16 2018  3:01PM,1
51,Seoul,2015,6,Bicycle,Seoul,May 16 2018  3:01PM,1
42,Daegu,2015,5,Walking_old_man,Daegu,May 16 2018  3:01PM,1
45,Incheon,2015,3,Walking_old_man,Incheon,May 16 2018  3:01PM,1
48,Seoul,2015,4,Bicycle,Seoul,May 16 2018  3:01PM,1
49,Seoul,2015,4,Bicycle,Seoul,May 16 2018  3:01PM,1
48,Seoul,2015,4,Bicycle,Seoul,May 16 2018  3:01PM,1
44,Daegu,2015,5,Walking_old_man,Daegu,May 16 2018  3:01PM,1
42,Daegu,2015,5,Walking_old_man,Daegu,May 16 2018  3:01PM,1
49,Seoul,2015,4,Bicycle,Seoul,May 16 2018  3:01PM,1
49,Seoul,2015,4,Bicycle,Seoul,May 16 2018  3:01PM,1
47,Gyeonggi,2015,3,Walking_old_man,Gyeonggi,May 16 2018  3:01PM,1
51,Seoul,2015,6,Bicycle,Seoul,May 16 2018  3:01PM,1
42,Busan,2015,4,Walking_old_man,Busan,May 16 2018  3:01PM,1
42,Daegu,2015,6,Walking_old_man,Daegu,May 16 2018  3:01PM,1
48,Seoul,2015,4,Bicycle,Seoul,May 16 2018  3:01PM,1
51,Seoul,2015,6,Bicycle,Seoul,May 16 2018  3:01PM,1
39,Gyeonggi,2015,3,Walking_children,Gyeonggi,May 16 2018  3:01PM,1
49,Seoul,2015,4,Bicycle,Seoul,May 16 2018  3:01PM,1
42,Daegu,2015,6,Walking_old_man,Daegu,May 16 2018  3:01PM,1
53,Daegu,2015,6,Bicycle,Daegu,May 16 2018  3:01PM,1
48,Seoul,2015,6,Bicycle,Seoul,May 16 2018  3:01PM,1
48,Seoul,2015,5,Bicycle,Seoul,May 16 2018  3:01PM,1
50,Seoul,2015,4,Bicycle,Seoul,May 16 2018  3:01PM,1
50,Seoul,2015,4,Bicycle,Seoul,May 16 2018  3:01PM,1
42,Busan,2015,4,Walking_old_man,Busan,May 16 2018  3:01PM,1
42,Busan,2015,3,Walking_old_man,Busan,May 16 2018  3:01PM,1
48,Seoul,2015,5,Bicycle,Seoul,May 16 2018  3:01PM,1
53,Daegu,2015,7,Bicycle,Daegu,May 16 2018  3:01PM,1
53,Daegu,2015,7,Bicycle,Daegu,May 16 2018  3:01PM,1
39,Gyeonggi,2015,5,Walking_children,Gyeonggi,May 16 2018  3:01PM,1
53,Daegu,2015,6,Bicycle,Daegu,May 16 2018  3:01PM,1
48,Seoul,2015,6,Bicycle,Seoul,May 16 2018  3:01PM,1
51,Seoul,2015,8,Bicycle,Seoul,May 16 2018  3:01PM,1
51,Seoul,2015,8,Bicycle,Seoul,May 16 2018  3:01PM,1
51,Seoul,2015,9,Bicycle,Seoul,May 16 2018  3:01PM,1
47,Gyeonggi,2015,3,Walking_old_man,Gyeonggi,May 16 2018  3:01PM,1
42,Busan,2015,4,Walking_old_man,Busan,May 16 2018  3:01PM,1
44,Daegu,2015,6,Walking_old_man,Daegu,May 16 2018  3:01PM,1
42,Daegu,2015,8,Walking_old_man,Daegu,May 16 2018  3:01PM,1
42,Daegu,2015,4,Walking_old_man,Daegu,May 16 2018  3:01PM,1
39,Gyeonggi,2015,3,Walking_children,Gyeonggi,May 16 2018  3:01PM,1
51,Seoul,2015,10,Bicycle,Seoul,May 16 2018  3:01PM,1
48,Seoul,2015,6,Bicycle,Seoul,May 16 2018  3:01PM,1
42,Busan,2015,4,Walking_old_man,Busan,May 16 2018  3:01PM,1
53,Busan,2015,4,Bicycle,Busan,May 16 2018  3:01PM,1
53,Daegu,2015,8,Bicycle,Daegu,May 16 2018  3:01PM,1
49,Seoul,2015,5,Bicycle,Seoul,May 16 2018  3:01PM,1
45,Incheon,2015,4,Walking_old_man,Incheon,May 16 2018  3:01PM,1
53,Busan,2015,4,Bicycle,Busan,May 16 2018  3:01PM,1
39,Gyeonggi,2015,5,Walking_children,Gyeonggi,May 16 2018  3:01PM,1
47,Gyeonggi,2015,9,Walking_old_man,Gyeonggi,May 16 2018  3:01PM,1
48,Seoul,2015,7,Bicycle,Seoul,May 16 2018  3:01PM,1
39,Gyeonggi,2015,3,Walking_children,Gyeonggi,May 16 2018  3:01PM,1
48,Seoul,2015,7,Bicycle,Seoul,May 16 2018  3:01PM,1
48,Seoul,2015,7,Bicycle,Seoul,May 16 2018  3:01PM,1
39,Gyeonggi,2015,4,Walking_children,Gyeonggi,May 16 2018  3:01PM,1
48,Seoul,2015,4,Bicycle,Seoul,May 16 2018  3:01PM,1
47,Gyeonggi,2015,3,Walking_old_man,Gyeonggi,May 16 2018  3:01PM,1
47,Gyeonggi,2015,5,Walking_old_man,Gyeonggi,May 16 2018  3:01PM,1
48,Jeju,2015,5,Walking_old_man,Jeju,May 16 2018  3:01PM,1
53,Busan,2015,5,Bicycle,Busan,May 16 2018  3:01PM,1
53,Busan,2015,5,Bicycle,Busan,May 16 2018  3:01PM,1
53,Busan,2015,6,Bicycle,Busan,May 16 2018  3:01PM,1
48,Seoul,2015,5,Bicycle,Seoul,May 16 2018  3:01PM,1
36,Busan,2015,2,School_zone_children,Busan,May 16 2018  3:01PM,1
39,Gyeonggi,2015,3,Walking_children,Gyeonggi,May 16 2018  3:01PM,1
39,Gyeonggi,2015,3,Walking_children,Gyeonggi,May 16 2018  3:01PM,1
48,Seoul,2015,7,Bicycle,Seoul,May 16 2018  3:01PM,1
48,Seoul,2015,7,Bicycle,Seoul,May 16 2018  3:01PM,1
48,Seoul,2015,4,Bicycle,Seoul,May 16 2018  3:01PM,1
48,Seoul,2015,4,Bicycle,Seoul,May 16 2018  3:01PM,1
48,Seoul,2015,4,Bicycle,Seoul,May 16 2018  3:01PM,1
39,Gyeonggi,2015,3,Walking_children,Gyeonggi,May 16 2018  3:01PM,1
53,Busan,2015,6,Bicycle,Busan,May 16 2018  3:01PM,1
48,Seoul,2015,7,Bicycle,Seoul,May 16 2018  3:01PM,1
48,Seoul,2015,9,Bicycle,Seoul,May 16 2018  3:01PM,1
48,Jeju,2015,6,Walking_old_man,Jeju,May 16 2018  3:01PM,1
41,Seoul,2015,3,Walking_old_man,Seoul,May 16 2018  3:01PM,1
41,Seoul,2015,3,Walking_old_man,Seoul,May 16 2018  3:01PM,1
48,Seoul,2015,8,Bicycle,Seoul,May 16 2018  3:01PM,1
48,Seoul,2015,5,Bicycle,Seoul,May 16 2018  3:01PM,1
48,Seoul,2015,7,Bicycle,Seoul,May 16 2018  3:01PM,1
48,Seoul,2015,7,Bicycle,Seoul,May 16 2018  3:01PM,1
51,Seoul,2015,11,Bicycle,Seoul,May 16 2018  3:01PM,1
53,Busan,2015,7,Bicycle,Busan,May 16 2018  3:01PM,1
41,Seoul,2015,3,Walking_old_man,Seoul,May 16 2018  3:01PM,1
48,Seoul,2015,4,Bicycle,Seoul,May 16 2018  3:01PM,1
42,Busan,2015,5,Walking_old_man,Busan,May 16 2018  3:01PM,1
39,Gyeonggi,2015,3,Walking_children,Gyeonggi,May 16 2018  3:01PM,1
39,Gyeonggi,2015,4,Walking_children,Gyeonggi,May 16 2018  3:01PM,1
47,Gyeonggi,2015,6,Walking_old_man,Gyeonggi,May 16 2018  3:01PM,1
48,Jeju,2015,2,Walking_old_man,Jeju,May 16 2018  3:01PM,1
49,Seoul,2015,6,Bicycle,Seoul,May 16 2018  3:01PM,1
42,Busan,2015,2,Walking_old_man,Busan,May 16 2018  3:01PM,1
42,Daegu,2015,9,Walking_old_man,Daegu,May 16 2018  3:01PM,1
47,Gyeonggi,2015,8,Walking_old_man,Gyeonggi,Jun 30 2018  4:00AM,1
51,Seoul,2015,12,Bicycle,Seoul,Jun 30 2018  4:00AM,1
44,Daegu,2015,3,Walking_old_man,Daegu,Jun 30 2018  4:00AM,1
55,Daegu,2015,6,Bicycle,Daegu,Jun 30 2018  4:00AM,1
51,Seoul,2015,13,Bicycle,Seoul,Jun 30 2018  4:00AM,1
48,Jeju,2015,3,Walking_old_man,Jeju,Jun 30 2018  4:00AM,1
49,Seoul,2015,6,Bicycle,Seoul,Jun 30 2018  4:00AM,1
48,Jeju,2015,3,Walking_old_man,Jeju,Jun 30 2018  4:00AM,1
51,Seoul,2015,13,Bicycle,Seoul,Jun 30 2018  4:00AM,1
51,Seoul,2015,4,Bicycle,Seoul,Jun 30 2018  4:00AM,1
51,Seoul,2015,5,Bicycle,Seoul,Jun 30 2018  4:00AM,1
51,Seoul,2015,4,Bicycle,Seoul,Jun 30 2018  4:00AM,1
41,Seoul,2015,5,Walking_old_man,Seoul,Jun 30 2018  4:00AM,1
48,Jeju,2015,3,Walking_old_man,Jeju,Jun 30 2018  4:00AM,1
47,Gyeonggi,2015,11,Walking_old_man,Gyeonggi,Jun 30 2018  4:00AM,1
45,Incheon,2015,3,Walking_old_man,Incheon,Jun 30 2018  4:00AM,1
45,Incheon,2015,5,Walking_old_man,Incheon,Jun 30 2018  4:00AM,1
45,Incheon,2015,4,Walking_old_man,Incheon,Jun 30 2018  4:00AM,1
45,Incheon,2015,3,Walking_old_man,Incheon,Jun 30 2018  4:00AM,1
42,Busan,2015,3,Walking_old_man,Busan,Jun 30 2018  4:00AM,1
46,Daejeon,2015,9,Walking_old_man,Daejeon,Jun 30 2018  4:00AM,1
40,Gyeongsangnamdo,2015,3,Walking_children,Gyeongsangnamdo,Jun 30 2018  4:00AM,1
42,Daegu,2015,9,Walking_old_man,Daegu,Jun 30 2018  4:00AM,1
47,Gyeonggi,2015,3,Walking_old_man,Gyeonggi,Jun 30 2018  4:00AM,1
48,Jeju,2015,4,Walking_old_man,Jeju,Jun 30 2018  4:00AM,1
47,Gyeonggi,2015,3,Walking_old_man,Gyeonggi,Jun 30 2018  4:00AM,1
39,Chungcheongbukdo,2015,3,Walking_children,Chungcheongbukdo,Jun 30 2018  4:00AM,1
48,Jeollabukdo,2015,3,Walking_old_man,Jeollabukdo,Jun 30 2018  4:00AM,1
48,Jeollabukdo,2015,3,Walking_old_man,Jeollabukdo,Jun 30 2018  4:00AM,1
48,Jeollabukdo,2015,3,Walking_old_man,Jeollabukdo,Jun 30 2018  4:00AM,1
42,Busan,2015,3,Walking_old_man,Busan,Jun 30 2018  4:00AM,1
42,Busan,2015,11,Walking_old_man,Busan,Jun 30 2018  4:00AM,1
42,Busan,2015,6,Walking_old_man,Busan,Jun 30 2018  4:00AM,1
42,Busan,2015,6,Walking_old_man,Busan,Jun 30 2018  4:00AM,1
42,Daegu,2015,3,Walking_old_man,Daegu,Jun 30 2018  4:00AM,1
45,Incheon,2015,3,Walking_old_man,Incheon,Jun 30 2018  4:00AM,1
48,Jeollabukdo,2015,4,Walking_old_man,Jeollabukdo,Jun 30 2018  4:00AM,1
39,Gyeongsangnamdo,2015,2,School_zone_children,Gyeongsangnamdo,Jun 30 2018  4:00AM,1
39,Gyeongsangnamdo,2015,3,School_zone_children,Gyeongsangnamdo,Jun 30 2018  4:00AM,1
42,Busan,2015,4,Walking_old_man,Busan,Jun 30 2018  4:00AM,1
41,Seoul,2015,3,Walking_old_man,Seoul,Jun 30 2018  4:00AM,1
45,Incheon,2015,3,Walking_old_man,Incheon,Jun 30 2018  4:00AM,1
40,Jeollanamdo,2015,3,Walking_children,Jeollanamdo,Jun 30 2018  4:00AM,1
47,Daejeon,2015,3,Walking_old_man,Daejeon,Jun 30 2018  4:00AM,1
49,Seoul,2015,6,Bicycle,Seoul,Jun 30 2018  4:00AM,1
49,Seoul,2015,5,Bicycle,Seoul,Jun 30 2018  4:00AM,1
48,Jeollabukdo,2015,4,Walking_old_man,Jeollabukdo,Jun 30 2018  4:00AM,1
53,Seoul,2015,4,Bicycle,Seoul,Jun 30 2018  4:00AM,1
47,Daejeon,2015,3,Walking_old_man,Daejeon,Jun 30 2018  4:00AM,1
48,Seoul,2015,5,Bicycle,Seoul,Jun 30 2018  4:00AM,1
42,Busan,2015,5,Walking_old_man,Busan,Jun 30 2018  4:00AM,1
42,Busan,2015,5,Walking_old_man,Busan,Jun 30 2018  4:00AM,1
42,Busan,2015,4,Walking_old_man,Busan,Jun 30 2018  4:00AM,1
42,Busan,2015,5,Walking_old_man,Busan,Jun 30 2018  4:00AM,1
49,Seoul,2015,6,Bicycle,Seoul,Jun 30 2018  4:00AM,1
48,Jeollabukdo,2015,5,Walking_old_man,Jeollabukdo,Jun 30 2018  4:00AM,1
40,Jeollanamdo,2015,3,Walking_children,Jeollanamdo,Jun 30 2018  4:00AM,1
45,Incheon,2015,3,Walking_old_man,Incheon,Jun 30 2018  4:00AM,1
51,Seoul,2015,8,Bicycle,Seoul,Jun 30 2018  4:00AM,1
48,Jeollabukdo,2015,6,Walking_old_man,Jeollabukdo,Jun 30 2018  4:00AM,1
48,Jeollabukdo,2015,5,Walking_old_man,Jeollabukdo,Jun 30 2018  4:00AM,1
39,Gyeongsangnamdo,2015,2,School_zone_children,Gyeongsangnamdo,Jun 30 2018  4:00AM,1
51,Seoul,2015,9,Bicycle,Seoul,Jun 30 2018  4:00AM,1
50,Seoul,2015,11,Bicycle,Seoul,Jun 30 2018  4:00AM,1
51,Seoul,2015,9,Bicycle,Seoul,Jun 30 2018  4:00AM,1
45,Incheon,2015,3,Walking_old_man,Incheon,Jun 30 2018  4:00AM,1
48,Chungcheongnamdo,2015,3,Walking_old_man,Chungcheongnamdo,Jun 30 2018  4:00AM,1
48,Chungcheongnamdo,2015,4,Walking_old_man,Chungcheongnamdo,Jun 30 2018  4:00AM,1
48,Chungcheongnamdo,2015,3,Walking_old_man,Chungcheongnamdo,Jun 30 2018  4:00AM,1
48,Chungcheongnamdo,2015,3,Walking_old_man,Chungcheongnamdo,Jun 30 2018  4:00AM,1
48,Chungcheongnamdo,2015,4,Walking_old_man,Chungcheongnamdo,Jun 30 2018  4:00AM,1
47,Daejeon,2015,4,Walking_old_man,Daejeon,Jun 30 2018  4:00AM,1
48,Chungcheongnamdo,2015,3,Walking_old_man,Chungcheongnamdo,Jun 30 2018  4:00AM,1
48,Chungcheongnamdo,2015,7,Walking_old_man,Chungcheongnamdo,Jun 30 2018  4:00AM,1
36,Seoul,2015,1,School_zone_children,Seoul,Jun 30 2018  4:00AM,1
39,Chungcheongbukdo,2015,3,Walking_children,Chungcheongbukdo,Jun 30 2018  4:00AM,1
,Daegu,2015,5,Bicycle,Daegu,Jun 30 2018  4:00AM,
,Daegu,2015,5,Bicycle,Daegu,Jun 30 2018  4:00AM,
,Daegu,2015,4,Bicycle,Daegu,Jun 30 2018  4:00AM,
,Daegu,2015,4,Bicycle,Daegu,Jun 30 2018  4:00AM,
,Daegu,2015,4,Bicycle,Daegu,Jun 30 2018  4:00AM,
,Daegu,2015,4,Bicycle,Daegu,Jun 30 2018  4:00AM,
,Daegu,2015,4,Bicycle,Daegu,Jun 30 2018  4:00AM,
,Daegu,2015,9,Bicycle,Daegu,Jun 30 2018  4:00AM,
,Daegu,2015,8,Bicycle,Daegu,Jun 30 2018  4:00AM,
,Daegu,2015,7,Bicycle,Daegu,Jun 30 2018  4:00AM,
,Daegu,2015,6,Bicycle,Daegu,Jun 30 2018  4:00AM,
,Daegu,2015,6,Bicycle,Daegu,Jun 30 2018  4:00AM,
,Daegu,2015,5,Bicycle,Daegu,Jun 30 2018  4:00AM,
,Daegu,2015,5,Bicycle,Daegu,Jun 30 2018  4:00AM,
,Daegu,2015,5,Bicycle,Daegu,Jun 30 2018  4:00AM,
,Daegu,2015,5,Bicycle,Daegu,Jun 30 2018  4:00AM,
,Daegu,2015,5,Bicycle,Daegu,Jun 30 2018  4:00AM,
,Daegu,2015,4,Bicycle,Daegu,Jun 30 2018  4:00AM,
,Daegu,2015,4,Bicycle,Daegu,Jun 30 2018  4:00AM,
,Daegu,2015,4,Bicycle,Daegu,Jun 30 2018  4:00AM,
,Daegu,2015,4,Bicycle,Daegu,Jun 30 2018  4:00AM,
,Daegu,2015,10,Bicycle,Daegu,Jun 30 2018  4:00AM,
,Daegu,2015,9,Bicycle,Daegu,Jun 30 2018  4:00AM,
,Daegu,2015,8,Bicycle,Daegu,Jun 30 2018  4:00AM,
,Daegu,2015,8,Bicycle,Daegu,Jun 30 2018  4:00AM,
,Daegu,2015,7,Bicycle,Daegu,Jun 30 2018  4:00AM,
,Daegu,2015,6,Bicycle,Daegu,Jun 30 2018  4:00AM,
,Daegu,2015,6,Bicycle,Daegu,Jun 30 2018  4:00AM,
,Daegu,2015,6,Bicycle,Daegu,Jun 30 2018  4:00AM,
,Daegu,2015,6,Bicycle,Daegu,Jun 30 2018  4:00AM,
,Daegu,2015,6,Bicycle,Daegu,Jun 30 2018  4:00AM,
,Daegu,2015,6,Bicycle,Daegu,Jun 30 2018  4:00AM,
,Daegu,2015,6,Bicycle,Daegu,Jun 30 2018  4:00AM,
,Daegu,2015,6,Bicycle,Daegu,Jun 30 2018  4:00AM,
,Daegu,2015,5,Bicycle,Daegu,Jun 30 2018  4:00AM,
,Daegu,2015,5,Bicycle,Daegu,Jun 30 2018  4:00AM,
,Daegu,2015,5,Bicycle,Daegu,Jun 30 2018  4:00AM,
,Daegu,2015,5,Bicycle,Daegu,Jun 30 2018  4:00AM,
,Daegu,2015,5,Bicycle,Daegu,Jun 30 2018  4:00AM,
,Daegu,2015,5,Bicycle,Daegu,Jun 30 2018  4:00AM,
,Daegu,2015,5,Bicycle,Daegu,Jun 30 2018  4:00AM,
,Daegu,2015,5,Bicycle,Daegu,Jun 30 2018  4:00AM,
,Daegu,2015,5,Bicycle,Daegu,Jun 30 2018  4:00AM,
,Daegu,2015,5,Bicycle,Daegu,Jun 30 2018  4:00AM,
,Daegu,2015,5,Bicycle,Daegu,Jun 30 2018  4:00AM,
,Daegu,2015,5,Bicycle,Daegu,Jun 30 2018  4:00AM,
,Daegu,2015,5,Bicycle,Daegu,Jun 30 2018  4:00AM,
,Daegu,2015,4,Bicycle,Daegu,Jun 30 2018  4:00AM,
,Daegu,2015,4,Bicycle,Daegu,Jun 30 2018  4:00AM,
,Daegu,2015,4,Bicycle,Daegu,Jun 30 2018  4:00AM,
,Daegu,2015,4,Bicycle,Daegu,Jun 30 2018  4:00AM,
,Daegu,2015,4,Bicycle,Daegu,Jun 30 2018  4:00AM,
,Daegu,2015,5,Bicycle,Daegu,Jun 30 2018  4:00AM,
,Incheon,2015,4,Bicycle,Incheon,Jun 30 2018  4:00AM,
,Incheon,2015,4,Bicycle,Incheon,Jun 30 2018  4:00AM,
,Incheon,2015,4,Bicycle,Incheon,Jun 30 2018  4:00AM,
,Incheon,2015,6,Bicycle,Incheon,Jun 30 2018  4:00AM,
,Incheon,2015,4,Bicycle,Incheon,Jun 30 2018  4:00AM,
,Incheon,2015,7,Bicycle,Incheon,Jul 29 2018  5:24AM,
,Incheon,2015,6,Bicycle,Incheon,Jul 29 2018  5:24AM,
,Incheon,2015,5,Bicycle,Incheon,Jul 29 2018  5:24AM,
,Incheon,2015,5,Bicycle,Incheon,Jul 29 2018  5:24AM,
,Incheon,2015,4,Bicycle,Incheon,Jul 29 2018  5:24AM,
,Incheon,2015,6,Bicycle,Incheon,Jul 29 2018  5:24AM,
,Gwangju,2015,5,Bicycle,Gwangju,Jul 29 2018  5:24AM,
,Gwangju,2015,5,Bicycle,Gwangju,Jul 29 2018  5:24AM,
,Gwangju,2015,5,Bicycle,Gwangju,Jul 29 2018  5:24AM,
,Gwangju,2015,4,Bicycle,Gwangju,Jul 29 2018  5:24AM,
,Daejeon,2015,6,Bicycle,Daejeon,Jul 29 2018  5:24AM,
,Daejeon,2015,8,Bicycle,Daejeon,Jul 29 2018  5:24AM,
,Daejeon,2015,7,Bicycle,Daejeon,Jul 29 2018  5:24AM,
,Daejeon,2015,5,Bicycle,Daejeon,Jul 29 2018  5:24AM,
,Daejeon,2015,5,Bicycle,Daejeon,Jul 29 2018  5:24AM,
,Daejeon,2015,4,Bicycle,Daejeon,Jul 29 2018  5:24AM,
,Daejeon,2015,4,Bicycle,Daejeon,Jul 29 2018  5:24AM,
,Daejeon,2015,4,Bicycle,Daejeon,Jul 29 2018  5:24AM,
,Daejeon,2015,4,Bicycle,Daejeon,Jul 29 2018  5:24AM,
,Daejeon,2015,7,Bicycle,Daejeon,Jul 29 2018  5:24AM,
,Daejeon,2015,6,Bicycle,Daejeon,Jul 29 2018  5:24AM,
,Daejeon,2015,4,Bicycle,Daejeon,Jul 29 2018  5:24AM,
,Daejeon,2015,4,Bicycle,Daejeon,Jul 29 2018  5:24AM,
,Daejeon,2015,4,Bicycle,Daejeon,Jul 29 2018  5:24AM,
,Daejeon,2015,4,Bicycle,Daejeon,Jul 29 2018  5:24AM,
,Daejeon,2015,4,Bicycle,Daejeon,Jul 29 2018  5:24AM,
,Daejeon,2015,7,Bicycle,Daejeon,Jul 29 2018  5:24AM,
,Daejeon,2015,5,Bicycle,Daejeon,Jul 29 2018  5:24AM,
,Ulsan,2015,7,Bicycle,Ulsan,Jul 29 2018  5:24AM,
,Ulsan,2015,5,Bicycle,Ulsan,Jul 29 2018  5:24AM,
,Ulsan,2015,5,Bicycle,Ulsan,Jul 29 2018  5:24AM,
,Ulsan,2015,4,Bicycle,Ulsan,Jul 29 2018  5:24AM,
,Ulsan,2015,4,Bicycle,Ulsan,Jul 29 2018  5:24AM,
,Ulsan,2015,4,Bicycle,Ulsan,Jul 29 2018  5:24AM,
,Ulsan,2015,7,Bicycle,Ulsan,Jul 29 2018  5:24AM,
,Ulsan,2015,5,Bicycle,Ulsan,Jul 29 2018  5:24AM,
,Ulsan,2015,5,Bicycle,Ulsan,Jul 29 2018  5:24AM,
,Ulsan,2015,4,Bicycle,Ulsan,Jul 29 2018  5:24AM,
,Ulsan,2015,4,Bicycle,Ulsan,Jul 29 2018  5:24AM,
,Ulsan,2015,4,Bicycle,Ulsan,Jul 29 2018  5:24AM,
,Ulsan,2015,4,Bicycle,Ulsan,Jul 29 2018  5:24AM,
,Ulsan,2015,4,Bicycle,Ulsan,Jul 29 2018  5:24AM,
,Ulsan,2015,4,Bicycle,Ulsan,Jul 29 2018  5:24AM,
,Gyeonggi,2015,6,Bicycle,Gyeonggi,Jul 29 2018  5:24AM,
,Gyeonggi,2015,6,Bicycle,Gyeonggi,Jul 29 2018  5:24AM,
,Gyeonggi,2015,6,Bicycle,Gyeonggi,Jul 29 2018  5:24AM,
,Gyeonggi,2015,6,Bicycle,Gyeonggi,Jul 29 2018  5:24AM,
,Gyeonggi,2015,5,Bicycle,Gyeonggi,Jul 29 2018  5:24AM,
,Gyeonggi,2015,4,Bicycle,Gyeonggi,Jul 29 2018  5:24AM,
,Gyeonggi,2015,4,Bicycle,Gyeonggi,Jul 29 2018  5:24AM,
,Gyeonggi,2015,7,Bicycle,Gyeonggi,Jul 29 2018  5:24AM,
,Gyeonggi,2015,5,Bicycle,Gyeonggi,Aug 28 2018 12:27AM,
,Gyeonggi,2015,5,Bicycle,Gyeonggi,Aug 28 2018 12:27AM,
,Gyeonggi,2015,8,Bicycle,Gyeonggi,Aug 28 2018 12:27AM,
,Gyeonggi,2015,7,Bicycle,Gyeonggi,Aug 28 2018 12:27AM,
,Gyeonggi,2015,5,Bicycle,Gyeonggi,Aug 28 2018 12:27AM,
,Gyeonggi,2015,5,Bicycle,Gyeonggi,Aug 28 2018 12:27AM,
,Gyeonggi,2015,7,Bicycle,Gyeonggi,Aug 28 2018 12:27AM,
,Gyeonggi,2015,13,Bicycle,Gyeonggi,Aug 28 2018 12:27AM,
,Gyeonggi,2015,7,Bicycle,Gyeonggi,Aug 28 2018 12:27AM,
,Gyeonggi,2015,5,Bicycle,Gyeonggi,Aug 28 2018 12:27AM,
,Gyeonggi,2015,5,Bicycle,Gyeonggi,Aug 28 2018 12:27AM,
,Gyeonggi,2015,5,Bicycle,Gyeonggi,Aug 28 2018 12:27AM,
,Gyeonggi,2015,4,Bicycle,Gyeonggi,Aug 28 2018 12:27AM,
,Gyeonggi,2015,10,Bicycle,Gyeonggi,Aug 28 2018 12:27AM,
,Gyeonggi,2015,6,Bicycle,Gyeonggi,Aug 28 2018 12:27AM,
,Gyeonggi,2015,5,Bicycle,Gyeonggi,Aug 28 2018 12:27AM,
,Gyeonggi,2015,4,Bicycle,Gyeonggi,Aug 28 2018 12:27AM,
,Gyeonggi,2015,5,Bicycle,Gyeonggi,Aug 28 2018 12:27AM,
,Gyeonggi,2015,5,Bicycle,Gyeonggi,Aug 28 2018 12:27AM,
,Gyeonggi,2015,5,Bicycle,Gyeonggi,Aug 28 2018 12:27AM,
,Gyeonggi,2015,4,Bicycle,Gyeonggi,Aug 28 2018 12:27AM,
,Gyeonggi,2015,8,Bicycle,Gyeonggi,Aug 28 2018 12:27AM,
,Gyeonggi,2015,6,Bicycle,Gyeonggi,Aug 28 2018 12:27AM,
,Gyeonggi,2015,6,Bicycle,Gyeonggi,Aug 28 2018 12:27AM,
,Gyeonggi,2015,5,Bicycle,Gyeonggi,Aug 28 2018 12:27AM,
,Gyeonggi,2015,5,Bicycle,Gyeonggi,Aug 28 2018 12:27AM,
,Gyeonggi,2015,4,Bicycle,Gyeonggi,Aug 28 2018 12:27AM,
,Gyeonggi,2015,13,Bicycle,Gyeonggi,Aug 28 2018 12:27AM,
,Gyeonggi,2015,9,Bicycle,Gyeonggi,Aug 28 2018 12:27AM,
,Gyeonggi,2015,9,Bicycle,Gyeonggi,Aug 28 2018 12:27AM,
,Gyeonggi,2015,8,Bicycle,Gyeonggi,Aug 28 2018 12:27AM,
,Gyeonggi,2015,8,Bicycle,Gyeonggi,Aug 28 2018 12:27AM,
,Gyeonggi,2015,8,Bicycle,Gyeonggi,Aug 28 2018 12:27AM,
,Gyeonggi,2015,8,Bicycle,Gyeonggi,Aug 28 2018 12:27AM,
,Gyeonggi,2015,8,Bicycle,Gyeonggi,Aug 28 2018 12:27AM,
,Gyeonggi,2015,7,Bicycle,Gyeonggi,Aug 28 2018 12:27AM,
,Gyeonggi,2015,7,Bicycle,Gyeonggi,Aug 28 2018 12:27AM,
,Gyeonggi,2015,7,Bicycle,Gyeonggi,Aug 28 2018 12:27AM,
,Gyeonggi,2015,6,Bicycle,Gyeonggi,Aug 28 2018 12:27AM,
,Gyeonggi,2015,6,Bicycle,Gyeonggi,Aug 28 2018 12:27AM,
,Gyeonggi,2015,6,Bicycle,Gyeonggi,Aug 28 2018 12:27AM,
,Gyeonggi,2015,6,Bicycle,Gyeonggi,Aug 28 2018 12:27AM,
,Gyeonggi,2015,6,Bicycle,Gyeonggi,Aug 28 2018 12:27AM,
,Gyeonggi,2015,5,Bicycle,Gyeonggi,Aug 28 2018 12:27AM,
,Gyeonggi,2015,5,Bicycle,Gyeonggi,Aug 28 2018 12:27AM,
,Gyeonggi,2015,5,Bicycle,Gyeonggi,Aug 28 2018 12:27AM,
,Gyeonggi,2015,5,Bicycle,Gyeonggi,Aug 28 2018 12:27AM,
,Gyeonggi,2015,5,Bicycle,Gyeonggi,Aug 28 2018 12:27AM,
,Gyeonggi,2015,4,Bicycle,Gyeonggi,Aug 28 2018 12:27AM,
,Gyeonggi,2015,4,Bicycle,Gyeonggi,Aug 28 2018 12:27AM,
,Gyeonggi,2015,4,Bicycle,Gyeonggi,Aug 28 2018 12:27AM,
,Gyeonggi,2015,5,Bicycle,Gyeonggi,Aug 28 2018 12:27AM,
,Gyeonggi,2015,7,Bicycle,Gyeonggi,Aug 28 2018 12:27AM,
,Gyeonggi,2015,7,Bicycle,Gyeonggi,Aug 28 2018 12:27AM,
,Gyeonggi,2015,6,Bicycle,Gyeonggi,Aug 28 2018 12:27AM,
,Gyeonggi,2015,4,Bicycle,Gyeonggi,Aug 28 2018 12:27AM,
,Gyeonggi,2015,5,Bicycle,Gyeonggi,Aug 28 2018 12:27AM,
,Gyeonggi,2015,3,Bicycle,Gyeonggi,Aug 28 2018 12:27AM,
,Gyeonggi,2015,6,Bicycle,Gyeonggi,Aug 28 2018 12:27AM,
,Gyeonggi,2015,7,Bicycle,Gyeonggi,Aug 28 2018 12:27AM,
,Gyeonggi,2015,7,Bicycle,Gyeonggi,Aug 28 2018 12:27AM,
,Gyeonggi,2015,8,Bicycle,Gyeonggi,Aug 28 2018 12:27AM,
,Gyeonggi,2015,7,Bicycle,Gyeonggi,Aug 28 2018 12:27AM,
,Gyeonggi,2015,7,Bicycle,Gyeonggi,Aug 28 2018 12:27AM,
,Gyeonggi,2015,7,Bicycle,Gyeonggi,Aug 28 2018 12:27AM,
,Gyeonggi,2015,7,Bicycle,Gyeonggi,Aug 28 2018 12:27AM,
,Gyeonggi,2015,6,Bicycle,Gyeonggi,Aug 28 2018 12:27AM,
,Gyeonggi,2015,6,Bicycle,Gyeonggi,Aug 28 2018 12:27AM,
,Gyeonggi,2015,6,Bicycle,Gyeonggi,Aug 28 2018 12:27AM,
,Gyeonggi,2015,6,Bicycle,Gyeonggi,Aug 28 2018 12:27AM,
,Gyeonggi,2015,5,Bicycle,Gyeonggi,Aug 28 2018 12:27AM,
,Gyeonggi,2015,5,Bicycle,Gyeonggi,Aug 28 2018 12:27AM,
,Gyeonggi,2015,5,Bicycle,Gyeonggi,Aug 28 2018 12:27AM,
,Gyeonggi,2015,4,Bicycle,Gyeonggi,Aug 28 2018 12:27AM,
,Gyeonggi,2015,4,Bicycle,Gyeonggi,Aug 28 2018 12:27AM,
,Gyeonggi,2015,4,Bicycle,Gyeonggi,Aug 28 2018 12:27AM,
,Gyeonggi,2015,4,Bicycle,Gyeonggi,Aug 28 2018 12:27AM,
,Gyeonggi,2015,4,Bicycle,Gyeonggi,Aug 28 2018 12:27AM,
,Gyeonggi,2015,6,Bicycle,Gyeonggi,Aug 28 2018 12:27AM,
,Gyeonggi,2015,5,Bicycle,Gyeonggi,Aug 28 2018 12:27AM,
,Gyeonggi,2015,5,Bicycle,Gyeonggi,Aug 28 2018 12:27AM,
,Gyeonggi,2015,5,Bicycle,Gyeonggi,Aug 28 2018 12:27AM,
,Gyeonggi,2015,7,Bicycle,Gyeonggi,Aug 28 2018 12:27AM,
,Gyeonggi,2015,6,Bicycle,Gyeonggi,Aug 28 2018 12:27AM,
,Gyeonggi,2015,5,Bicycle,Gyeonggi,Aug 28 2018 12:27AM,
,Gyeonggi,2015,5,Bicycle,Gyeonggi,Aug 28 2018 12:27AM,
,Gyeonggi,2015,4,Bicycle,Gyeonggi,Aug 28 2018 12:27AM,
,Gyeonggi,2015,4,Bicycle,Gyeonggi,Aug 28 2018 12:27AM,
,Gyeonggi,2015,4,Bicycle,Gyeonggi,Aug 28 2018 12:27AM,
,Gyeonggi,2015,5,Bicycle,Gyeonggi,Aug 28 2018 12:27AM,
,Gyeonggi,2015,4,Bicycle,Gyeonggi,Aug 28 2018 12:27AM,
,Gyeonggi,2015,4,Bicycle,Gyeonggi,Aug 28 2018 12:27AM,
,Gyeonggi,2015,9,Bicycle,Gyeonggi,Aug 28 2018 12:27AM,
,Gyeonggi,2015,6,Bicycle,Gyeonggi,Aug 28 2018 12:27AM,
,Gyeonggi,2015,5,Bicycle,Gyeonggi,Aug 28 2018 12:27AM,
,Gyeonggi,2015,4,Bicycle,Gyeonggi,Aug 28 2018 12:27AM,
,Gyeonggi,2015,7,Bicycle,Gyeonggi,Aug 28 2018 12:27AM,
,Gyeonggi,2015,6,Bicycle,Gyeonggi,Aug 28 2018 12:27AM,
,Gyeonggi,2015,4,Bicycle,Gyeonggi,Aug 28 2018 12:27AM,
,Gyeonggi,2015,4,Bicycle,Gyeonggi,Aug 28 2018 12:27AM,
,Gyeonggi,2015,8,Bicycle,Gyeonggi,Aug 28 2018 12:27AM,
,Gyeonggi,2015,8,Bicycle,Gyeonggi,Aug 28 2018 12:27AM,
,Gyeonggi,2015,7,Bicycle,Gyeonggi,Aug 28 2018 12:27AM,
,Gyeonggi,2015,6,Bicycle,Gyeonggi,Aug 28 2018 12:27AM,
,Gyeonggi,2015,5,Bicycle,Gyeonggi,Aug 28 2018 12:27AM,
,Gyeonggi,2015,5,Bicycle,Gyeonggi,Aug 28 2018 12:27AM,
,Gyeonggi,2015,4,Bicycle,Gyeonggi,Aug 28 2018 12:27AM,
,Gyeonggi,2015,4,Bicycle,Gyeonggi,Aug 28 2018 12:27AM,
,Gyeonggi,2015,4,Bicycle,Gyeonggi,Aug 28 2018 12:27AM,
,Gangwon,2015,5,Bicycle,Gangwon,Aug 28 2018 12:27AM,
,Gangwon,2015,4,Bicycle,Gangwon,Aug 28 2018 12:27AM,
,Gangwon,2015,4,Bicycle,Gangwon,Aug 28 2018 12:27AM,
,Gangwon,2015,3,Bicycle,Gangwon,Aug 28 2018 12:27AM,
,Gangwon,2015,7,Bicycle,Gangwon,Aug 28 2018 12:27AM,
,Gangwon,2015,4,Bicycle,Gangwon,Aug 28 2018 12:27AM,
,Gangwon,2015,5,Bicycle,Gangwon,Aug 28 2018 12:27AM,
,Chungcheongbukdo,2015,5,Bicycle,Chungcheongbukdo,Aug 28 2018 12:27AM,
,Chungcheongbukdo,2015,8,Bicycle,Chungcheongbukdo,Aug 28 2018 12:27AM,
,Chungcheongbukdo,2015,6,Bicycle,Chungcheongbukdo,Aug 28 2018 12:27AM,
,Chungcheongbukdo,2015,6,Bicycle,Chungcheongbukdo,Aug 28 2018 12:27AM,
,Chungcheongbukdo,2015,5,Bicycle,Chungcheongbukdo,Aug 28 2018 12:27AM,
,Chungcheongbukdo,2015,5,Bicycle,Chungcheongbukdo,Aug 28 2018 12:27AM,
,Chungcheongbukdo,2015,4,Bicycle,Chungcheongbukdo,Aug 28 2018 12:27AM,
,Chungcheongbukdo,2015,4,Bicycle,Chungcheongbukdo,Aug 28 2018 12:27AM,
,Chungcheongbukdo,2015,5,Bicycle,Chungcheongbukdo,Aug 28 2018 12:27AM,
,Chungcheongbukdo,2015,5,Bicycle,Chungcheongbukdo,Aug 28 2018 12:27AM,
,Chungcheongbukdo,2015,6,Bicycle,Chungcheongbukdo,Aug 28 2018 12:27AM,
,Chungcheongbukdo,2015,5,Bicycle,Chungcheongbukdo,Aug 28 2018 12:27AM,
,Chungcheongbukdo,2015,4,Bicycle,Chungcheongbukdo,Aug 28 2018 12:27AM,
,Chungcheongbukdo,2015,4,Bicycle,Chungcheongbukdo,Aug 28 2018 12:27AM,
,Chungcheongbukdo,2015,4,Bicycle,Chungcheongbukdo,Aug 28 2018 12:27AM,
,Chungcheongbukdo,2015,5,Bicycle,Chungcheongbukdo,Aug 28 2018 12:27AM,
,Chungcheongnamdo,2015,7,Bicycle,Chungcheongnamdo,Aug 28 2018 12:27AM,
,Chungcheongnamdo,2015,5,Bicycle,Chungcheongnamdo,Aug 28 2018 12:27AM,
,Chungcheongnamdo,2015,4,Bicycle,Chungcheongnamdo,Aug 28 2018 12:27AM,
,Jeollabukdo,2015,6,Bicycle,Jeollabukdo,Aug 28 2018 12:27AM,
,Jeollabukdo,2015,6,Bicycle,Jeollabukdo,Aug 28 2018 12:27AM,
,Jeollabukdo,2015,4,Bicycle,Jeollabukdo,Aug 28 2018 12:27AM,
,Jeollabukdo,2015,4,Bicycle,Jeollabukdo,Aug 28 2018 12:27AM,
,Jeollabukdo,2015,7,Bicycle,Jeollabukdo,Aug 28 2018 12:27AM,
,Jeollabukdo,2015,7,Bicycle,Jeollabukdo,Aug 28 2018 12:27AM,
,Jeollabukdo,2015,6,Bicycle,Jeollabukdo,Aug 28 2018 12:27AM,
,Jeollabukdo,2015,5,Bicycle,Jeollabukdo,Aug 28 2018 12:27AM,
,Jeollabukdo,2015,4,Bicycle,Jeollabukdo,Aug 28 2018 12:27AM,
,Jeollabukdo,2015,4,Bicycle,Jeollabukdo,Aug 28 2018 12:27AM,
,Jeollabukdo,2015,4,Bicycle,Jeollabukdo,Aug 28 2018 12:27AM,
,Jeollanamdo,2015,5,Bicycle,Jeollanamdo,Aug 28 2018 12:27AM,
,Jeollanamdo,2015,4,Bicycle,Jeollanamdo,Aug 28 2018 12:27AM,
,Jeollanamdo,2015,4,Bicycle,Jeollanamdo,Aug 28 2018 12:27AM,
,Jeollanamdo,2015,5,Bicycle,Jeollanamdo,Aug 28 2018 12:27AM,
,Jeollanamdo,2015,5,Bicycle,Jeollanamdo,Aug 28 2018 12:27AM,
,Jeollanamdo,2015,4,Bicycle,Jeollanamdo,Aug 28 2018 12:27AM,
,Jeollanamdo,2015,7,Bicycle,Jeollanamdo,Aug 28 2018 12:27AM,
,Gyeongsangbukdo,2015,7,Bicycle,Gyeongsangbukdo,Aug 28 2018 12:27AM,
,Gyeongsangbukdo,2015,6,Bicycle,Gyeongsangbukdo,Aug 28 2018 12:27AM,
,Gyeongsangbukdo,2015,5,Bicycle,Gyeongsangbukdo,Aug 28 2018 12:27AM,
,Gyeongsangbukdo,2015,8,Bicycle,Gyeongsangbukdo,Aug 28 2018 12:27AM,
,Gyeongsangbukdo,2015,8,Bicycle,Gyeongsangbukdo,Aug 28 2018 12:27AM,
,Gyeongsangbukdo,2015,5,Bicycle,Gyeongsangbukdo,Aug 28 2018 12:27AM,
,Gyeongsangbukdo,2015,5,Bicycle,Gyeongsangbukdo,Aug 28 2018 12:27AM,
,Gyeongsangbukdo,2015,5,Bicycle,Gyeongsangbukdo,Aug 28 2018 12:27AM,
,Gyeongsangbukdo,2015,4,Bicycle,Gyeongsangbukdo,Aug 28 2018 12:27AM,
,Gyeongsangbukdo,2015,4,Bicycle,Gyeongsangbukdo,Aug 28 2018 12:27AM,
,Gyeongsangbukdo,2015,4,Bicycle,Gyeongsangbukdo,Aug 28 2018 12:27AM,
,Gyeongsangbukdo,2015,4,Bicycle,Gyeongsangbukdo,Aug 28 2018 12:27AM,
,Gyeongsangbukdo,2015,5,Bicycle,Gyeongsangbukdo,Aug 28 2018 12:27AM,
,Gyeongsangbukdo,2015,4,Bicycle,Gyeongsangbukdo,Aug 28 2018 12:27AM,
,Gyeongsangbukdo,2015,4,Bicycle,Gyeongsangbukdo,Aug 28 2018 12:27AM,
,Gyeongsangbukdo,2015,4,Bicycle,Gyeongsangbukdo,Aug 28 2018 12:27AM,
,Gyeongsangbukdo,2015,7,Bicycle,Gyeongsangbukdo,Aug 28 2018 12:27AM,
,Gyeongsangbukdo,2015,5,Bicycle,Gyeongsangbukdo,Aug 28 2018 12:27AM,
,Gyeongsangbukdo,2015,5,Bicycle,Gyeongsangbukdo,Aug 28 2018 12:27AM,
,Gyeongsangbukdo,2015,6,Bicycle,Gyeongsangbukdo,Aug 28 2018 12:27AM,
,Gyeongsangbukdo,2015,5,Bicycle,Gyeongsangbukdo,Aug 28 2018 12:27AM,
,Gyeongsangbukdo,2015,5,Bicycle,Gyeongsangbukdo,Aug 28 2018 12:27AM,
,Gyeongsangbukdo,2015,5,Bicycle,Gyeongsangbukdo,Aug 28 2018 12:27AM,
,Gyeongsangbukdo,2015,4,Bicycle,Gyeongsangbukdo,Aug 28 2018 12:27AM,
,Gyeongsangbukdo,2015,8,Bicycle,Gyeongsangbukdo,Aug 28 2018 12:27AM,
,Gyeongsangbukdo,2015,6,Bicycle,Gyeongsangbukdo,Aug 28 2018 12:27AM,
,Gyeongsangbukdo,2015,4,Bicycle,Gyeongsangbukdo,Aug 28 2018 12:27AM,
,Gyeongsangbukdo,2015,4,Bicycle,Gyeongsangbukdo,Aug 28 2018 12:27AM,
,Gyeongsangnamdo,2015,8,Bicycle,Gyeongsangnamdo,Aug 28 2018 12:27AM,
,Gyeongsangnamdo,2015,5,Bicycle,Gyeongsangnamdo,Aug 28 2018 12:27AM,
,Gyeongsangnamdo,2015,4,Bicycle,Gyeongsangnamdo,Aug 28 2018 12:27AM,
,Gyeongsangnamdo,2015,5,Bicycle,Gyeongsangnamdo,Aug 28 2018 12:27AM,
,Gyeongsangnamdo,2015,4,Bicycle,Gyeongsangnamdo,Aug 28 2018 12:27AM,
,Gyeongsangnamdo,2015,6,Bicycle,Gyeongsangnamdo,Aug 28 2018 12:27AM,
,Gyeongsangnamdo,2015,4,Bicycle,Gyeongsangnamdo,Aug 28 2018 12:27AM,
,Gyeongsangnamdo,2015,5,Bicycle,Gyeongsangnamdo,Aug 28 2018 12:27AM,
,Gyeongsangnamdo,2015,5,Bicycle,Gyeongsangnamdo,Aug 28 2018 12:27AM,
,Gyeongsangnamdo,2015,4,Bicycle,Gyeongsangnamdo,Aug 28 2018 12:27AM,
,Gyeongsangnamdo,2015,4,Bicycle,Gyeongsangnamdo,Aug 28 2018 12:27AM,
,Gyeongsangnamdo,2015,4,Bicycle,Gyeongsangnamdo,Aug 28 2018 12:27AM,
,Gyeongsangnamdo,2015,6,Bicycle,Gyeongsangnamdo,Aug 28 2018 12:27AM,
,Gyeongsangnamdo,2015,6,Bicycle,Gyeongsangnamdo,Aug 28 2018 12:27AM,
,Jeju,2015,5,Bicycle,Jeju,Aug 28 2018 12:27AM,
,Jeju,2015,5,Bicycle,Jeju,Aug 28 2018 12:27AM,
,Jeju,2015,4,Bicycle,Jeju,Aug 28 2018 12:27AM,
,Seoul,2015,11,Stepless_crossing,Seoul,Aug 28 2018 12:27AM,
,Seoul,2015,5,Stepless_crossing,Seoul,Aug 28 2018 12:27AM,
,Seoul,2015,15,Stepless_crossing,Seoul,Aug 28 2018 12:27AM,
,Seoul,2015,10,Stepless_crossing,Seoul,Aug 28 2018 12:27AM,
,Seoul,2015,8,Stepless_crossing,Seoul,Aug 28 2018 12:27AM,
,Seoul,2015,5,Stepless_crossing,Seoul,Aug 28 2018 12:27AM,
,Seoul,2015,4,Stepless_crossing,Seoul,Aug 28 2018 12:27AM,
,Seoul,2015,10,Stepless_crossing,Seoul,Aug 28 2018 12:27AM,
,Seoul,2015,5,Stepless_crossing,Seoul,Aug 28 2018 12:27AM,
,Seoul,2015,6,Stepless_crossing,Seoul,Aug 28 2018 12:27AM,
,Seoul,2015,9,Stepless_crossing,Seoul,Aug 28 2018 12:27AM,
,Seoul,2015,10,Stepless_crossing,Seoul,Aug 28 2018 12:27AM,
,Seoul,2015,4,Stepless_crossing,Seoul,Aug 28 2018 12:27AM,
,Seoul,2015,5,Stepless_crossing,Seoul,Aug 28 2018 12:27AM,
,Seoul,2015,4,Stepless_crossing,Seoul,Aug 28 2018 12:27AM,
,Seoul,2015,7,Stepless_crossing,Seoul,Aug 28 2018 12:27AM,
,Seoul,2015,4,Stepless_crossing,Seoul,Aug 28 2018 12:27AM,
,Seoul,2015,8,Stepless_crossing,Seoul,Aug 28 2018 12:27AM,
,Seoul,2015,6,Stepless_crossing,Seoul,Aug 28 2018 12:27AM,
,Seoul,2015,8,Stepless_crossing,Seoul,Aug 28 2018 12:27AM,
,Seoul,2015,6,Stepless_crossing,Seoul,Aug 28 2018 12:27AM,
,Seoul,2015,6,Stepless_crossing,Seoul,Aug 28 2018 12:27AM,
,Seoul,2015,4,Stepless_crossing,Seoul,Aug 28 2018 12:27AM,
,Seoul,2015,22,Stepless_crossing,Seoul,Aug 28 2018 12:27AM,
,Seoul,2015,5,Stepless_crossing,Seoul,Aug 28 2018 12:27AM,
,Seoul,2015,15,Stepless_crossing,Seoul,Aug 28 2018 12:27AM,
,Seoul,2015,9,Stepless_crossing,Seoul,Aug 28 2018 12:27AM,
,Seoul,2015,6,Stepless_crossing,Seoul,Aug 28 2018 12:27AM,
,Seoul,2015,5,Stepless_crossing,Seoul,Aug 28 2018 12:27AM,
,Seoul,2015,14,Stepless_crossing,Seoul,Aug 28 2018 12:27AM,
,Seoul,2015,9,Stepless_crossing,Seoul,Aug 28 2018 12:27AM,
,Seoul,2015,7,Stepless_crossing,Seoul,Aug 28 2018 12:27AM,
,Seoul,2015,14,Stepless_crossing,Seoul,Aug 28 2018 12:27AM,
,Seoul,2015,6,Stepless_crossing,Seoul,Aug 28 2018 12:27AM,
,Seoul,2015,6,Stepless_crossing,Seoul,Aug 28 2018 12:27AM,
,Seoul,2015,4,Stepless_crossing,Seoul,Aug 28 2018 12:27AM,
,Seoul,2015,6,Stepless_crossing,Seoul,Aug 28 2018 12:27AM,
,Busan,2015,11,Stepless_crossing,Busan,Aug 28 2018 12:27AM,
,Busan,2015,5,Stepless_crossing,Busan,Aug 28 2018 12:27AM,
,Busan,2015,16,Stepless_crossing,Busan,Aug 28 2018 12:27AM,
,Busan,2015,4,Stepless_crossing,Busan,Aug 28 2018 12:27AM,
,Busan,2015,3,Stepless_crossing,Busan,Aug 28 2018 12:27AM,
,Busan,2015,9,Stepless_crossing,Busan,Aug 28 2018 12:27AM,
,Busan,2015,4,Stepless_crossing,Busan,Aug 28 2018 12:27AM,
,Busan,2015,9,Stepless_crossing,Busan,Aug 28 2018 12:27AM,
,Busan,2015,7,Stepless_crossing,Busan,Aug 28 2018 12:27AM,
,Busan,2015,6,Stepless_crossing,Busan,Aug 28 2018 12:27AM,
,Busan,2015,6,Stepless_crossing,Busan,Aug 28 2018 12:27AM,
,Busan,2015,5,Stepless_crossing,Busan,Aug 28 2018 12:27AM,
,Busan,2015,4,Stepless_crossing,Busan,Aug 28 2018 12:27AM,
,Busan,2015,4,Stepless_crossing,Busan,Aug 28 2018 12:27AM,
,Busan,2015,4,Stepless_crossing,Busan,Aug 28 2018 12:27AM,
,Busan,2015,8,Stepless_crossing,Busan,Aug 28 2018 12:27AM,
,Busan,2015,6,Stepless_crossing,Busan,Aug 28 2018 12:27AM,
,Busan,2015,7,Stepless_crossing,Busan,Sep 26 2018  7:24AM,
,Busan,2015,4,Stepless_crossing,Busan,Sep 26 2018  7:24AM,
,Busan,2015,4,Stepless_crossing,Busan,Sep 26 2018  7:24AM,
,Busan,2015,9,Stepless_crossing,Busan,Sep 26 2018  7:24AM,
,Busan,2015,6,Stepless_crossing,Busan,Sep 26 2018  7:24AM,
,Busan,2015,6,Stepless_crossing,Busan,Sep 26 2018  7:24AM,
,Busan,2015,4,Stepless_crossing,Busan,Sep 26 2018  7:24AM,
,Busan,2015,3,Stepless_crossing,Busan,Sep 26 2018  7:24AM,
,Busan,2015,3,Stepless_crossing,Busan,Sep 26 2018  7:24AM,
,Busan,2015,7,Stepless_crossing,Busan,Sep 26 2018  7:24AM,
,Busan,2015,6,Stepless_crossing,Busan,Sep 26 2018  7:24AM,
,Busan,2015,4,Stepless_crossing,Busan,Sep 26 2018  7:24AM,
,Busan,2015,7,Stepless_crossing,Busan,Sep 26 2018  7:24AM,
,Busan,2015,5,Stepless_crossing,Busan,Sep 26 2018  7:24AM,
,Busan,2015,4,Stepless_crossing,Busan,Sep 26 2018  7:24AM,
,Busan,2015,6,Stepless_crossing,Busan,Sep 26 2018  7:24AM,
,Daegu,2015,7,Stepless_crossing,Daegu,Sep 26 2018  7:24AM,
,Daegu,2015,5,Stepless_crossing,Daegu,Sep 26 2018  7:24AM,
,Daegu,2015,5,Stepless_crossing,Daegu,Sep 26 2018  7:24AM,
,Daegu,2015,5,Stepless_crossing,Daegu,Sep 26 2018  7:24AM,
,Daegu,2015,4,Stepless_crossing,Daegu,Sep 26 2018  7:24AM,
,Daegu,2015,10,Stepless_crossing,Daegu,Sep 26 2018  7:24AM,
,Daegu,2015,7,Stepless_crossing,Daegu,Sep 26 2018  7:24AM,
,Daegu,2015,8,Stepless_crossing,Daegu,Sep 26 2018  7:24AM,
,Daegu,2015,10,Stepless_crossing,Daegu,Sep 26 2018  7:24AM,
,Daegu,2015,4,Stepless_crossing,Daegu,Sep 26 2018  7:24AM,
,Daegu,2015,4,Stepless_crossing,Daegu,Sep 26 2018  7:24AM,
,Daegu,2015,4,Stepless_crossing,Daegu,Sep 26 2018  7:24AM,
,Daegu,2015,9,Stepless_crossing,Daegu,Sep 26 2018  7:24AM,
,Daegu,2015,9,Stepless_crossing,Daegu,Sep 26 2018  7:24AM,
,Daegu,2015,7,Stepless_crossing,Daegu,Sep 26 2018  7:24AM,
,Daegu,2015,6,Stepless_crossing,Daegu,Sep 26 2018  7:24AM,
,Daegu,2015,5,Stepless_crossing,Daegu,Sep 26 2018  7:24AM,
,Daegu,2015,5,Stepless_crossing,Daegu,Sep 26 2018  7:24AM,
,Daegu,2015,4,Stepless_crossing,Daegu,Sep 26 2018  7:24AM,
,Daegu,2015,4,Stepless_crossing,Daegu,Sep 26 2018  7:24AM,
,Daegu,2015,4,Stepless_crossing,Daegu,Sep 26 2018  7:24AM,
,Daegu,2015,4,Stepless_crossing,Daegu,Sep 26 2018  7:24AM,
,Daegu,2015,9,Stepless_crossing,Daegu,Sep 26 2018  7:24AM,
,Daegu,2015,6,Stepless_crossing,Daegu,Sep 26 2018  7:24AM,
,Daegu,2015,4,Stepless_crossing,Daegu,Sep 26 2018  7:24AM,
,Daegu,2015,4,Stepless_crossing,Daegu,Sep 26 2018  7:24AM,
,Daegu,2015,4,Stepless_crossing,Daegu,Sep 26 2018  7:24AM,
,Daegu,2015,4,Stepless_crossing,Daegu,Sep 26 2018  7:24AM,
,Daegu,2015,4,Stepless_crossing,Daegu,Sep 26 2018  7:24AM,
,Daegu,2015,4,Stepless_crossing,Daegu,Sep 26 2018  7:24AM,
,Incheon,2015,4,Stepless_crossing,Incheon,Sep 26 2018  7:24AM,
,Incheon,2015,9,Stepless_crossing,Incheon,Sep 26 2018  7:24AM,
,Incheon,2015,7,Stepless_crossing,Incheon,Sep 26 2018  7:24AM,
,Incheon,2015,6,Stepless_crossing,Incheon,Sep 26 2018  7:24AM,
,Incheon,2015,5,Stepless_crossing,Incheon,Sep 26 2018  7:24AM,
,Incheon,2015,4,Stepless_crossing,Incheon,Sep 26 2018  7:24AM,
,Incheon,2015,4,Stepless_crossing,Incheon,Sep 26 2018  7:24AM,
,Incheon,2015,4,Stepless_crossing,Incheon,Sep 26 2018  7:24AM,
,Incheon,2015,8,Stepless_crossing,Incheon,Sep 26 2018  7:24AM,
,Incheon,2015,7,Stepless_crossing,Incheon,Sep 26 2018  7:24AM,
,Incheon,2015,5,Stepless_crossing,Incheon,Sep 26 2018  7:24AM,
,Incheon,2015,4,Stepless_crossing,Incheon,Sep 26 2018  7:24AM,
,Incheon,2015,9,Stepless_crossing,Incheon,Sep 26 2018  7:24AM,
,Incheon,2015,8,Stepless_crossing,Incheon,Sep 26 2018  7:24AM,
,Incheon,2015,7,Stepless_crossing,Incheon,Sep 26 2018  7:24AM,
,Incheon,2015,7,Stepless_crossing,Incheon,Sep 26 2018  7:24AM,
,Incheon,2015,5,Stepless_crossing,Incheon,Sep 26 2018  7:24AM,
,Incheon,2015,4,Stepless_crossing,Incheon,Sep 26 2018  7:24AM,
,Incheon,2015,4,Stepless_crossing,Incheon,Sep 26 2018  7:24AM,
,Incheon,2015,4,Stepless_crossing,Incheon,Sep 26 2018  7:24AM,
,Incheon,2015,15,Stepless_crossing,Incheon,Sep 26 2018  7:24AM,
,Incheon,2015,8,Stepless_crossing,Incheon,Sep 26 2018  7:24AM,
,Incheon,2015,7,Stepless_crossing,Incheon,Sep 26 2018  7:24AM,
,Incheon,2015,4,Stepless_crossing,Incheon,Sep 26 2018  7:24AM,
,Incheon,2015,5,Stepless_crossing,Incheon,Sep 26 2018  7:24AM,
,Incheon,2015,4,Stepless_crossing,Incheon,Sep 26 2018  7:24AM,
,Incheon,2015,4,Stepless_crossing,Incheon,Sep 26 2018  7:24AM,
,Gwangju,2015,8,Stepless_crossing,Gwangju,Sep 26 2018  7:24AM,
,Gwangju,2015,4,Stepless_crossing,Gwangju,Sep 26 2018  7:24AM,
,Gwangju,2015,5,Stepless_crossing,Gwangju,Sep 26 2018  7:24AM,
,Gwangju,2015,4,Stepless_crossing,Gwangju,Sep 26 2018  7:24AM,
,Gwangju,2015,4,Stepless_crossing,Gwangju,Sep 26 2018  7:24AM,
,Gwangju,2015,4,Stepless_crossing,Gwangju,Sep 26 2018  7:24AM,
,Gwangju,2015,8,Stepless_crossing,Gwangju,Sep 26 2018  7:24AM,
,Gwangju,2015,5,Stepless_crossing,Gwangju,Sep 26 2018  7:24AM,
,Gwangju,2015,4,Stepless_crossing,Gwangju,Sep 26 2018  7:24AM,
,Gwangju,2015,6,Stepless_crossing,Gwangju,Sep 26 2018  7:24AM,
,Gwangju,2015,5,Stepless_crossing,Gwangju,Sep 26 2018  7:24AM,
,Gwangju,2015,5,Stepless_crossing,Gwangju,Sep 26 2018  7:24AM,
,Gwangju,2015,7,Stepless_crossing,Gwangju,Sep 26 2018  7:24AM,
,Gwangju,2015,6,Stepless_crossing,Gwangju,Sep 26 2018  7:24AM,
,Gwangju,2015,4,Stepless_crossing,Gwangju,Sep 26 2018  7:24AM,
,Daejeon,2015,4,Stepless_crossing,Daejeon,Sep 26 2018  7:24AM,
,Daejeon,2015,4,Stepless_crossing,Daejeon,Sep 26 2018  7:24AM,
,Daejeon,2015,4,Stepless_crossing,Daejeon,Sep 26 2018  7:24AM,
,Daejeon,2015,5,Stepless_crossing,Daejeon,Sep 26 2018  7:24AM,
,Daejeon,2015,4,Stepless_crossing,Daejeon,Sep 26 2018  7:24AM,
,Daejeon,2015,4,Stepless_crossing,Daejeon,Sep 26 2018  7:24AM,
,Daejeon,2015,4,Stepless_crossing,Daejeon,Sep 26 2018  7:24AM,
,Daejeon,2015,4,Stepless_crossing,Daejeon,Sep 26 2018  7:24AM,
,Daejeon,2015,6,Stepless_crossing,Daejeon,Sep 26 2018  7:24AM,
,Daejeon,2015,6,Stepless_crossing,Daejeon,Sep 26 2018  7:24AM,
,Daejeon,2015,4,Stepless_crossing,Daejeon,Sep 26 2018  7:24AM,
,Daejeon,2015,4,Stepless_crossing,Daejeon,Sep 26 2018  7:24AM,
,Ulsan,2015,6,Stepless_crossing,Ulsan,Sep 26 2018  7:24AM,
,Ulsan,2015,14,Stepless_crossing,Ulsan,Sep 26 2018  7:24AM,
,Ulsan,2015,7,Stepless_crossing,Ulsan,Sep 26 2018  7:24AM,
,Ulsan,2015,7,Stepless_crossing,Ulsan,Sep 26 2018  7:24AM,
,Ulsan,2015,6,Stepless_crossing,Ulsan,Sep 26 2018  7:24AM,
,Ulsan,2015,5,Stepless_crossing,Ulsan,Sep 26 2018  7:24AM,
,Ulsan,2015,5,Stepless_crossing,Ulsan,Sep 26 2018  7:24AM,
,Ulsan,2015,4,Stepless_crossing,Ulsan,Sep 26 2018  7:24AM,
,Ulsan,2015,4,Stepless_crossing,Ulsan,Sep 26 2018  7:24AM,
,Gyeonggi,2015,8,Stepless_crossing,Gyeonggi,Sep 26 2018  7:24AM,
,Gyeonggi,2015,7,Stepless_crossing,Gyeonggi,Sep 26 2018  7:24AM,
,Gyeonggi,2015,5,Stepless_crossing,Gyeonggi,Sep 26 2018  7:24AM,
,Gyeonggi,2015,4,Stepless_crossing,Gyeonggi,Sep 26 2018  7:24AM,
,Gyeonggi,2015,5,Stepless_crossing,Gyeonggi,Sep 26 2018  7:24AM,
,Gyeonggi,2015,4,Stepless_crossing,Gyeonggi,Sep 26 2018  7:24AM,
,Gyeonggi,2015,20,Stepless_crossing,Gyeonggi,Sep 26 2018  7:24AM,
,Gyeonggi,2015,9,Stepless_crossing,Gyeonggi,Sep 26 2018  7:24AM,
,Gyeonggi,2015,4,Stepless_crossing,Gyeonggi,Sep 26 2018  7:24AM,
,Gyeonggi,2015,8,Stepless_crossing,Gyeonggi,Sep 26 2018  7:24AM,
,Gyeonggi,2015,6,Stepless_crossing,Gyeonggi,Sep 26 2018  7:24AM,
,Gyeonggi,2015,4,Stepless_crossing,Gyeonggi,Sep 26 2018  7:24AM,
,Gyeonggi,2015,11,Stepless_crossing,Gyeonggi,Sep 26 2018  7:24AM,
,Gyeonggi,2015,10,Stepless_crossing,Gyeonggi,Sep 26 2018  7:24AM,
,Gyeonggi,2015,10,Stepless_crossing,Gyeonggi,Sep 26 2018  7:24AM,
,Gyeonggi,2015,9,Stepless_crossing,Gyeonggi,Sep 26 2018  7:24AM,
,Gyeonggi,2015,5,Stepless_crossing,Gyeonggi,Sep 26 2018  7:24AM,
,Gyeonggi,2015,5,Stepless_crossing,Gyeonggi,Sep 26 2018  7:24AM,
,Gyeonggi,2015,12,Stepless_crossing,Gyeonggi,Sep 26 2018  7:24AM,
,Gyeonggi,2015,9,Stepless_crossing,Gyeonggi,Sep 26 2018  7:24AM,
,Gyeonggi,2015,3,Stepless_crossing,Gyeonggi,Sep 26 2018  7:24AM,
,Gyeonggi,2015,5,Stepless_crossing,Gyeonggi,Sep 26 2018  7:24AM,
,Gyeonggi,2015,4,Stepless_crossing,Gyeonggi,Sep 26 2018  7:24AM,
,Gyeonggi,2015,9,Stepless_crossing,Gyeonggi,Sep 26 2018  7:24AM,
,Gyeonggi,2015,6,Stepless_crossing,Gyeonggi,Sep 26 2018  7:24AM,
,Gyeonggi,2015,10,Stepless_crossing,Gyeonggi,Sep 26 2018  7:24AM,
,Gyeonggi,2015,6,Stepless_crossing,Gyeonggi,Sep 26 2018  7:24AM,
,Gyeonggi,2015,6,Stepless_crossing,Gyeonggi,Sep 26 2018  7:24AM,
,Gyeonggi,2015,5,Stepless_crossing,Gyeonggi,Sep 26 2018  7:24AM,
,Gyeonggi,2015,4,Stepless_crossing,Gyeonggi,Sep 26 2018  7:24AM,
,Gyeonggi,2015,4,Stepless_crossing,Gyeonggi,Sep 26 2018  7:24AM,
,Gyeonggi,2015,4,Stepless_crossing,Gyeonggi,Sep 26 2018  7:24AM,
,Gyeonggi,2015,4,Stepless_crossing,Gyeonggi,Sep 26 2018  7:24AM,
,Gyeonggi,2015,9,Stepless_crossing,Gyeonggi,Sep 26 2018  7:24AM,
,Gyeonggi,2015,5,Stepless_crossing,Gyeonggi,Sep 26 2018  7:24AM,
,Gyeonggi,2015,6,Stepless_crossing,Gyeonggi,Sep 26 2018  7:24AM,
,Gyeonggi,2015,4,Stepless_crossing,Gyeonggi,Sep 26 2018  7:24AM,
,Gyeonggi,2015,5,Stepless_crossing,Gyeonggi,Sep 26 2018  7:24AM,
,Gangwon,2015,7,Stepless_crossing,Gangwon,Sep 26 2018  7:24AM,
,Gangwon,2015,6,Stepless_crossing,Gangwon,Sep 26 2018  7:24AM,
,Gangwon,2015,6,Stepless_crossing,Gangwon,Sep 26 2018  7:24AM,
,Gangwon,2015,5,Stepless_crossing,Gangwon,Sep 26 2018  7:24AM,
,Chungcheongbukdo,2015,5,Stepless_crossing,Chungcheongbukdo,Sep 26 2018  7:24AM,
,Chungcheongnamdo,2015,5,Stepless_crossing,Chungcheongnamdo,Sep 26 2018  7:24AM,
,Chungcheongnamdo,2015,4,Stepless_crossing,Chungcheongnamdo,Sep 26 2018  7:24AM,
,Chungcheongnamdo,2015,5,Stepless_crossing,Chungcheongnamdo,Sep 26 2018  7:24AM,
,Chungcheongnamdo,2015,5,Stepless_crossing,Chungcheongnamdo,Sep 26 2018  7:24AM,
,Jeollabukdo,2015,5,Stepless_crossing,Jeollabukdo,Sep 26 2018  7:24AM,
,Jeollabukdo,2015,5,Stepless_crossing,Jeollabukdo,Sep 26 2018  7:24AM,
,Jeollabukdo,2015,4,Stepless_crossing,Jeollabukdo,Sep 26 2018  7:24AM,
,Jeollabukdo,2015,5,Stepless_crossing,Jeollabukdo,Sep 26 2018  7:24AM,
,Jeollabukdo,2015,4,Stepless_crossing,Jeollabukdo,Sep 26 2018  7:24AM,
,Jeollabukdo,2015,7,Stepless_crossing,Jeollabukdo,Sep 26 2018  7:24AM,
,Jeollabukdo,2015,6,Stepless_crossing,Jeollabukdo,Sep 26 2018  7:24AM,
,Jeollabukdo,2015,4,Stepless_crossing,Jeollabukdo,Sep 26 2018  7:24AM,
,Jeollanamdo,2015,10,Stepless_crossing,Jeollanamdo,Sep 26 2018  7:24AM,
,Jeollanamdo,2015,10,Stepless_crossing,Jeollanamdo,Sep 26 2018  7:24AM,
,Jeollanamdo,2015,6,Stepless_crossing,Jeollanamdo,Sep 26 2018  7:24AM,
,Jeollanamdo,2015,6,Stepless_crossing,Jeollanamdo,Sep 26 2018  7:24AM,
,Jeollanamdo,2015,6,Stepless_crossing,Jeollanamdo,Sep 26 2018  7:24AM,
,Jeollanamdo,2015,4,Stepless_crossing,Jeollanamdo,Sep 26 2018  7:24AM,
,Jeollanamdo,2015,4,Stepless_crossing,Jeollanamdo,Sep 26 2018  7:24AM,
,Jeollanamdo,2015,4,Stepless_crossing,Jeollanamdo,Sep 26 2018  7:24AM,
,Jeollanamdo,2015,4,Stepless_crossing,Jeollanamdo,Sep 26 2018  7:24AM,
,Jeollanamdo,2015,5,Stepless_crossing,Jeollanamdo,Sep 26 2018  7:24AM,
,Gyeongsangbukdo,2015,4,Stepless_crossing,Gyeongsangbukdo,Sep 26 2018  7:24AM,
,Gyeongsangbukdo,2015,4,Stepless_crossing,Gyeongsangbukdo,Sep 26 2018  7:24AM,
,Gyeongsangnamdo,2015,7,Stepless_crossing,Gyeongsangnamdo,Sep 26 2018  7:24AM,
,Gyeongsangnamdo,2015,7,Stepless_crossing,Gyeongsangnamdo,Sep 26 2018  7:24AM,
,Gyeongsangnamdo,2015,11,Stepless_crossing,Gyeongsangnamdo,Sep 26 2018  7:24AM,
,Gyeongsangnamdo,2015,4,Stepless_crossing,Gyeongsangnamdo,Sep 26 2018  7:24AM,
,Gyeongsangnamdo,2015,4,Stepless_crossing,Gyeongsangnamdo,Sep 26 2018  7:24AM,
,Gyeongsangnamdo,2015,4,Stepless_crossing,Gyeongsangnamdo,Sep 26 2018  7:24AM,
,Gyeongsangnamdo,2015,5,Stepless_crossing,Gyeongsangnamdo,Sep 26 2018  7:24AM,
,Gyeongsangnamdo,2015,7,Stepless_crossing,Gyeongsangnamdo,Sep 26 2018  7:24AM,
,Jeju,2015,7,Stepless_crossing,Jeju,Oct 23 2018 10:24PM,
,Jeju,2015,6,Stepless_crossing,Jeju,Oct 23 2018 10:24PM,
,Jeju,2015,5,Stepless_crossing,Jeju,Oct 23 2018 10:24PM,
,Jeju,2015,4,Stepless_crossing,Jeju,Oct 23 2018 10:24PM,
,Jeju,2015,4,Stepless_crossing,Jeju,Oct 23 2018 10:24PM,
,Jeju,2015,4,Stepless_crossing,Jeju,Oct 23 2018 10:24PM,
,Seoul,2016,2,School_zone_children,Seoul,Oct 23 2018 10:24PM,
,Seoul,2016,2,School_zone_children,Seoul,Oct 23 2018 10:24PM,
,Seoul,2016,2,School_zone_children,Seoul,Oct 23 2018 10:24PM,
,Seoul,2016,3,School_zone_children,Seoul,Oct 23 2018 10:24PM,
,Seoul,2016,2,School_zone_children,Seoul,Oct 23 2018 10:24PM,
,Seoul,2016,2,School_zone_children,Seoul,Oct 23 2018 10:24PM,
,Seoul,2016,3,School_zone_children,Seoul,Oct 23 2018 10:24PM,
,Seoul,2016,1,School_zone_children,Seoul,Oct 23 2018 10:24PM,
,Seoul,2016,1,School_zone_children,Seoul,Oct 23 2018 10:24PM,
,Seoul,2016,2,School_zone_children,Seoul,Oct 23 2018 10:24PM,
,Busan,2016,1,School_zone_children,Busan,Oct 23 2018 10:24PM,
,Busan,2016,3,School_zone_children,Busan,Oct 23 2018 10:24PM,
,Busan,2016,2,School_zone_children,Busan,Oct 23 2018 10:24PM,
,Busan,2016,2,School_zone_children,Busan,Oct 23 2018 10:24PM,
,Busan,2016,2,School_zone_children,Busan,Oct 23 2018 10:24PM,
,Busan,2016,2,School_zone_children,Busan,Oct 23 2018 10:24PM,
,Busan,2016,2,School_zone_children,Busan,Oct 23 2018 10:24PM,
,Daegu,2016,2,School_zone_children,Daegu,Oct 23 2018 10:24PM,
,Daegu,2016,2,School_zone_children,Daegu,Oct 23 2018 10:24PM,
,Incheon,2016,2,School_zone_children,Incheon,Oct 23 2018 10:24PM,
,Incheon,2016,1,School_zone_children,Incheon,Oct 23 2018 10:24PM,
,Incheon,2016,2,School_zone_children,Incheon,Oct 23 2018 10:24PM,
,Gwangju,2016,3,School_zone_children,Gwangju,Oct 23 2018 10:24PM,
,Gwangju,2016,2,School_zone_children,Gwangju,Oct 23 2018 10:24PM,
,Daejeon,2016,2,School_zone_children,Daejeon,Oct 23 2018 10:24PM,
,Daejeon,2016,2,School_zone_children,Daejeon,Oct 23 2018 10:24PM,
,Ulsan,2016,2,School_zone_children,Ulsan,Oct 23 2018 10:24PM,
,Ulsan,2016,2,School_zone_children,Ulsan,Oct 23 2018 10:24PM,
,Ulsan,2016,2,School_zone_children,Ulsan,Oct 23 2018 10:24PM,
,Sejong,2016,2,School_zone_children,Sejong,Oct 23 2018 10:24PM,
,Gyeonggi,2016,2,School_zone_children,Gyeonggi,Oct 23 2018 10:24PM,
,Gyeonggi,2016,2,School_zone_children,Gyeonggi,Oct 23 2018 10:24PM,
,Gyeonggi,2016,2,School_zone_children,Gyeonggi,Oct 23 2018 10:24PM,
,Gyeonggi,2016,2,School_zone_children,Gyeonggi,Oct 23 2018 10:24PM,
,Gyeonggi,2016,2,School_zone_children,Gyeonggi,Oct 23 2018 10:24PM,
,Gyeonggi,2016,2,School_zone_children,Gyeonggi,Oct 23 2018 10:24PM,
,Gyeonggi,2016,2,School_zone_children,Gyeonggi,Oct 23 2018 10:24PM,
,Gyeonggi,2016,2,School_zone_children,Gyeonggi,Oct 23 2018 10:24PM,
,Gangwon,2016,2,School_zone_children,Gangwon,Oct 23 2018 10:24PM,
,Chungcheongbukdo,2016,2,School_zone_children,Chungcheongbukdo,Oct 23 2018 10:24PM,
,Chungcheongbukdo,2016,3,School_zone_children,Chungcheongbukdo,Oct 23 2018 10:24PM,
,Jeollabukdo,2016,4,School_zone_children,Jeollabukdo,Oct 23 2018 10:24PM,
,Jeollabukdo,2016,2,School_zone_children,Jeollabukdo,Oct 23 2018 10:24PM,
,Jeollabukdo,2016,2,School_zone_children,Jeollabukdo,Oct 23 2018 10:24PM,
,Jeollanamdo,2016,2,School_zone_children,Jeollanamdo,Oct 23 2018 10:24PM,
,Gyeongsangbukdo,2016,1,School_zone_children,Gyeongsangbukdo,Oct 23 2018 10:24PM,
,Gyeongsangnamdo,2016,1,School_zone_children,Gyeongsangnamdo,Oct 23 2018 10:24PM,
,Seoul,2016,3,Walking_children,Seoul,Oct 23 2018 10:24PM,
,Seoul,2016,3,Walking_children,Seoul,Oct 23 2018 10:24PM,
,Seoul,2016,3,Walking_children,Seoul,Oct 23 2018 10:24PM,
,Seoul,2016,4,Walking_children,Seoul,Oct 23 2018 10:24PM,
,Seoul,2016,3,Walking_children,Seoul,Oct 23 2018 10:24PM,
,Seoul,2016,3,Walking_children,Seoul,Oct 23 2018 10:24PM,
,Seoul,2016,5,Walking_children,Seoul,Oct 23 2018 10:24PM,
,Seoul,2016,5,Walking_children,Seoul,Oct 23 2018 10:24PM,
,Seoul,2016,3,Walking_children,Seoul,Oct 23 2018 10:24PM,
,Seoul,2016,3,Walking_children,Seoul,Oct 23 2018 10:24PM,
,Seoul,2016,4,Walking_children,Seoul,Oct 23 2018 10:24PM,
,Busan,2016,3,Walking_children,Busan,Oct 23 2018 10:24PM,
,Busan,2016,3,Walking_children,Busan,Oct 23 2018 10:24PM,
,Busan,2016,3,Walking_children,Busan,Oct 23 2018 10:24PM,
,Busan,2016,4,Walking_children,Busan,Oct 23 2018 10:24PM,
,Busan,2016,3,Walking_children,Busan,Oct 23 2018 10:24PM,
,Busan,2016,3,Walking_children,Busan,Oct 23 2018 10:24PM,
,Daegu,2016,3,Walking_children,Daegu,Oct 23 2018 10:24PM,
,Daegu,2016,4,Walking_children,Daegu,Oct 23 2018 10:24PM,
,Daegu,2016,3,Walking_children,Daegu,Oct 23 2018 10:24PM,
,Incheon,2016,4,Walking_children,Incheon,Oct 23 2018 10:24PM,
,Incheon,2016,3,Walking_children,Incheon,Oct 23 2018 10:24PM,
,Gwangju,2016,4,Walking_children,Gwangju,Oct 23 2018 10:24PM,
,Gwangju,2016,3,Walking_children,Gwangju,Oct 23 2018 10:24PM,
,Gwangju,2016,3,Walking_children,Gwangju,Oct 23 2018 10:24PM,
,Gwangju,2016,3,Walking_children,Gwangju,Oct 23 2018 10:24PM,
,Gwangju,2016,5,Walking_children,Gwangju,Oct 23 2018 10:24PM,
,Gwangju,2016,4,Walking_children,Gwangju,Oct 23 2018 10:24PM,
,Gwangju,2016,3,Walking_children,Gwangju,Oct 23 2018 10:24PM,
,Gwangju,2016,3,Walking_children,Gwangju,Oct 23 2018 10:24PM,
,Daejeon,2016,3,Walking_children,Daejeon,Oct 23 2018 10:24PM,
,Daejeon,2016,3,Walking_children,Daejeon,Oct 23 2018 10:24PM,
,Daejeon,2016,4,Walking_children,Daejeon,Oct 23 2018 10:24PM,
,Daejeon,2016,3,Walking_children,Daejeon,Oct 23 2018 10:24PM,
,Daejeon,2016,3,Walking_children,Daejeon,Oct 23 2018 10:24PM,
,Daejeon,2016,3,Walking_children,Daejeon,Oct 23 2018 10:24PM,
,Daejeon,2016,4,Walking_children,Daejeon,Oct 23 2018 10:24PM,
,Ulsan,2016,3,Walking_children,Ulsan,Oct 23 2018 10:24PM,
,Ulsan,2016,4,Walking_children,Ulsan,Oct 23 2018 10:24PM,
,Ulsan,2016,3,Walking_children,Ulsan,Oct 23 2018 10:24PM,
,Gyeonggi,2016,3,Walking_children,Gyeonggi,Oct 23 2018 10:24PM,
,Gyeonggi,2016,4,Walking_children,Gyeonggi,Oct 23 2018 10:24PM,
,Gyeonggi,2016,4,Walking_children,Gyeonggi,Oct 23 2018 10:24PM,
,Gyeonggi,2016,3,Walking_children,Gyeonggi,Oct 23 2018 10:24PM,
,Gyeonggi,2016,2,Walking_children,Gyeonggi,Oct 23 2018 10:24PM,
,Gyeonggi,2016,5,Walking_children,Gyeonggi,Oct 23 2018 10:24PM,
,Gyeonggi,2016,3,Walking_children,Gyeonggi,Oct 23 2018 10:24PM,
,Gyeonggi,2016,4,Walking_children,Gyeonggi,Oct 23 2018 10:24PM,
,Gyeonggi,2016,5,Walking_children,Gyeonggi,Oct 23 2018 10:24PM,
,Gyeonggi,2016,4,Walking_children,Gyeonggi,Oct 23 2018 10:24PM,
,Gyeonggi,2016,4,Walking_children,Gyeonggi,Oct 23 2018 10:24PM,
,Gyeonggi,2016,4,Walking_children,Gyeonggi,Oct 23 2018 10:24PM,
,Gyeonggi,2016,3,Walking_children,Gyeonggi,Oct 23 2018 10:24PM,
,Gyeonggi,2016,3,Walking_children,Gyeonggi,Oct 23 2018 10:24PM,
,Gyeonggi,2016,3,Walking_children,Gyeonggi,Oct 23 2018 10:24PM,
,Gyeonggi,2016,3,Walking_children,Gyeonggi,Oct 23 2018 10:24PM,
,Gyeonggi,2016,3,Walking_children,Gyeonggi,Oct 23 2018 10:24PM,
,Gyeonggi,2016,3,Walking_children,Gyeonggi,Oct 23 2018 10:24PM,
,Gyeonggi,2016,3,Walking_children,Gyeonggi,Oct 23 2018 10:24PM,
,Gangwon,2016,4,Walking_children,Gangwon,Oct 23 2018 10:24PM,
,Gangwon,2016,3,Walking_children,Gangwon,Oct 23 2018 10:24PM,
,Gangwon,2016,3,Walking_children,Gangwon,Oct 23 2018 10:24PM,
,Gangwon,2016,3,Walking_children,Gangwon,Oct 23 2018 10:24PM,
,Chungcheongbukdo,2016,6,Walking_children,Chungcheongbukdo,Oct 23 2018 10:24PM,
,Chungcheongbukdo,2016,5,Walking_children,Chungcheongbukdo,Oct 23 2018 10:24PM,
,Chungcheongbukdo,2016,3,Walking_children,Chungcheongbukdo,Oct 23 2018 10:24PM,
,Chungcheongbukdo,2016,4,Walking_children,Chungcheongbukdo,Oct 23 2018 10:24PM,
,Jeollabukdo,2016,5,Walking_children,Jeollabukdo,Oct 23 2018 10:24PM,
,Jeollabukdo,2016,5,Walking_children,Jeollabukdo,Oct 23 2018 10:24PM,
,Jeollabukdo,2016,5,Walking_children,Jeollabukdo,Oct 23 2018 10:24PM,
,Jeollabukdo,2016,3,Walking_children,Jeollabukdo,Oct 23 2018 10:24PM,
,Jeollanamdo,2016,4,Walking_children,Jeollanamdo,Oct 23 2018 10:24PM,
,Jeollanamdo,2016,4,Walking_children,Jeollanamdo,Oct 23 2018 10:24PM,
,Jeollanamdo,2016,5,Walking_children,Jeollanamdo,Nov  5 2018  6:54PM,
,Jeollanamdo,2016,3,Walking_children,Jeollanamdo,Nov  5 2018  6:54PM,
,Gyeongsangbukdo,2016,3,Walking_children,Gyeongsangbukdo,Nov  5 2018  6:54PM,
,Gyeongsangbukdo,2016,5,Walking_children,Gyeongsangbukdo,Nov  5 2018  6:54PM,
,Gyeongsangbukdo,2016,3,Walking_children,Gyeongsangbukdo,Nov  5 2018  6:54PM,
,Gyeongsangbukdo,2016,3,Walking_children,Gyeongsangbukdo,Nov  5 2018  6:54PM,
,Gyeongsangbukdo,2016,4,Walking_children,Gyeongsangbukdo,Nov  5 2018  6:54PM,
,Gyeongsangbukdo,2016,3,Walking_children,Gyeongsangbukdo,Nov  5 2018  6:54PM,
,Gyeongsangnamdo,2016,3,Walking_children,Gyeongsangnamdo,Nov  5 2018  6:54PM,
,Gyeongsangnamdo,2016,3,Walking_children,Gyeongsangnamdo,Nov  5 2018  6:54PM,
,Gyeongsangnamdo,2016,3,Walking_children,Gyeongsangnamdo,Nov  5 2018  6:54PM,
,Gyeongsangnamdo,2016,3,Walking_children,Gyeongsangnamdo,Nov  5 2018  6:54PM,
,Jeju,2016,4,Walking_children,Jeju,May  5 2018  6:54PM,
,Jeju,2016,4,Walking_children,Jeju,May  5 2018  6:54PM,
,Jeju,2016,4,Walking_children,Jeju,May  5 2018  6:54PM,
,Jeju,2016,3,Walking_children,Jeju,May  5 2018  6:54PM,
,Jeju,2016,3,Walking_children,Jeju,May  5 2018  6:54PM,
,Jeju,2016,3,Walking_children,Jeju,May  5 2018  6:54PM,
,Seoul,2016,9,Walking_old_man,Seoul,May  5 2018  6:54PM,
,Seoul,2016,7,Walking_old_man,Seoul,May  5 2018  6:54PM,
,Seoul,2016,6,Walking_old_man,Seoul,May  5 2018  6:54PM,
,Seoul,2016,5,Walking_old_man,Seoul,May  5 2018  6:54PM,
,Seoul,2016,5,Walking_old_man,Seoul,May  5 2018  6:54PM,
,Seoul,2016,4,Walking_old_man,Seoul,May  5 2018  6:54PM,
,Seoul,2016,6,Walking_old_man,Seoul,May  5 2018  6:54PM,
,Seoul,2016,5,Walking_old_man,Seoul,May  5 2018  6:54PM,
,Seoul,2016,2,Walking_old_man,Seoul,May  5 2018  6:54PM,
,Seoul,2016,4,Walking_old_man,Seoul,May  5 2018  6:54PM,
,Seoul,2016,4,Walking_old_man,Seoul,May  5 2018  6:54PM,
,Seoul,2016,4,Walking_old_man,Seoul,May  5 2018  6:54PM,
,Seoul,2016,3,Walking_old_man,Seoul,May  5 2018  6:54PM,
,Seoul,2016,3,Walking_old_man,Seoul,May  5 2018  6:54PM,
,Seoul,2016,3,Walking_old_man,Seoul,May  5 2018  6:54PM,
,Seoul,2016,3,Walking_old_man,Seoul,May  5 2018  6:54PM,
,Seoul,2016,3,Walking_old_man,Seoul,May  5 2018  6:54PM,
,Seoul,2016,3,Walking_old_man,Seoul,May  5 2018  6:54PM,
,Seoul,2016,2,Walking_old_man,Seoul,May  5 2018  6:54PM,
,Seoul,2016,3,Walking_old_man,Seoul,May  5 2018  6:54PM,
,Seoul,2016,15,Walking_old_man,Seoul,May  5 2018  6:54PM,
,Seoul,2016,12,Walking_old_man,Seoul,May  5 2018  6:54PM,
,Seoul,2016,8,Walking_old_man,Seoul,May  5 2018  6:54PM,
,Seoul,2016,8,Walking_old_man,Seoul,May  5 2018  6:54PM,
,Seoul,2016,7,Walking_old_man,Seoul,May  5 2018  6:54PM,
,Seoul,2016,6,Walking_old_man,Seoul,May  5 2018  6:54PM,
,Seoul,2016,5,Walking_old_man,Seoul,May  5 2018  6:54PM,
,Seoul,2016,4,Walking_old_man,Seoul,May  5 2018  6:54PM,
,Seoul,2016,4,Walking_old_man,Seoul,May  5 2018  6:54PM,
,Seoul,2016,4,Walking_old_man,Seoul,May  5 2018  6:54PM,
,Seoul,2016,4,Walking_old_man,Seoul,May  5 2018  6:54PM,
,Seoul,2016,4,Walking_old_man,Seoul,May  5 2018  6:54PM,
,Seoul,2016,3,Walking_old_man,Seoul,May  5 2018  6:54PM,
,Seoul,2016,6,Walking_old_man,Seoul,May  5 2018  6:54PM,
,Seoul,2016,4,Walking_old_man,Seoul,May  5 2018  6:54PM,
,Seoul,2016,4,Walking_old_man,Seoul,May  5 2018  6:54PM,
,Seoul,2016,4,Walking_old_man,Seoul,May  5 2018  6:54PM,
,Seoul,2016,3,Walking_old_man,Seoul,May  5 2018  6:54PM,
,Seoul,2016,3,Walking_old_man,Seoul,May  5 2018  6:54PM,
,Seoul,2016,9,Walking_old_man,Seoul,May  5 2018  6:54PM,
,Seoul,2016,6,Walking_old_man,Seoul,May  5 2018  6:54PM,
,Seoul,2016,5,Walking_old_man,Seoul,May  5 2018  6:54PM,
,Seoul,2016,5,Walking_old_man,Seoul,May  5 2018  6:54PM,
,Seoul,2016,4,Walking_old_man,Seoul,May  5 2018  6:54PM,
,Seoul,2016,4,Walking_old_man,Seoul,May  5 2018  6:54PM,
,Seoul,2016,4,Walking_old_man,Seoul,May  5 2018  6:54PM,
,Seoul,2016,4,Walking_old_man,Seoul,May  5 2018  6:54PM,
,Seoul,2016,4,Walking_old_man,Seoul,May  5 2018  6:54PM,
,Seoul,2016,4,Walking_old_man,Seoul,May  5 2018  6:54PM,
,Seoul,2016,3,Walking_old_man,Seoul,May  5 2018  6:54PM,
,Seoul,2016,3,Walking_old_man,Seoul,May  5 2018  6:54PM,
,Seoul,2016,3,Walking_old_man,Seoul,May  5 2018  6:54PM,
,Seoul,2016,3,Walking_old_man,Seoul,May  5 2018  6:54PM,
,Seoul,2016,3,Walking_old_man,Seoul,May  5 2018  6:54PM,
,Seoul,2016,3,Walking_old_man,Seoul,May  5 2018  6:54PM,
,Seoul,2016,2,Walking_old_man,Seoul,Dec 29 2018  4:24PM,
,Seoul,2016,9,Walking_old_man,Seoul,Dec 29 2018  4:24PM,
,Seoul,2016,5,Walking_old_man,Seoul,Dec 29 2018  4:24PM,
,Seoul,2016,5,Walking_old_man,Seoul,Dec 29 2018  4:24PM,
,Seoul,2016,4,Walking_old_man,Seoul,Dec 29 2018  4:24PM,
,Seoul,2016,4,Walking_old_man,Seoul,Dec 29 2018  4:24PM,
,Seoul,2016,4,Walking_old_man,Seoul,Dec 29 2018  4:24PM,
,Seoul,2016,4,Walking_old_man,Seoul,Dec 29 2018  4:24PM,
,Seoul,2016,4,Walking_old_man,Seoul,Dec 29 2018  4:24PM,
,Seoul,2016,3,Walking_old_man,Seoul,Dec 29 2018  4:24PM,
,Seoul,2016,3,Walking_old_man,Seoul,Dec 29 2018  4:24PM,
,Seoul,2016,3,Walking_old_man,Seoul,Dec 29 2018  4:24PM,
,Seoul,2016,2,Walking_old_man,Seoul,Dec 29 2018  4:24PM,
,Seoul,2016,4,Walking_old_man,Seoul,Dec 29 2018  4:24PM,
,Seoul,2016,4,Walking_old_man,Seoul,Dec 29 2018  4:24PM,
,Seoul,2016,3,Walking_old_man,Seoul,Dec 29 2018  4:24PM,
,Seoul,2016,3,Walking_old_man,Seoul,Dec 29 2018  4:24PM,
,Seoul,2016,3,Walking_old_man,Seoul,Dec 29 2018  4:24PM,
,Seoul,2016,3,Walking_old_man,Seoul,Dec 29 2018  4:24PM,
,Seoul,2016,4,Walking_old_man,Seoul,Dec 29 2018  4:24PM,
,Seoul,2016,3,Walking_old_man,Seoul,Dec 29 2018  4:24PM,
,Seoul,2016,3,Walking_old_man,Seoul,Dec 29 2018  4:24PM,
,Seoul,2016,3,Walking_old_man,Seoul,Dec 29 2018  4:24PM,
,Seoul,2016,8,Walking_old_man,Seoul,Dec 29 2018  4:24PM,
,Seoul,2016,6,Walking_old_man,Seoul,Dec 29 2018  4:24PM,
,Seoul,2016,5,Walking_old_man,Seoul,Dec 29 2018  4:24PM,
,Seoul,2016,5,Walking_old_man,Seoul,Dec 29 2018  4:24PM,
,Seoul,2016,4,Walking_old_man,Seoul,Dec 29 2018  4:24PM,
,Seoul,2016,4,Walking_old_man,Seoul,Dec 29 2018  4:24PM,
,Seoul,2016,3,Walking_old_man,Seoul,Dec 29 2018  4:24PM,
,Seoul,2016,3,Walking_old_man,Seoul,Dec 29 2018  4:24PM,
,Seoul,2016,3,Walking_old_man,Seoul,Dec 29 2018  4:24PM,
,Seoul,2016,6,Walking_old_man,Seoul,Dec 29 2018  4:24PM,
,Seoul,2016,5,Walking_old_man,Seoul,Dec 29 2018  4:24PM,
,Seoul,2016,4,Walking_old_man,Seoul,Dec 29 2018  4:24PM,
,Seoul,2016,4,Walking_old_man,Seoul,Dec 29 2018  4:24PM,
,Seoul,2016,4,Walking_old_man,Seoul,Dec 29 2018  4:24PM,
,Seoul,2016,3,Walking_old_man,Seoul,Dec 29 2018  4:24PM,
,Seoul,2016,3,Walking_old_man,Seoul,Dec 29 2018  4:24PM,
,Seoul,2016,5,Walking_old_man,Seoul,Dec 29 2018  4:24PM,
,Seoul,2016,3,Walking_old_man,Seoul,Dec 29 2018  4:24PM,
,Seoul,2016,3,Walking_old_man,Seoul,Dec 29 2018  4:24PM,
,Seoul,2016,2,Walking_old_man,Seoul,Dec 29 2018  4:24PM,
,Seoul,2016,7,Walking_old_man,Seoul,Dec 29 2018  4:24PM,
,Seoul,2016,4,Walking_old_man,Seoul,Dec 29 2018  4:24PM,
,Seoul,2016,3,Walking_old_man,Seoul,Dec 29 2018  4:24PM,
,Seoul,2016,3,Walking_old_man,Seoul,Dec 29 2018  4:24PM,
,Seoul,2016,5,Walking_old_man,Seoul,Dec 29 2018  4:24PM,
,Seoul,2016,4,Walking_old_man,Seoul,Dec 29 2018  4:24PM,
,Seoul,2016,4,Walking_old_man,Seoul,Dec 29 2018  4:24PM,
,Seoul,2016,4,Walking_old_man,Seoul,Dec 29 2018  4:24PM,
,Seoul,2016,2,Walking_old_man,Seoul,Dec 29 2018  4:24PM,
,Seoul,2016,6,Walking_old_man,Seoul,Dec 29 2018  4:24PM,
,Seoul,2016,4,Walking_old_man,Seoul,Dec 29 2018  4:24PM,
,Seoul,2016,4,Walking_old_man,Seoul,Dec 29 2018  4:24PM,
,Seoul,2016,3,Walking_old_man,Seoul,Dec 29 2018  4:24PM,
,Seoul,2016,3,Walking_old_man,Seoul,Dec 29 2018  4:24PM,
,Seoul,2016,2,Walking_old_man,Seoul,Dec 29 2018  4:24PM,
,Seoul,2016,2,Walking_old_man,Seoul,Dec 29 2018  4:24PM,
,Seoul,2016,3,Walking_old_man,Seoul,Dec 29 2018  4:24PM,
,Seoul,2016,3,Walking_old_man,Seoul,Dec 29 2018  4:24PM,
,Seoul,2016,3,Walking_old_man,Seoul,Dec 29 2018  4:24PM,
,Seoul,2016,3,Walking_old_man,Seoul,Dec 29 2018  4:24PM,
,Seoul,2016,3,Walking_old_man,Seoul,Dec 29 2018  4:24PM,
,Seoul,2016,2,Walking_old_man,Seoul,Dec 29 2018  4:24PM,
,Seoul,2016,8,Walking_old_man,Seoul,Dec 29 2018  4:24PM,
,Seoul,2016,6,Walking_old_man,Seoul,Dec 29 2018  4:24PM,
,Seoul,2016,5,Walking_old_man,Seoul,Dec 29 2018  4:24PM,
,Seoul,2016,3,Walking_old_man,Seoul,Dec 29 2018  4:24PM,
,Seoul,2016,3,Walking_old_man,Seoul,Dec 29 2018  4:24PM,
,Seoul,2016,3,Walking_old_man,Seoul,Dec 29 2018  4:24PM,
,Seoul,2016,3,Walking_old_man,Seoul,Dec 29 2018  4:24PM,
,Seoul,2016,3,Walking_old_man,Seoul,Dec 29 2018  4:24PM,
,Seoul,2016,8,Walking_old_man,Seoul,Dec 29 2018  4:24PM,
,Seoul,2016,6,Walking_old_man,Seoul,Dec 29 2018  4:24PM,
,Seoul,2016,5,Walking_old_man,Seoul,Dec 29 2018  4:24PM,
,Seoul,2016,3,Walking_old_man,Seoul,Dec 29 2018  4:24PM,
,Seoul,2016,7,Walking_old_man,Seoul,Dec 29 2018  4:24PM,
,Seoul,2016,5,Walking_old_man,Seoul,Dec 29 2018  4:24PM,
,Seoul,2016,5,Walking_old_man,Seoul,Dec 29 2018  4:24PM,
,Seoul,2016,4,Walking_old_man,Seoul,Dec 29 2018  4:24PM,
,Seoul,2016,4,Walking_old_man,Seoul,Dec 29 2018  4:24PM,
,Seoul,2016,4,Walking_old_man,Seoul,Dec 29 2018  4:24PM,
,Seoul,2016,3,Walking_old_man,Seoul,Dec 29 2018  4:24PM,
,Seoul,2016,3,Walking_old_man,Seoul,Dec 29 2018  4:24PM,
,Seoul,2016,3,Walking_old_man,Seoul,Dec 29 2018  4:24PM,
,Seoul,2016,2,Walking_old_man,Seoul,Dec 29 2018  4:24PM,
,Seoul,2016,10,Walking_old_man,Seoul,Dec 29 2018  4:24PM,
,Seoul,2016,3,Walking_old_man,Seoul,Dec 29 2018  4:24PM,
,Seoul,2016,3,Walking_old_man,Seoul,Dec 29 2018  4:24PM,
,Seoul,2016,3,Walking_old_man,Seoul,Dec 29 2018  4:24PM,
,Seoul,2016,3,Walking_old_man,Seoul,Dec 29 2018  4:24PM,
,Seoul,2016,2,Walking_old_man,Seoul,Dec 29 2018  4:24PM,
,Seoul,2016,6,Walking_old_man,Seoul,Dec 29 2018  4:24PM,
,Seoul,2016,4,Walking_old_man,Seoul,Dec 29 2018  4:24PM,
,Seoul,2016,3,Walking_old_man,Seoul,Dec 29 2018  4:24PM,
,Seoul,2016,3,Walking_old_man,Seoul,Dec 29 2018  4:24PM,
,Seoul,2016,3,Walking_old_man,Seoul,Dec 29 2018  4:24PM,
,Seoul,2016,3,Walking_old_man,Seoul,Dec 29 2018  4:24PM,
,Seoul,2016,3,Walking_old_man,Seoul,Dec 29 2018  4:24PM,
,Seoul,2016,4,Walking_old_man,Seoul,Dec 29 2018  4:24PM,
,Seoul,2016,4,Walking_old_man,Seoul,Dec 29 2018  4:24PM,
,Seoul,2016,3,Walking_old_man,Seoul,Dec 29 2018  4:24PM,
,Seoul,2016,3,Walking_old_man,Seoul,Dec 29 2018  4:24PM,
,Seoul,2016,3,Walking_old_man,Seoul,Dec 29 2018  4:24PM,
,Seoul,2016,3,Walking_old_man,Seoul,Dec 29 2018  4:24PM,
,Busan,2016,9,Walking_old_man,Busan,Dec 29 2018  4:24PM,
,Busan,2016,4,Walking_old_man,Busan,Dec 29 2018  4:24PM,
,Busan,2016,4,Walking_old_man,Busan,Dec 29 2018  4:24PM,
,Busan,2016,7,Walking_old_man,Busan,Dec 29 2018  4:24PM,
,Busan,2016,5,Walking_old_man,Busan,Dec 29 2018  4:24PM,
,Busan,2016,5,Walking_old_man,Busan,Dec 29 2018  4:24PM,
,Busan,2016,5,Walking_old_man,Busan,Dec 29 2018  4:24PM,
,Busan,2016,4,Walking_old_man,Busan,Dec 29 2018  4:24PM,
,Busan,2016,7,Walking_old_man,Busan,Dec 29 2018  4:24PM,
,Busan,2016,3,Walking_old_man,Busan,Dec 29 2018  4:24PM,
,Busan,2016,2,Walking_old_man,Busan,Dec 29 2018  4:24PM,
,Busan,2016,13,Walking_old_man,Busan,Dec 29 2018  4:24PM,
,Busan,2016,6,Walking_old_man,Busan,Dec 29 2018  4:24PM,
,Busan,2016,6,Walking_old_man,Busan,Dec 29 2018  4:24PM,
,Busan,2016,4,Walking_old_man,Busan,Dec 29 2018  4:24PM,
,Busan,2016,3,Walking_old_man,Busan,Dec 29 2018  4:24PM,
,Busan,2016,3,Walking_old_man,Busan,Dec 29 2018  4:24PM,
,Busan,2016,8,Walking_old_man,Busan,Dec 29 2018  4:24PM,
,Busan,2016,5,Walking_old_man,Busan,Dec 29 2018  4:24PM,
,Busan,2016,5,Walking_old_man,Busan,Dec 29 2018  4:24PM,
,Busan,2016,3,Walking_old_man,Busan,Dec 29 2018  4:24PM,
,Busan,2016,3,Walking_old_man,Busan,Dec 29 2018  4:24PM,
,Busan,2016,3,Walking_old_man,Busan,Dec 29 2018  4:24PM,
,Busan,2016,2,Walking_old_man,Busan,Dec 29 2018  4:24PM,
,Busan,2016,7,Walking_old_man,Busan,Dec 29 2018  4:24PM,
,Busan,2016,6,Walking_old_man,Busan,Dec 29 2018  4:24PM,
,Busan,2016,5,Walking_old_man,Busan,Dec 29 2018  4:24PM,
,Busan,2016,5,Walking_old_man,Busan,Dec 29 2018  4:24PM,
,Busan,2016,4,Walking_old_man,Busan,Dec 29 2018  4:24PM,
,Busan,2016,4,Walking_old_man,Busan,Dec 29 2018  4:24PM,
,Busan,2016,4,Walking_old_man,Busan,Dec 29 2018  4:24PM,
,Busan,2016,3,Walking_old_man,Busan,Dec 29 2018  4:24PM,
,Busan,2016,3,Walking_old_man,Busan,Dec 29 2018  4:24PM,
,Busan,2016,3,Walking_old_man,Busan,Dec 29 2018  4:24PM,
,Busan,2016,4,Walking_old_man,Busan,Dec 29 2018  4:24PM,
,Busan,2016,4,Walking_old_man,Busan,Dec 29 2018  4:24PM,
,Busan,2016,3,Walking_old_man,Busan,Dec 29 2018  4:24PM,
,Busan,2016,10,Walking_old_man,Busan,Dec 29 2018  4:24PM,
,Busan,2016,6,Walking_old_man,Busan,Dec 29 2018  4:24PM,
,Busan,2016,6,Walking_old_man,Busan,Dec 29 2018  4:24PM,
,Busan,2016,5,Walking_old_man,Busan,Dec 29 2018  4:24PM,
,Busan,2016,5,Walking_old_man,Busan,Dec 29 2018  4:24PM,
,Busan,2016,4,Walking_old_man,Busan,Dec 29 2018  4:24PM,
,Busan,2016,4,Walking_old_man,Busan,Dec 29 2018  4:24PM,
,Busan,2016,3,Walking_old_man,Busan,Dec 29 2018  4:24PM,
,Busan,2016,5,Walking_old_man,Busan,Dec 29 2018  4:24PM,
,Busan,2016,3,Walking_old_man,Busan,Dec 29 2018  4:24PM,
,Busan,2016,3,Walking_old_man,Busan,Dec 29 2018  4:24PM,
,Busan,2016,5,Walking_old_man,Busan,Dec 29 2018  4:24PM,
,Busan,2016,4,Walking_old_man,Busan,Dec 29 2018  4:24PM,
,Busan,2016,4,Walking_old_man,Busan,Dec 29 2018  4:24PM,
,Busan,2016,4,Walking_old_man,Busan,Dec 29 2018  4:24PM,
,Busan,2016,4,Walking_old_man,Busan,Dec 29 2018  4:24PM,
,Busan,2016,3,Walking_old_man,Busan,Dec 29 2018  4:24PM,
,Busan,2016,3,Walking_old_man,Busan,Dec 29 2018  4:24PM,
,Busan,2016,9,Walking_old_man,Busan,Dec 29 2018  4:24PM,
,Busan,2016,3,Walking_old_man,Busan,Dec 29 2018  4:24PM,
,Busan,2016,3,Walking_old_man,Busan,Dec 29 2018  4:24PM,
,Busan,2016,3,Walking_old_man,Busan,Dec 29 2018  4:24PM,
,Busan,2016,5,Walking_old_man,Busan,Dec 29 2018  4:24PM,
,Busan,2016,5,Walking_old_man,Busan,Dec 29 2018  4:24PM,
,Busan,2016,4,Walking_old_man,Busan,Dec 29 2018  4:24PM,
,Busan,2016,3,Walking_old_man,Busan,Dec 29 2018  4:24PM,
,Busan,2016,4,Walking_old_man,Busan,Dec 29 2018  4:24PM,
,Busan,2016,3,Walking_old_man,Busan,Dec 29 2018  4:24PM,
,Daegu,2016,4,Walking_old_man,Daegu,Dec 29 2018  4:24PM,
,Daegu,2016,4,Walking_old_man,Daegu,Dec 29 2018  4:24PM,
,Daegu,2016,4,Walking_old_man,Daegu,Dec 29 2018  4:24PM,
,Daegu,2016,4,Walking_old_man,Daegu,Dec 29 2018  4:24PM,
,Daegu,2016,3,Walking_old_man,Daegu,Dec 29 2018  4:24PM,
,Daegu,2016,5,Walking_old_man,Daegu,Dec 29 2018  4:24PM,
,Daegu,2016,4,Walking_old_man,Daegu,Dec 29 2018  4:24PM,
,Daegu,2016,4,Walking_old_man,Daegu,Dec 29 2018  4:24PM,
,Daegu,2016,4,Walking_old_man,Daegu,Dec 29 2018  4:24PM,
,Daegu,2016,4,Walking_old_man,Daegu,Dec 29 2018  4:24PM,
,Daegu,2016,3,Walking_old_man,Daegu,Dec 29 2018  4:24PM,
,Daegu,2016,3,Walking_old_man,Daegu,Dec 29 2018  4:24PM,
,Daegu,2016,3,Walking_old_man,Daegu,Dec 29 2018  4:24PM,
,Daegu,2016,6,Walking_old_man,Daegu,Dec 29 2018  4:24PM,
,Daegu,2016,3,Walking_old_man,Daegu,Dec 29 2018  4:24PM,
,Daegu,2016,2,Walking_old_man,Daegu,Dec 29 2018  4:24PM,
,Daegu,2016,6,Walking_old_man,Daegu,Dec 29 2018  4:24PM,
,Daegu,2016,4,Walking_old_man,Daegu,Dec 29 2018  4:24PM,
,Daegu,2016,3,Walking_old_man,Daegu,Dec 29 2018  4:24PM,
,Daegu,2016,9,Walking_old_man,Daegu,Dec 29 2018  4:24PM,
,Daegu,2016,4,Walking_old_man,Daegu,Dec 29 2018  4:24PM,
,Daegu,2016,3,Walking_old_man,Daegu,Dec 29 2018  4:24PM,
,Daegu,2016,3,Walking_old_man,Daegu,Dec 29 2018  4:24PM,
,Daegu,2016,3,Walking_old_man,Daegu,Dec 29 2018  4:24PM,
,Daegu,2016,3,Walking_old_man,Daegu,Dec 29 2018  4:24PM,
,Daegu,2016,3,Walking_old_man,Daegu,Dec 29 2018  4:24PM,
,Daegu,2016,2,Walking_old_man,Daegu,Dec 29 2018  4:24PM,
,Daegu,2016,7,Walking_old_man,Daegu,Dec 29 2018  4:24PM,
,Daegu,2016,5,Walking_old_man,Daegu,Dec 29 2018  4:24PM,
,Daegu,2016,4,Walking_old_man,Daegu,Dec 29 2018  4:24PM,
,Daegu,2016,4,Walking_old_man,Daegu,Dec 29 2018  4:24PM,
,Daegu,2016,4,Walking_old_man,Daegu,Dec 29 2018  4:24PM,
,Daegu,2016,4,Walking_old_man,Daegu,Dec 29 2018  4:24PM,
,Daegu,2016,3,Walking_old_man,Daegu,Dec 29 2018  4:24PM,
,Daegu,2016,3,Walking_old_man,Daegu,Dec 29 2018  4:24PM,
,Daegu,2016,3,Walking_old_man,Daegu,Dec 29 2018  4:24PM,
,Daegu,2016,3,Walking_old_man,Daegu,Dec 29 2018  4:24PM,
,Daegu,2016,3,Walking_old_man,Daegu,Dec 29 2018  4:24PM,
,Incheon,2016,3,Walking_old_man,Incheon,Dec 29 2018  4:24PM,
,Incheon,2016,2,Walking_old_man,Incheon,Dec 29 2018  4:24PM,
,Incheon,2016,5,Walking_old_man,Incheon,Dec 29 2018  4:24PM,
,Incheon,2016,4,Walking_old_man,Incheon,Dec 29 2018  4:24PM,
,Incheon,2016,3,Walking_old_man,Incheon,Dec 29 2018  4:24PM,
,Incheon,2016,3,Walking_old_man,Incheon,Dec 29 2018  4:24PM,
,Incheon,2016,3,Walking_old_man,Incheon,Dec 29 2018  4:24PM,
,Incheon,2016,2,Walking_old_man,Incheon,Dec 29 2018  4:24PM,
,Incheon,2016,6,Walking_old_man,Incheon,Dec 29 2018  4:24PM,
,Incheon,2016,4,Walking_old_man,Incheon,Dec 29 2018  4:24PM,
,Incheon,2016,3,Walking_old_man,Incheon,Dec 29 2018  4:24PM,
,Incheon,2016,6,Walking_old_man,Incheon,Dec 29 2018  4:24PM,
,Incheon,2016,5,Walking_old_man,Incheon,Dec 29 2018  4:24PM,
,Incheon,2016,4,Walking_old_man,Incheon,Dec 29 2018  4:24PM,
,Incheon,2016,4,Walking_old_man,Incheon,Dec 29 2018  4:24PM,
,Incheon,2016,4,Walking_old_man,Incheon,Dec 29 2018  4:24PM,
,Incheon,2016,3,Walking_old_man,Incheon,Dec 29 2018  4:24PM,
,Incheon,2016,3,Walking_old_man,Incheon,Dec 29 2018  4:24PM,
,Incheon,2016,5,Walking_old_man,Incheon,Dec 29 2018  4:24PM,
,Incheon,2016,3,Walking_old_man,Incheon,Dec 29 2018  4:24PM,
,Incheon,2016,2,Walking_old_man,Incheon,Dec 29 2018  4:24PM,
,Gwangju,2016,5,Walking_old_man,Gwangju,Dec 29 2018  4:24PM,
,Gwangju,2016,4,Walking_old_man,Gwangju,Dec 29 2018  4:24PM,
,Gwangju,2016,5,Walking_old_man,Gwangju,Dec 29 2018  4:24PM,
,Gwangju,2016,5,Walking_old_man,Gwangju,Dec 29 2018  4:24PM,
,Gwangju,2016,4,Walking_old_man,Gwangju,Dec 29 2018  4:24PM,
,Gwangju,2016,4,Walking_old_man,Gwangju,Dec 29 2018  4:24PM,
,Gwangju,2016,3,Walking_old_man,Gwangju,Dec 29 2018  4:24PM,
,Gwangju,2016,2,Walking_old_man,Gwangju,Dec 29 2018  4:24PM,
,Gwangju,2016,5,Walking_old_man,Gwangju,Dec 29 2018  4:24PM,
,Gwangju,2016,5,Walking_old_man,Gwangju,Dec 29 2018  4:24PM,
,Gwangju,2016,5,Walking_old_man,Gwangju,Dec 29 2018  4:24PM,
,Gwangju,2016,4,Walking_old_man,Gwangju,Dec 29 2018  4:24PM,
,Gwangju,2016,3,Walking_old_man,Gwangju,Dec 29 2018  4:24PM,
,Gwangju,2016,3,Walking_old_man,Gwangju,Dec 29 2018  4:24PM,
,Gwangju,2016,2,Walking_old_man,Gwangju,Dec 29 2018  4:24PM,
,Daejeon,2016,5,Walking_old_man,Daejeon,Dec 29 2018  4:24PM,
,Daejeon,2016,4,Walking_old_man,Daejeon,Dec 29 2018  4:24PM,
,Daejeon,2016,4,Walking_old_man,Daejeon,Dec 29 2018  4:24PM,
,Daejeon,2016,4,Walking_old_man,Daejeon,Dec 29 2018  4:24PM,
,Daejeon,2016,4,Walking_old_man,Daejeon,Dec 29 2018  4:24PM,
,Daejeon,2016,3,Walking_old_man,Daejeon,Dec 29 2018  4:24PM,
,Daejeon,2016,3,Walking_old_man,Daejeon,Dec 29 2018  4:24PM,
,Daejeon,2016,2,Walking_old_man,Daejeon,Dec 29 2018  4:24PM,
,Daejeon,2016,5,Walking_old_man,Daejeon,Dec 29 2018  4:24PM,
,Daejeon,2016,4,Walking_old_man,Daejeon,Dec 29 2018  4:24PM,
,Daejeon,2016,4,Walking_old_man,Daejeon,Dec 29 2018  4:24PM,
,Daejeon,2016,4,Walking_old_man,Daejeon,Dec 29 2018  4:24PM,
,Daejeon,2016,3,Walking_old_man,Daejeon,Dec 29 2018  4:24PM,
,Daejeon,2016,3,Walking_old_man,Daejeon,Dec 29 2018  4:24PM,
,Daejeon,2016,3,Walking_old_man,Daejeon,Dec 29 2018  4:24PM,
,Daejeon,2016,3,Walking_old_man,Daejeon,Dec 29 2018  4:24PM,
,Daejeon,2016,3,Walking_old_man,Daejeon,Dec 29 2018  4:24PM,
,Daejeon,2016,3,Walking_old_man,Daejeon,Dec 29 2018  4:24PM,
,Daejeon,2016,3,Walking_old_man,Daejeon,Dec 29 2018  4:24PM,
,Daejeon,2016,3,Walking_old_man,Daejeon,Dec 29 2018  4:24PM,
,Ulsan,2016,5,Walking_old_man,Ulsan,Dec 29 2018  4:24PM,
,Ulsan,2016,5,Walking_old_man,Ulsan,Dec 29 2018  4:24PM,
,Ulsan,2016,5,Walking_old_man,Ulsan,Dec 29 2018  4:24PM,
,Ulsan,2016,4,Walking_old_man,Ulsan,Dec 29 2018  4:24PM,
,Ulsan,2016,3,Walking_old_man,Ulsan,Dec 29 2018  4:24PM,
,Ulsan,2016,6,Walking_old_man,Ulsan,Dec 29 2018  4:24PM,
,Ulsan,2016,5,Walking_old_man,Ulsan,Dec 29 2018  4:24PM,
,Ulsan,2016,4,Walking_old_man,Ulsan,Dec 29 2018  4:24PM,
,Ulsan,2016,4,Walking_old_man,Ulsan,Dec 29 2018  4:24PM,
,Ulsan,2016,2,Walking_old_man,Ulsan,Dec 29 2018  4:24PM,
,Ulsan,2016,5,Walking_old_man,Ulsan,Jan  4 2018  8:04PM,
,Ulsan,2016,3,Walking_old_man,Ulsan,Jan  4 2018  8:04PM,
,Gyeonggi,2016,7,Walking_old_man,Gyeonggi,Jan  4 2018  8:04PM,
,Gyeonggi,2016,5,Walking_old_man,Gyeonggi,Jan  4 2018  8:04PM,
,Gyeonggi,2016,4,Walking_old_man,Gyeonggi,Jan  4 2018  8:04PM,
,Gyeonggi,2016,4,Walking_old_man,Gyeonggi,Jan  4 2018  8:04PM,
,Gyeonggi,2016,3,Walking_old_man,Gyeonggi,Jan  4 2018  8:04PM,
,Gyeonggi,2016,7,Walking_old_man,Gyeonggi,Jan  4 2018  8:04PM,
,Gyeonggi,2016,5,Walking_old_man,Gyeonggi,Jan  4 2018  8:04PM,
,Gyeonggi,2016,4,Walking_old_man,Gyeonggi,Jan  4 2018  8:04PM,
,Gyeonggi,2016,4,Walking_old_man,Gyeonggi,Jan  4 2018  8:04PM,
,Gyeonggi,2016,4,Walking_old_man,Gyeonggi,Jan  4 2018  8:04PM,
,Gyeonggi,2016,4,Walking_old_man,Gyeonggi,Jan  4 2018  8:04PM,
,Gyeonggi,2016,3,Walking_old_man,Gyeonggi,Jan  4 2018  8:04PM,
,Gyeonggi,2016,3,Walking_old_man,Gyeonggi,Jan  4 2018  8:04PM,
,Gyeonggi,2016,5,Walking_old_man,Gyeonggi,Jan  4 2018  8:04PM,
,Gyeonggi,2016,5,Walking_old_man,Gyeonggi,Jan  4 2018  8:04PM,
,Gyeonggi,2016,4,Walking_old_man,Gyeonggi,Jan  4 2018  8:04PM,
,Gyeonggi,2016,4,Walking_old_man,Gyeonggi,Jan  4 2018  8:04PM,
,Gyeonggi,2016,8,Walking_old_man,Gyeonggi,Jan  4 2018  8:04PM,
,Gyeonggi,2016,5,Walking_old_man,Gyeonggi,Jan  4 2018  8:04PM,
,Gyeonggi,2016,5,Walking_old_man,Gyeonggi,Jan  4 2018  8:04PM,
,Gyeonggi,2016,4,Walking_old_man,Gyeonggi,Jan  4 2018  8:04PM,
,Gyeonggi,2016,7,Walking_old_man,Gyeonggi,Jan  4 2018  8:04PM,
,Gyeonggi,2016,4,Walking_old_man,Gyeonggi,Jan  4 2018  8:04PM,
,Gyeonggi,2016,3,Walking_old_man,Gyeonggi,Jan  4 2018  8:04PM,
,Gyeonggi,2016,3,Walking_old_man,Gyeonggi,Jan  4 2018  8:04PM,
,Gyeonggi,2016,3,Walking_old_man,Gyeonggi,Jan  4 2018  8:04PM,
,Gyeonggi,2016,3,Walking_old_man,Gyeonggi,Jan  4 2018  8:04PM,
,Gyeonggi,2016,4,Walking_old_man,Gyeonggi,Jan  4 2018  8:04PM,
,Gyeonggi,2016,3,Walking_old_man,Gyeonggi,Jan  4 2018  8:04PM,
,Gyeonggi,2016,5,Walking_old_man,Gyeonggi,Jan  4 2018  8:04PM,
,Gyeonggi,2016,5,Walking_old_man,Gyeonggi,Jan  4 2018  8:04PM,
,Gyeonggi,2016,4,Walking_old_man,Gyeonggi,Jan  4 2018  8:04PM,
,Gyeonggi,2016,3,Walking_old_man,Gyeonggi,Jan  4 2018  8:04PM,
,Gyeonggi,2016,8,Walking_old_man,Gyeonggi,Jan  4 2018  8:04PM,
,Gyeonggi,2016,4,Walking_old_man,Gyeonggi,Jan  4 2018  8:04PM,
,Gyeonggi,2016,3,Walking_old_man,Gyeonggi,Jan  4 2018  8:04PM,
,Gyeonggi,2016,3,Walking_old_man,Gyeonggi,Jan  4 2018  8:04PM,
,Gyeonggi,2016,2,Walking_old_man,Gyeonggi,Jan  4 2018  8:04PM,
,Gyeonggi,2016,9,Walking_old_man,Gyeonggi,Jan  4 2018  8:04PM,
,Gyeonggi,2016,4,Walking_old_man,Gyeonggi,Jan  4 2018  8:04PM,
,Gyeonggi,2016,3,Walking_old_man,Gyeonggi,Jan  4 2018  8:04PM,
,Gyeonggi,2016,3,Walking_old_man,Gyeonggi,Jan  4 2018  8:04PM,
,Gyeonggi,2016,4,Walking_old_man,Gyeonggi,Jan  4 2018  8:04PM,
,Gyeonggi,2016,5,Walking_old_man,Gyeonggi,Jan  4 2018  8:04PM,
,Gyeonggi,2016,5,Walking_old_man,Gyeonggi,Jan  4 2018  8:04PM,
,Gyeonggi,2016,4,Walking_old_man,Gyeonggi,Jan  4 2018  8:04PM,
,Gyeonggi,2016,3,Walking_old_man,Gyeonggi,Jan  4 2018  8:04PM,
,Gyeonggi,2016,3,Walking_old_man,Gyeonggi,Jan  4 2018  8:04PM,
,Gyeonggi,2016,4,Walking_old_man,Gyeonggi,Jan  4 2018  8:04PM,
,Gyeonggi,2016,2,Walking_old_man,Gyeonggi,Jan  4 2018  8:04PM,
,Gyeonggi,2016,3,Walking_old_man,Gyeonggi,Jan  4 2018  8:04PM,
,Gyeonggi,2016,3,Walking_old_man,Gyeonggi,Jan  4 2018  8:04PM,
,Gyeonggi,2016,2,Walking_old_man,Gyeonggi,Jan  4 2018  8:04PM,
,Gyeonggi,2016,4,Walking_old_man,Gyeonggi,Jan  4 2018  8:04PM,
,Gyeonggi,2016,3,Walking_old_man,Gyeonggi,Jan  4 2018  8:04PM,
,Gyeonggi,2016,8,Walking_old_man,Gyeonggi,Jan  4 2018  8:04PM,
,Gyeonggi,2016,5,Walking_old_man,Gyeonggi,Jan  4 2018  8:04PM,
,Gyeonggi,2016,4,Walking_old_man,Gyeonggi,Jan  4 2018  8:04PM,
,Gyeonggi,2016,3,Walking_old_man,Gyeonggi,Jan  4 2018  8:04PM,
,Gyeonggi,2016,4,Walking_old_man,Gyeonggi,Jan  4 2018  8:04PM,
,Gyeonggi,2016,3,Walking_old_man,Gyeonggi,Jan  4 2018  8:04PM,
,Gyeonggi,2016,3,Walking_old_man,Gyeonggi,Jan  4 2018  8:04PM,
,Gyeonggi,2016,2,Walking_old_man,Gyeonggi,Jan  4 2018  8:04PM,
,Gyeonggi,2016,2,Walking_old_man,Gyeonggi,Jan  4 2018  8:04PM,
,Gyeonggi,2016,3,Walking_old_man,Gyeonggi,Jan  4 2018  8:04PM,
,Gyeonggi,2016,4,Walking_old_man,Gyeonggi,Jan  4 2018  8:04PM,
,Gyeonggi,2016,3,Walking_old_man,Gyeonggi,Jan  4 2018  8:04PM,
,Gyeonggi,2016,3,Walking_old_man,Gyeonggi,Jan  4 2018  8:04PM,
,Gyeonggi,2016,3,Walking_old_man,Gyeonggi,Jan  4 2018  8:04PM,
,Gyeonggi,2016,3,Walking_old_man,Gyeonggi,Jan  4 2018  8:04PM,
,Gyeonggi,2016,3,Walking_old_man,Gyeonggi,Jan  4 2018  8:04PM,
,Gyeonggi,2016,3,Walking_old_man,Gyeonggi,Jan  4 2018  8:04PM,
,Gyeonggi,2016,5,Walking_old_man,Gyeonggi,Jan  4 2018  8:04PM,
,Gyeonggi,2016,3,Walking_old_man,Gyeonggi,Jan  4 2018  8:04PM,
,Gyeonggi,2016,3,Walking_old_man,Gyeonggi,Jan  4 2018  8:04PM,
,Gyeonggi,2016,7,Walking_old_man,Gyeonggi,Jan  4 2018  8:04PM,
,Gyeonggi,2016,4,Walking_old_man,Gyeonggi,Jan  4 2018  8:04PM,
,Gyeonggi,2016,3,Walking_old_man,Gyeonggi,Jan  4 2018  8:04PM,
,Gyeonggi,2016,5,Walking_old_man,Gyeonggi,Jan  4 2018  8:04PM,
,Gyeonggi,2016,3,Walking_old_man,Gyeonggi,Jan  4 2018  8:04PM,
,Gyeonggi,2016,5,Walking_old_man,Gyeonggi,Jan  4 2018  8:04PM,
,Gyeonggi,2016,4,Walking_old_man,Gyeonggi,Jan  4 2018  8:04PM,
,Gyeonggi,2016,3,Walking_old_man,Gyeonggi,Jan  4 2018  8:04PM,
,Gyeonggi,2016,4,Walking_old_man,Gyeonggi,Jan  4 2018  8:04PM,
,Gyeonggi,2016,3,Walking_old_man,Gyeonggi,Jan  4 2018  8:04PM,
,Gyeonggi,2016,2,Walking_old_man,Gyeonggi,Jan  4 2018  8:04PM,
,Gyeonggi,2016,5,Walking_old_man,Gyeonggi,Jan  4 2018  8:04PM,
,Gyeonggi,2016,3,Walking_old_man,Gyeonggi,Jan  4 2018  8:04PM,
,Gyeonggi,2016,3,Walking_old_man,Gyeonggi,Jan  4 2018  8:04PM,
,Gyeonggi,2016,3,Walking_old_man,Gyeonggi,Jan  4 2018  8:04PM,
,Gyeonggi,2016,3,Walking_old_man,Gyeonggi,Jan  4 2018  8:04PM,
,Gangwon,2016,3,Walking_old_man,Gangwon,Jan  4 2018  8:04PM,
,Gangwon,2016,3,Walking_old_man,Gangwon,Jan  4 2018  8:04PM,
,Gangwon,2016,3,Walking_old_man,Gangwon,Jan  4 2018  8:04PM,
,Gangwon,2016,7,Walking_old_man,Gangwon,Jan  4 2018  8:04PM,
,Gangwon,2016,4,Walking_old_man,Gangwon,Jan  4 2018  8:04PM,
,Gangwon,2016,4,Walking_old_man,Gangwon,Jan  4 2018  8:04PM,
,Gangwon,2016,4,Walking_old_man,Gangwon,Jan  4 2018  8:04PM,
,Gangwon,2016,4,Walking_old_man,Gangwon,Jan  4 2018  8:04PM,
,Gangwon,2016,3,Walking_old_man,Gangwon,Jan  4 2018  8:04PM,
,Gangwon,2016,3,Walking_old_man,Gangwon,Jan  4 2018  8:04PM,
,Gangwon,2016,7,Walking_old_man,Gangwon,Jan  4 2018  8:04PM,
,Gangwon,2016,3,Walking_old_man,Gangwon,Jan  4 2018  8:04PM,
,Gangwon,2016,3,Walking_old_man,Gangwon,Jan  4 2018  8:04PM,
,Gangwon,2016,3,Walking_old_man,Gangwon,Jan  4 2018  8:04PM,
,Gangwon,2016,3,Walking_old_man,Gangwon,Jan  4 2018  8:04PM,
,Gangwon,2016,3,Walking_old_man,Gangwon,Jan  4 2018  8:04PM,
,Gangwon,2016,3,Walking_old_man,Gangwon,Jan  4 2018  8:04PM,
,Gangwon,2016,5,Walking_old_man,Gangwon,Jan  4 2018  8:04PM,
,Gangwon,2016,5,Walking_old_man,Gangwon,Jan  4 2018  8:04PM,
,Chungcheongbukdo,2016,11,Walking_old_man,Chungcheongbukdo,Jan  4 2018  8:04PM,
,Chungcheongbukdo,2016,8,Walking_old_man,Chungcheongbukdo,Jan  4 2018  8:04PM,
,Chungcheongbukdo,2016,4,Walking_old_man,Chungcheongbukdo,Jan  4 2018  8:04PM,
,Chungcheongbukdo,2016,3,Walking_old_man,Chungcheongbukdo,Jan  4 2018  8:04PM,
,Chungcheongbukdo,2016,3,Walking_old_man,Chungcheongbukdo,Jan  4 2018  8:04PM,
,Chungcheongbukdo,2016,2,Walking_old_man,Chungcheongbukdo,Jan  4 2018  8:04PM,
,Chungcheongbukdo,2016,2,Walking_old_man,Chungcheongbukdo,Jan  4 2018  8:04PM,
,Chungcheongbukdo,2016,2,Walking_old_man,Chungcheongbukdo,Jan  4 2018  8:04PM,
,Chungcheongbukdo,2016,3,Walking_old_man,Chungcheongbukdo,Jan  4 2018  8:04PM,
,Chungcheongbukdo,2016,3,Walking_old_man,Chungcheongbukdo,Jan  4 2018  8:04PM,
,Chungcheongbukdo,2016,3,Walking_old_man,Chungcheongbukdo,Jan  4 2018  8:04PM,
,Chungcheongbukdo,2016,7,Walking_old_man,Chungcheongbukdo,Jan  4 2018  8:04PM,
,Chungcheongbukdo,2016,4,Walking_old_man,Chungcheongbukdo,Jan  4 2018  8:04PM,
,Chungcheongbukdo,2016,3,Walking_old_man,Chungcheongbukdo,Jan  4 2018  8:04PM,
,Chungcheongbukdo,2016,3,Walking_old_man,Chungcheongbukdo,Jan  4 2018  8:04PM,
,Chungcheongbukdo,2016,5,Walking_old_man,Chungcheongbukdo,Jan  4 2018  8:04PM,
,Chungcheongbukdo,2016,4,Walking_old_man,Chungcheongbukdo,Jan  4 2018  8:04PM,
,Chungcheongbukdo,2016,3,Walking_old_man,Chungcheongbukdo,Jan  4 2018  8:04PM,
,Chungcheongnamdo,2016,4,Walking_old_man,Chungcheongnamdo,Jan  4 2018  8:04PM,
,Chungcheongnamdo,2016,3,Walking_old_man,Chungcheongnamdo,Jan  4 2018  8:04PM,
,Chungcheongnamdo,2016,3,Walking_old_man,Chungcheongnamdo,Jan  4 2018  8:04PM,
,Chungcheongnamdo,2016,3,Walking_old_man,Chungcheongnamdo,Jan  4 2018  8:04PM,
,Chungcheongnamdo,2016,3,Walking_old_man,Chungcheongnamdo,Jan  4 2018  8:04PM,
,Chungcheongnamdo,2016,6,Walking_old_man,Chungcheongnamdo,Jan  4 2018  8:04PM,
,Chungcheongnamdo,2016,4,Walking_old_man,Chungcheongnamdo,Jan  4 2018  8:04PM,
,Chungcheongnamdo,2016,8,Walking_old_man,Chungcheongnamdo,Jan  4 2018  8:04PM,
,Chungcheongnamdo,2016,4,Walking_old_man,Chungcheongnamdo,Jan  4 2018  8:04PM,
,Chungcheongnamdo,2016,5,Walking_old_man,Chungcheongnamdo,Jan  4 2018  8:04PM,
,Chungcheongnamdo,2016,4,Walking_old_man,Chungcheongnamdo,Jan  4 2018  8:04PM,
,Chungcheongnamdo,2016,4,Walking_old_man,Chungcheongnamdo,Jan  4 2018  8:04PM,
,Chungcheongnamdo,2016,3,Walking_old_man,Chungcheongnamdo,Jan  4 2018  8:04PM,
,Chungcheongnamdo,2016,6,Walking_old_man,Chungcheongnamdo,Jan  4 2018  8:04PM,
,Chungcheongnamdo,2016,5,Walking_old_man,Chungcheongnamdo,Jan  4 2018  8:04PM,
,Chungcheongnamdo,2016,3,Walking_old_man,Chungcheongnamdo,Jan  4 2018  8:04PM,
,Chungcheongnamdo,2016,4,Walking_old_man,Chungcheongnamdo,Jan  4 2018  8:04PM,
,Chungcheongnamdo,2016,6,Walking_old_man,Chungcheongnamdo,Jan  4 2018  8:04PM,
,Chungcheongnamdo,2016,8,Walking_old_man,Chungcheongnamdo,Jan  4 2018  8:04PM,
,Chungcheongnamdo,2016,6,Walking_old_man,Chungcheongnamdo,Jan  4 2018  8:04PM,
,Chungcheongnamdo,2016,4,Walking_old_man,Chungcheongnamdo,Jan  4 2018  8:04PM,
,Chungcheongnamdo,2016,3,Walking_old_man,Chungcheongnamdo,Jan  4 2018  8:04PM,
,Chungcheongnamdo,2016,4,Walking_old_man,Chungcheongnamdo,Jan  4 2018  8:04PM,
,Chungcheongnamdo,2016,3,Walking_old_man,Chungcheongnamdo,Jan  4 2018  8:04PM,
,Chungcheongnamdo,2016,5,Walking_old_man,Chungcheongnamdo,Jan  4 2018  8:04PM,
,Chungcheongnamdo,2016,3,Walking_old_man,Chungcheongnamdo,Jan  4 2018  8:04PM,
,Jeollabukdo,2016,3,Walking_old_man,Jeollabukdo,Jan  4 2018  8:04PM,
,Jeollabukdo,2016,3,Walking_old_man,Jeollabukdo,Jan  4 2018  8:04PM,
,Jeollabukdo,2016,3,Walking_old_man,Jeollabukdo,Jan  4 2018  8:04PM,
,Jeollabukdo,2016,3,Walking_old_man,Jeollabukdo,Jan  4 2018  8:04PM,
,Jeollabukdo,2016,2,Walking_old_man,Jeollabukdo,Jan  4 2018  8:04PM,
,Jeollabukdo,2016,5,Walking_old_man,Jeollabukdo,Jan  4 2018  8:04PM,
,Jeollabukdo,2016,4,Walking_old_man,Jeollabukdo,Jan  4 2018  8:04PM,
,Jeollabukdo,2016,3,Walking_old_man,Jeollabukdo,Jan  4 2018  8:04PM,
,Jeollabukdo,2016,3,Walking_old_man,Jeollabukdo,Jan  4 2018  8:04PM,
,Jeollabukdo,2016,3,Walking_old_man,Jeollabukdo,Jan  4 2018  8:04PM,
,Jeollabukdo,2016,7,Walking_old_man,Jeollabukdo,Jan  4 2018  8:04PM,
,Jeollabukdo,2016,6,Walking_old_man,Jeollabukdo,Jan  4 2018  8:04PM,
,Jeollabukdo,2016,3,Walking_old_man,Jeollabukdo,Jan  4 2018  8:04PM,
,Jeollabukdo,2016,3,Walking_old_man,Jeollabukdo,Jan  4 2018  8:04PM,
,Jeollabukdo,2016,7,Walking_old_man,Jeollabukdo,Jan  4 2018  8:04PM,
,Jeollabukdo,2016,3,Walking_old_man,Jeollabukdo,Jan  4 2018  8:04PM,
,Jeollabukdo,2016,6,Walking_old_man,Jeollabukdo,Jan  4 2018  8:04PM,
,Jeollabukdo,2016,3,Walking_old_man,Jeollabukdo,Jan  4 2018  8:04PM,
,Jeollabukdo,2016,6,Walking_old_man,Jeollabukdo,Jan  4 2018  8:04PM,
,Jeollabukdo,2016,2,Walking_old_man,Jeollabukdo,Jan  4 2018  8:04PM,
,Jeollanamdo,2016,5,Walking_old_man,Jeollanamdo,Jan  4 2018  8:04PM,
,Jeollanamdo,2016,3,Walking_old_man,Jeollanamdo,Jan  4 2018  8:04PM,
,Jeollanamdo,2016,2,Walking_old_man,Jeollanamdo,Jan  4 2018  8:04PM,
,Jeollanamdo,2016,6,Walking_old_man,Jeollanamdo,Jan  4 2018  8:04PM,
,Jeollanamdo,2016,4,Walking_old_man,Jeollanamdo,Jan  4 2018  8:04PM,
,Jeollanamdo,2016,4,Walking_old_man,Jeollanamdo,Jan  4 2018  8:04PM,
,Jeollanamdo,2016,4,Walking_old_man,Jeollanamdo,Jan  4 2018  8:04PM,
,Jeollanamdo,2016,3,Walking_old_man,Jeollanamdo,Jan  4 2018  8:04PM,
,Jeollanamdo,2016,3,Walking_old_man,Jeollanamdo,Jan  4 2018  8:04PM,
,Jeollanamdo,2016,5,Walking_old_man,Jeollanamdo,Jan  4 2018  8:04PM,
,Jeollanamdo,2016,4,Walking_old_man,Jeollanamdo,Jan  4 2018  8:04PM,
,Jeollanamdo,2016,4,Walking_old_man,Jeollanamdo,Jan  4 2018  8:04PM,
,Jeollanamdo,2016,6,Walking_old_man,Jeollanamdo,Jan  4 2018  8:04PM,
,Jeollanamdo,2016,3,Walking_old_man,Jeollanamdo,Jan  4 2018  8:04PM,
,Jeollanamdo,2016,5,Walking_old_man,Jeollanamdo,Jan  4 2018  8:04PM,
,Jeollanamdo,2016,5,Walking_old_man,Jeollanamdo,Jan  4 2018  8:04PM,
,Jeollanamdo,2016,4,Walking_old_man,Jeollanamdo,Jan  4 2018  8:04PM,
,Jeollanamdo,2016,4,Walking_old_man,Jeollanamdo,Jan  4 2018  8:04PM,
,Jeollanamdo,2016,5,Walking_old_man,Jeollanamdo,Jan  4 2018  8:04PM,
,Gyeongsangbukdo,2016,3,Walking_old_man,Gyeongsangbukdo,Jan  4 2018  8:04PM,
,Gyeongsangbukdo,2016,2,Walking_old_man,Gyeongsangbukdo,Jan  4 2018  8:04PM,
,Gyeongsangbukdo,2016,5,Walking_old_man,Gyeongsangbukdo,Jan  4 2018  8:04PM,
,Gyeongsangbukdo,2016,4,Walking_old_man,Gyeongsangbukdo,Jan  4 2018  8:04PM,
,Gyeongsangbukdo,2016,4,Walking_old_man,Gyeongsangbukdo,Jan  4 2018  8:04PM,
,Gyeongsangbukdo,2016,2,Walking_old_man,Gyeongsangbukdo,Jan  4 2018  8:04PM,
,Gyeongsangbukdo,2016,5,Walking_old_man,Gyeongsangbukdo,Jan  4 2018  8:04PM,
,Gyeongsangbukdo,2016,4,Walking_old_man,Gyeongsangbukdo,Jan  4 2018  8:04PM,
,Gyeongsangbukdo,2016,4,Walking_old_man,Gyeongsangbukdo,Jan  4 2018  8:04PM,
,Gyeongsangbukdo,2016,3,Walking_old_man,Gyeongsangbukdo,Jan  4 2018  8:04PM,
,Gyeongsangbukdo,2016,3,Walking_old_man,Gyeongsangbukdo,Jan  4 2018  8:04PM,
,Gyeongsangbukdo,2016,5,Walking_old_man,Gyeongsangbukdo,Jan  4 2018  8:04PM,
,Gyeongsangbukdo,2016,4,Walking_old_man,Gyeongsangbukdo,Jan  4 2018  8:04PM,
,Gyeongsangbukdo,2016,3,Walking_old_man,Gyeongsangbukdo,Jan  4 2018  8:04PM,
,Gyeongsangbukdo,2016,7,Walking_old_man,Gyeongsangbukdo,Jan  4 2018  8:04PM,
,Gyeongsangbukdo,2016,5,Walking_old_man,Gyeongsangbukdo,Jan  4 2018  8:04PM,
,Gyeongsangbukdo,2016,3,Walking_old_man,Gyeongsangbukdo,Jan  4 2018  8:04PM,
,Gyeongsangbukdo,2016,3,Walking_old_man,Gyeongsangbukdo,Jan  4 2018  8:04PM,
,Gyeongsangbukdo,2016,6,Walking_old_man,Gyeongsangbukdo,Jan  4 2018  8:04PM,
,Gyeongsangbukdo,2016,4,Walking_old_man,Gyeongsangbukdo,Jan  4 2018  8:04PM,
,Gyeongsangbukdo,2016,5,Walking_old_man,Gyeongsangbukdo,Jan  4 2018  8:04PM,
,Gyeongsangbukdo,2016,4,Walking_old_man,Gyeongsangbukdo,Feb  4 2018  8:219PM,
,Gyeongsangbukdo,2016,4,Walking_old_man,Gyeongsangbukdo,Feb  4 2018  8:219PM,
,Gyeongsangbukdo,2016,5,Walking_old_man,Gyeongsangbukdo,Feb  4 2018  8:219PM,
,Gyeongsangbukdo,2016,3,Walking_old_man,Gyeongsangbukdo,Feb  4 2018  8:219PM,
,Gyeongsangbukdo,2016,5,Walking_old_man,Gyeongsangbukdo,Feb  4 2018  8:219PM,
,Gyeongsangbukdo,2016,4,Walking_old_man,Gyeongsangbukdo,Feb  4 2018  8:219PM,
,Gyeongsangbukdo,2016,3,Walking_old_man,Gyeongsangbukdo,Feb  4 2018  8:219PM,
,Gyeongsangbukdo,2016,3,Walking_old_man,Gyeongsangbukdo,Feb  4 2018  8:219PM,
,Gyeongsangnamdo,2016,4,Walking_old_man,Gyeongsangnamdo,Feb  4 2018  8:219PM,
,Gyeongsangnamdo,2016,3,Walking_old_man,Gyeongsangnamdo,Feb  4 2018  8:219PM,
,Gyeongsangnamdo,2016,3,Walking_old_man,Gyeongsangnamdo,Feb  4 2018  8:219PM,
,Gyeongsangnamdo,2016,6,Walking_old_man,Gyeongsangnamdo,Feb  4 2018  8:219PM,
,Gyeongsangnamdo,2016,3,Walking_old_man,Gyeongsangnamdo,Feb  4 2018  8:219PM,
,Gyeongsangnamdo,2016,3,Walking_old_man,Gyeongsangnamdo,Feb  4 2018  8:219PM,
,Gyeongsangnamdo,2016,3,Walking_old_man,Gyeongsangnamdo,Feb  4 2018  8:219PM,
,Gyeongsangnamdo,2016,4,Walking_old_man,Gyeongsangnamdo,Feb  4 2018  8:219PM,
,Gyeongsangnamdo,2016,3,Walking_old_man,Gyeongsangnamdo,Feb  4 2018  8:219PM,
,Gyeongsangnamdo,2016,7,Walking_old_man,Gyeongsangnamdo,Feb  4 2018  8:219PM,
,Gyeongsangnamdo,2016,5,Walking_old_man,Gyeongsangnamdo,Feb  4 2018  8:219PM,
,Gyeongsangnamdo,2016,3,Walking_old_man,Gyeongsangnamdo,Feb  4 2018  8:219PM,
,Gyeongsangnamdo,2016,3,Walking_old_man,Gyeongsangnamdo,Feb  4 2018  8:219PM,
,Gyeongsangnamdo,2016,2,Walking_old_man,Gyeongsangnamdo,Feb  4 2018  8:219PM,
,Gyeongsangnamdo,2016,8,Walking_old_man,Gyeongsangnamdo,Feb  4 2018  8:219PM,
,Gyeongsangnamdo,2016,7,Walking_old_man,Gyeongsangnamdo,Feb  4 2018  8:219PM,
,Gyeongsangnamdo,2016,5,Walking_old_man,Gyeongsangnamdo,Feb  4 2018  8:219PM,
,Gyeongsangnamdo,2016,4,Walking_old_man,Gyeongsangnamdo,Feb  4 2018  8:219PM,
,Gyeongsangnamdo,2016,5,Walking_old_man,Gyeongsangnamdo,Feb  4 2018  8:219PM,
,Gyeongsangnamdo,2016,5,Walking_old_man,Gyeongsangnamdo,Feb  4 2018  8:219PM,
,Gyeongsangnamdo,2016,3,Walking_old_man,Gyeongsangnamdo,Feb  4 2018  8:219PM,
,Gyeongsangnamdo,2016,3,Walking_old_man,Gyeongsangnamdo,Feb  4 2018  8:219PM,
,Gyeongsangnamdo,2016,3,Walking_old_man,Gyeongsangnamdo,Feb  4 2018  8:219PM,
,Gyeongsangnamdo,2016,5,Walking_old_man,Gyeongsangnamdo,Feb  4 2018  8:219PM,
,Gyeongsangnamdo,2016,4,Walking_old_man,Gyeongsangnamdo,Feb  4 2018  8:219PM,
,Gyeongsangnamdo,2016,3,Walking_old_man,Gyeongsangnamdo,Feb  4 2018  8:219PM,
,Jeju,2016,6,Walking_old_man,Jeju,Feb  4 2018  8:219PM,
,Jeju,2016,5,Walking_old_man,Jeju,Feb  4 2018  8:219PM,
,Jeju,2016,5,Walking_old_man,Jeju,Feb  4 2018  8:219PM,
,Jeju,2016,3,Walking_old_man,Jeju,Feb  4 2018  8:219PM,
,Jeju,2016,2,Walking_old_man,Jeju,Feb  4 2018  8:219PM,
,Jeju,2016,6,Walking_old_man,Jeju,Feb  4 2018  8:219PM,
,Seoul,2016,4,Bicycle,Seoul,Feb  4 2018  8:219PM,
,Seoul,2016,9,Bicycle,Seoul,Feb  4 2018  8:219PM,
,Seoul,2016,4,Bicycle,Seoul,Feb  4 2018  8:219PM,
,Seoul,2016,9,Bicycle,Seoul,Feb  4 2018  8:219PM,
,Seoul,2016,7,Bicycle,Seoul,Feb  4 2018  8:219PM,
,Seoul,2016,7,Bicycle,Seoul,Feb  4 2018  8:219PM,
,Seoul,2016,7,Bicycle,Seoul,Feb  4 2018  8:219PM,
,Seoul,2016,5,Bicycle,Seoul,Feb  4 2018  8:219PM,
,Seoul,2016,5,Bicycle,Seoul,Feb  4 2018  8:219PM,
,Seoul,2016,5,Bicycle,Seoul,Feb  4 2018  8:219PM,
,Seoul,2016,5,Bicycle,Seoul,Feb  4 2018  8:219PM,
,Seoul,2016,5,Bicycle,Seoul,Feb  4 2018  8:219PM,
,Seoul,2016,5,Bicycle,Seoul,Feb  4 2018  8:219PM,
,Seoul,2016,5,Bicycle,Seoul,Feb  4 2018  8:219PM,
,Seoul,2016,5,Bicycle,Seoul,Feb  4 2018  8:219PM,
,Seoul,2016,4,Bicycle,Seoul,Feb  4 2018  8:219PM,
,Seoul,2016,4,Bicycle,Seoul,Feb  4 2018  8:219PM,
,Seoul,2016,4,Bicycle,Seoul,Feb  4 2018  8:219PM,
,Seoul,2016,10,Bicycle,Seoul,Feb  4 2018  8:219PM,
,Seoul,2016,7,Bicycle,Seoul,Feb  4 2018  8:219PM,
,Seoul,2016,7,Bicycle,Seoul,Feb  4 2018  8:219PM,
,Seoul,2016,7,Bicycle,Seoul,Feb  4 2018  8:219PM,
,Seoul,2016,6,Bicycle,Seoul,Feb  4 2018  8:219PM,
,Seoul,2016,6,Bicycle,Seoul,Feb  4 2018  8:219PM,
,Seoul,2016,6,Bicycle,Seoul,Feb  4 2018  8:219PM,
,Seoul,2016,5,Bicycle,Seoul,Feb  4 2018  8:219PM,
,Seoul,2016,5,Bicycle,Seoul,Feb  4 2018  8:219PM,
,Seoul,2016,5,Bicycle,Seoul,Feb  4 2018  8:219PM,
,Seoul,2016,5,Bicycle,Seoul,Feb  4 2018  8:219PM,
,Seoul,2016,4,Bicycle,Seoul,Feb  4 2018  8:219PM,
,Seoul,2016,4,Bicycle,Seoul,Feb  4 2018  8:219PM,
,Seoul,2016,4,Bicycle,Seoul,Feb  4 2018  8:219PM,
,Seoul,2016,4,Bicycle,Seoul,Feb  4 2018  8:219PM,
,Seoul,2016,4,Bicycle,Seoul,Feb  4 2018  8:219PM,
,Seoul,2016,4,Bicycle,Seoul,Feb  4 2018  8:219PM,
,Seoul,2016,10,Bicycle,Seoul,Feb  4 2018  8:219PM,
,Seoul,2016,7,Bicycle,Seoul,Feb  4 2018  8:219PM,
,Seoul,2016,7,Bicycle,Seoul,Feb  4 2018  8:219PM,
,Seoul,2016,7,Bicycle,Seoul,Feb  4 2018  8:219PM,
,Seoul,2016,7,Bicycle,Seoul,Feb  4 2018  8:219PM,
,Seoul,2016,6,Bicycle,Seoul,Feb  4 2018  8:219PM,
,Seoul,2016,6,Bicycle,Seoul,Feb  4 2018  8:219PM,
,Seoul,2016,6,Bicycle,Seoul,Feb  4 2018  8:219PM,
,Seoul,2016,5,Bicycle,Seoul,Feb  4 2018  8:219PM,
,Seoul,2016,5,Bicycle,Seoul,Feb  4 2018  8:219PM,
,Seoul,2016,5,Bicycle,Seoul,Feb  4 2018  8:219PM,
,Seoul,2016,4,Bicycle,Seoul,Feb  4 2018  8:219PM,
,Seoul,2016,4,Bicycle,Seoul,Feb  4 2018  8:219PM,
,Seoul,2016,4,Bicycle,Seoul,Feb  4 2018  8:219PM,
,Seoul,2016,4,Bicycle,Seoul,Feb  4 2018  8:219PM,
,Seoul,2016,6,Bicycle,Seoul,Feb  4 2018  8:219PM,
,Seoul,2016,6,Bicycle,Seoul,Feb  4 2018  8:219PM,
,Seoul,2016,5,Bicycle,Seoul,Feb  4 2018  8:219PM,
,Seoul,2016,4,Bicycle,Seoul,Feb  4 2018  8:219PM,
,Seoul,2016,6,Bicycle,Seoul,Feb  4 2018  8:219PM,
,Seoul,2016,6,Bicycle,Seoul,Feb  4 2018  8:219PM,
,Seoul,2016,6,Bicycle,Seoul,Feb  4 2018  8:219PM,
,Seoul,2016,6,Bicycle,Seoul,Feb  4 2018  8:219PM,
,Seoul,2016,5,Bicycle,Seoul,Feb  4 2018  8:219PM,
,Seoul,2016,5,Bicycle,Seoul,Feb  4 2018  8:219PM,
,Seoul,2016,4,Bicycle,Seoul,Feb  4 2018  8:219PM,
,Seoul,2016,4,Bicycle,Seoul,Feb  4 2018  8:219PM,
,Seoul,2016,15,Bicycle,Seoul,Feb  4 2018  8:219PM,
,Seoul,2016,7,Bicycle,Seoul,Feb  4 2018  8:219PM,
,Seoul,2016,6,Bicycle,Seoul,Feb  4 2018  8:219PM,
,Seoul,2016,6,Bicycle,Seoul,Feb  4 2018  8:219PM,
,Seoul,2016,6,Bicycle,Seoul,Feb  4 2018  8:219PM,
,Seoul,2016,5,Bicycle,Seoul,Feb  4 2018  8:219PM,
,Seoul,2016,5,Bicycle,Seoul,Feb  4 2018  8:219PM,
,Seoul,2016,4,Bicycle,Seoul,Feb  4 2018  8:219PM,
,Seoul,2016,7,Bicycle,Seoul,Feb  4 2018  8:219PM,
,Seoul,2016,6,Bicycle,Seoul,Feb  4 2018  8:219PM,
,Seoul,2016,6,Bicycle,Seoul,Feb  4 2018  8:219PM,
,Seoul,2016,5,Bicycle,Seoul,Feb  4 2018  8:219PM,
,Seoul,2016,5,Bicycle,Seoul,Feb  4 2018  8:219PM,
,Seoul,2016,4,Bicycle,Seoul,Feb  4 2018  8:219PM,
,Seoul,2016,4,Bicycle,Seoul,Feb  4 2018  8:219PM,
,Seoul,2016,4,Bicycle,Seoul,Feb  4 2018  8:219PM,
,Seoul,2016,4,Bicycle,Seoul,Feb  4 2018  8:219PM,
,Seoul,2016,6,Bicycle,Seoul,Feb  4 2018  8:219PM,
,Seoul,2016,5,Bicycle,Seoul,Feb  4 2018  8:219PM,
,Seoul,2016,5,Bicycle,Seoul,Feb  4 2018  8:219PM,
,Seoul,2016,4,Bicycle,Seoul,Mar  4 2018  8:219PM,
,Seoul,2016,3,Bicycle,Seoul,Mar  4 2018  8:219PM,
,Seoul,2016,6,Bicycle,Seoul,Mar  4 2018  8:219PM,
,Seoul,2016,4,Bicycle,Seoul,Mar  4 2018  8:219PM,
,Seoul,2016,8,Bicycle,Seoul,Mar  4 2018  8:219PM,
,Seoul,2016,7,Bicycle,Seoul,Mar  4 2018  8:219PM,
,Seoul,2016,4,Bicycle,Seoul,Mar  4 2018  8:219PM,
,Seoul,2016,4,Bicycle,Seoul,Mar  4 2018  8:219PM,
,Seoul,2016,10,Bicycle,Seoul,Mar  4 2018  8:219PM,
,Seoul,2016,8,Bicycle,Seoul,Mar  4 2018  8:219PM,
,Seoul,2016,7,Bicycle,Seoul,Mar  4 2018  8:219PM,
,Seoul,2016,5,Bicycle,Seoul,Mar  4 2018  8:219PM,
,Seoul,2016,5,Bicycle,Seoul,Mar  4 2018  8:219PM,
,Seoul,2016,5,Bicycle,Seoul,Mar  4 2018  8:219PM,
,Seoul,2016,5,Bicycle,Seoul,Mar  4 2018  8:219PM,
,Seoul,2016,4,Bicycle,Seoul,Mar  4 2018  8:219PM,
,Seoul,2016,4,Bicycle,Seoul,Mar  4 2018  8:219PM,
,Seoul,2016,6,Bicycle,Seoul,Mar  4 2018  8:219PM,
,Seoul,2016,6,Bicycle,Seoul,Mar  4 2018  8:219PM,
,Seoul,2016,6,Bicycle,Seoul,Mar  4 2018  8:219PM,
,Seoul,2016,5,Bicycle,Seoul,Mar  4 2018  8:219PM,
,Seoul,2016,5,Bicycle,Seoul,Mar  4 2018  8:219PM,
,Seoul,2016,4,Bicycle,Seoul,Mar  4 2018  8:219PM,
,Seoul,2016,4,Bicycle,Seoul,Mar  4 2018  8:219PM,
,Seoul,2016,4,Bicycle,Seoul,Mar  4 2018  8:219PM,
,Seoul,2016,4,Bicycle,Seoul,Mar  4 2018  8:219PM,
,Seoul,2016,8,Bicycle,Seoul,Mar  4 2018  8:219PM,
,Seoul,2016,7,Bicycle,Seoul,Mar  4 2018  8:219PM,
,Seoul,2016,7,Bicycle,Seoul,Mar  4 2018  8:219PM,
,Seoul,2016,6,Bicycle,Seoul,Mar  4 2018  8:219PM,
,Seoul,2016,5,Bicycle,Seoul,Mar  4 2018  8:219PM,
,Seoul,2016,5,Bicycle,Seoul,Mar  4 2018  8:219PM,
,Seoul,2016,5,Bicycle,Seoul,Mar  4 2018  8:219PM,
,Seoul,2016,5,Bicycle,Seoul,Mar  4 2018  8:219PM,
,Seoul,2016,4,Bicycle,Seoul,Mar  4 2018  8:219PM,
,Seoul,2016,4,Bicycle,Seoul,Mar  4 2018  8:219PM,
,Seoul,2016,4,Bicycle,Seoul,Mar  4 2018  8:219PM,
,Seoul,2016,4,Bicycle,Seoul,Mar  4 2018  8:219PM,
,Seoul,2016,6,Bicycle,Seoul,Mar  4 2018  8:219PM,
,Seoul,2016,5,Bicycle,Seoul,Mar  4 2018  8:219PM,
,Seoul,2016,5,Bicycle,Seoul,Mar  4 2018  8:219PM,
,Seoul,2016,11,Bicycle,Seoul,Mar  4 2018  8:219PM,
,Seoul,2016,10,Bicycle,Seoul,Mar  4 2018  8:219PM,
,Seoul,2016,9,Bicycle,Seoul,Mar  4 2018  8:219PM,
,Seoul,2016,9,Bicycle,Seoul,Mar  4 2018  8:219PM,
,Seoul,2016,8,Bicycle,Seoul,Mar  4 2018  8:219PM,
,Seoul,2016,8,Bicycle,Seoul,Mar  4 2018  8:219PM,
,Seoul,2016,7,Bicycle,Seoul,Mar  4 2018  8:219PM,
,Seoul,2016,7,Bicycle,Seoul,Mar  4 2018  8:219PM,
,Seoul,2016,6,Bicycle,Seoul,Mar  4 2018  8:219PM,
,Seoul,2016,6,Bicycle,Seoul,Mar  4 2018  8:219PM,
,Seoul,2016,5,Bicycle,Seoul,Mar  4 2018  8:219PM,
,Seoul,2016,5,Bicycle,Seoul,Mar  4 2018  8:219PM,
,Seoul,2016,5,Bicycle,Seoul,Mar  4 2018  8:219PM,
,Seoul,2016,4,Bicycle,Seoul,Mar  4 2018  8:219PM,
,Seoul,2016,4,Bicycle,Seoul,Mar  4 2018  8:219PM,
,Seoul,2016,4,Bicycle,Seoul,Mar  4 2018  8:219PM,
,Seoul,2016,4,Bicycle,Seoul,Mar  4 2018  8:219PM,
,Seoul,2016,7,Bicycle,Seoul,Mar  4 2018  8:219PM,
,Seoul,2016,6,Bicycle,Seoul,Mar  4 2018  8:219PM,
,Seoul,2016,6,Bicycle,Seoul,Mar  4 2018  8:219PM,
,Seoul,2016,5,Bicycle,Seoul,Mar  4 2018  8:219PM,
,Seoul,2016,5,Bicycle,Seoul,Mar  4 2018  8:219PM,
,Seoul,2016,4,Bicycle,Seoul,Mar  4 2018  8:219PM,
,Seoul,2016,4,Bicycle,Seoul,Mar  4 2018  8:219PM,
,Seoul,2016,4,Bicycle,Seoul,Mar  4 2018  8:219PM,
,Seoul,2016,4,Bicycle,Seoul,Mar  4 2018  8:219PM,
,Seoul,2016,5,Bicycle,Seoul,Mar  4 2018  8:219PM,
,Seoul,2016,4,Bicycle,Seoul,Mar  4 2018  8:219PM,
,Seoul,2016,11,Bicycle,Seoul,Mar  4 2018  8:219PM,
,Seoul,2016,10,Bicycle,Seoul,Mar  4 2018  8:219PM,
,Seoul,2016,8,Bicycle,Seoul,Mar  4 2018  8:219PM,
,Seoul,2016,8,Bicycle,Seoul,Mar  4 2018  8:219PM,
,Seoul,2016,6,Bicycle,Seoul,Mar  4 2018  8:219PM,
,Seoul,2016,6,Bicycle,Seoul,Mar  4 2018  8:219PM,
,Seoul,2016,6,Bicycle,Seoul,Mar  4 2018  8:219PM,
,Seoul,2016,6,Bicycle,Seoul,Mar  4 2018  8:219PM,
,Seoul,2016,6,Bicycle,Seoul,Mar  4 2018  8:219PM,
,Seoul,2016,6,Bicycle,Seoul,Mar  4 2018  8:219PM,
,Seoul,2016,6,Bicycle,Seoul,Mar  4 2018  8:219PM,
,Seoul,2016,6,Bicycle,Seoul,Mar  4 2018  8:219PM,
,Seoul,2016,6,Bicycle,Seoul,Mar  4 2018  8:219PM,
,Seoul,2016,5,Bicycle,Seoul,Mar  4 2018  8:219PM,
,Seoul,2016,5,Bicycle,Seoul,Mar  4 2018  8:219PM,
,Seoul,2016,5,Bicycle,Seoul,Mar  4 2018  8:219PM,
,Seoul,2016,5,Bicycle,Seoul,Mar  4 2018  8:219PM,
,Seoul,2016,5,Bicycle,Seoul,Mar  4 2018  8:219PM,
,Seoul,2016,5,Bicycle,Seoul,Mar  4 2018  8:219PM,
,Seoul,2016,5,Bicycle,Seoul,Mar  4 2018  8:219PM,
,Seoul,2016,4,Bicycle,Seoul,Mar  4 2018  8:219PM,
,Seoul,2016,4,Bicycle,Seoul,Mar  4 2018  8:219PM,
,Seoul,2016,4,Bicycle,Seoul,Mar  4 2018  8:219PM,
,Seoul,2016,4,Bicycle,Seoul,Mar  4 2018  8:219PM,
,Seoul,2016,4,Bicycle,Seoul,Mar  4 2018  8:219PM,
,Seoul,2016,10,Bicycle,Seoul,Mar  4 2018  8:219PM,
,Seoul,2016,8,Bicycle,Seoul,Mar  4 2018  8:219PM,
,Seoul,2016,8,Bicycle,Seoul,Mar  4 2018  8:219PM,
,Seoul,2016,7,Bicycle,Seoul,Mar  4 2018  8:219PM,
,Seoul,2016,6,Bicycle,Seoul,Mar  4 2018  8:219PM,
,Seoul,2016,5,Bicycle,Seoul,Mar  4 2018  8:219PM,
,Seoul,2016,5,Bicycle,Seoul,Mar  4 2018  8:219PM,
,Seoul,2016,5,Bicycle,Seoul,Apr  4 2018  8:219PM,
,Seoul,2016,4,Bicycle,Seoul,Apr  4 2018  8:219PM,
,Seoul,2016,4,Bicycle,Seoul,Apr  4 2018  8:219PM,
,Seoul,2016,4,Bicycle,Seoul,Apr  4 2018  8:219PM,
,Seoul,2016,4,Bicycle,Seoul,Apr  4 2018  8:219PM,
,Busan,2016,4,Bicycle,Busan,Apr  4 2018  8:219PM,
,Busan,2016,4,Bicycle,Busan,Apr  4 2018  8:219PM,
,Busan,2016,5,Bicycle,Busan,Apr  4 2018  8:219PM,
,Busan,2016,5,Bicycle,Busan,Apr  4 2018  8:219PM,
,Busan,2016,5,Bicycle,Busan,Apr  4 2018  8:219PM,
,Busan,2016,4,Bicycle,Busan,Apr  4 2018  8:219PM,
,Busan,2016,4,Bicycle,Busan,Apr  4 2018  8:219PM,
,Daegu,2016,5,Bicycle,Daegu,Apr  4 2018  8:219PM,
,Daegu,2016,4,Bicycle,Daegu,Apr  4 2018  8:219PM,
,Daegu,2016,4,Bicycle,Daegu,Apr  4 2018  8:219PM,
,Daegu,2016,4,Bicycle,Daegu,Apr  4 2018  8:219PM,
,Daegu,2016,4,Bicycle,Daegu,Apr  4 2018  8:219PM,
,Daegu,2016,8,Bicycle,Daegu,Apr  4 2018  8:219PM,
,Daegu,2016,6,Bicycle,Daegu,Apr  4 2018  8:219PM,
,Daegu,2016,5,Bicycle,Daegu,Apr  4 2018  8:219PM,
,Daegu,2016,5,Bicycle,Daegu,Apr  4 2018  8:219PM,
,Daegu,2016,5,Bicycle,Daegu,Apr  4 2018  8:219PM,
,Daegu,2016,4,Bicycle,Daegu,Apr  4 2018  8:219PM,
,Daegu,2016,4,Bicycle,Daegu,Apr  4 2018  8:219PM,
,Daegu,2016,4,Bicycle,Daegu,Apr  4 2018  8:219PM,
,Daegu,2016,6,Bicycle,Daegu,Apr  4 2018  8:219PM,
,Daegu,2016,6,Bicycle,Daegu,Apr  4 2018  8:219PM,
,Daegu,2016,6,Bicycle,Daegu,Apr  4 2018  8:219PM,
,Daegu,2016,6,Bicycle,Daegu,Apr  4 2018  8:219PM,
,Daegu,2016,5,Bicycle,Daegu,Apr  4 2018  8:219PM,
,Daegu,2016,5,Bicycle,Daegu,Apr  4 2018  8:219PM,
,Daegu,2016,5,Bicycle,Daegu,Apr  4 2018  8:219PM,
,Daegu,2016,4,Bicycle,Daegu,Apr  4 2018  8:219PM,
,Daegu,2016,4,Bicycle,Daegu,Apr  4 2018  8:219PM,
,Daegu,2016,6,Bicycle,Daegu,Apr  4 2018  8:219PM,
,Daegu,2016,4,Bicycle,Daegu,Apr  4 2018  8:219PM,
,Daegu,2016,4,Bicycle,Daegu,Apr  4 2018  8:219PM,
,Daegu,2016,9,Bicycle,Daegu,Apr  4 2018  8:219PM,
,Daegu,2016,7,Bicycle,Daegu,Apr  4 2018  8:219PM,
,Daegu,2016,6,Bicycle,Daegu,Apr  4 2018  8:219PM,
,Daegu,2016,6,Bicycle,Daegu,Apr  4 2018  8:219PM,
,Daegu,2016,6,Bicycle,Daegu,Apr  4 2018  8:219PM,
,Daegu,2016,6,Bicycle,Daegu,Apr  4 2018  8:219PM,
,Daegu,2016,6,Bicycle,Daegu,Apr  4 2018  8:219PM,
,Daegu,2016,5,Bicycle,Daegu,Apr  4 2018  8:219PM,
,Daegu,2016,5,Bicycle,Daegu,Apr  4 2018  8:219PM,
,Daegu,2016,4,Bicycle,Daegu,Apr  4 2018  8:219PM,
,Daegu,2016,4,Bicycle,Daegu,Apr  4 2018  8:219PM,
,Daegu,2016,4,Bicycle,Daegu,Apr  4 2018  8:219PM,
,Daegu,2016,4,Bicycle,Daegu,Apr  4 2018  8:219PM,
,Daegu,2016,4,Bicycle,Daegu,Apr  4 2018  8:219PM,
,Daegu,2016,4,Bicycle,Daegu,Apr  4 2018  8:219PM,
,Daegu,2016,7,Bicycle,Daegu,Apr  4 2018  8:219PM,
,Daegu,2016,7,Bicycle,Daegu,Apr  4 2018  8:219PM,
,Daegu,2016,6,Bicycle,Daegu,Apr  4 2018  8:219PM,
,Daegu,2016,5,Bicycle,Daegu,Apr  4 2018  8:219PM,
,Daegu,2016,4,Bicycle,Daegu,Apr  4 2018  8:219PM,
,Daegu,2016,4,Bicycle,Daegu,Apr  4 2018  8:219PM,
,Daegu,2016,4,Bicycle,Daegu,Apr  4 2018  8:219PM,
,Daegu,2016,4,Bicycle,Daegu,Apr  4 2018  8:219PM,
,Daegu,2016,4,Bicycle,Daegu,Apr  4 2018  8:219PM,
,Daegu,2016,4,Bicycle,Daegu,Apr  4 2018  8:219PM,
,Daegu,2016,10,Bicycle,Daegu,Apr  4 2018  8:219PM,
,Daegu,2016,8,Bicycle,Daegu,Apr  4 2018  8:219PM,
,Daegu,2016,8,Bicycle,Daegu,Apr  4 2018  8:219PM,
,Daegu,2016,6,Bicycle,Daegu,Apr  4 2018  8:219PM,
,Daegu,2016,6,Bicycle,Daegu,Apr  4 2018  8:219PM,
,Daegu,2016,6,Bicycle,Daegu,Apr  4 2018  8:219PM,
,Daegu,2016,5,Bicycle,Daegu,Apr  4 2018  8:219PM,
,Daegu,2016,5,Bicycle,Daegu,Apr  4 2018  8:219PM,
,Daegu,2016,5,Bicycle,Daegu,Apr  4 2018  8:219PM,
,Daegu,2016,5,Bicycle,Daegu,Apr  4 2018  8:219PM,
,Daegu,2016,4,Bicycle,Daegu,Apr  4 2018  8:219PM,
,Daegu,2016,4,Bicycle,Daegu,Apr  4 2018  8:219PM,
,Daegu,2016,4,Bicycle,Daegu,Apr  4 2018  8:219PM,
,Daegu,2016,4,Bicycle,Daegu,Apr  4 2018  8:219PM,
,Daegu,2016,4,Bicycle,Daegu,Apr  4 2018  8:219PM,
,Daegu,2016,4,Bicycle,Daegu,Apr  4 2018  8:219PM,
,Daegu,2016,5,Bicycle,Daegu,Apr  4 2018  8:219PM,
,Incheon,2016,6,Bicycle,Incheon,Apr  4 2018  8:219PM,
,Incheon,2016,4,Bicycle,Incheon,Apr  4 2018  8:219PM,
,Incheon,2016,4,Bicycle,Incheon,Apr  4 2018  8:219PM,
,Incheon,2016,4,Bicycle,Incheon,Apr  4 2018  8:219PM,
,Incheon,2016,5,Bicycle,Incheon,Apr  4 2018  8:219PM,
,Incheon,2016,4,Bicycle,Incheon,Apr  4 2018  8:219PM,
,Incheon,2016,4,Bicycle,Incheon,Apr  4 2018  8:219PM,
,Incheon,2016,4,Bicycle,Incheon,Apr  4 2018  8:219PM,
,Gwangju,2016,4,Bicycle,Gwangju,Apr  4 2018  8:219PM,
,Gwangju,2016,6,Bicycle,Gwangju,Apr  4 2018  8:219PM,
,Gwangju,2016,4,Bicycle,Gwangju,Apr  4 2018  8:219PM,
,Gwangju,2016,6,Bicycle,Gwangju,Apr  4 2018  8:219PM,
,Gwangju,2016,4,Bicycle,Gwangju,Apr  4 2018  8:219PM,
,Daejeon,2016,6,Bicycle,Daejeon,Apr  4 2018  8:219PM,
,Daejeon,2016,5,Bicycle,Daejeon,Apr  4 2018  8:219PM,
,Daejeon,2016,5,Bicycle,Daejeon,Apr  4 2018  8:219PM,
,Daejeon,2016,5,Bicycle,Daejeon,Apr  4 2018  8:219PM,
,Daejeon,2016,4,Bicycle,Daejeon,Apr  4 2018  8:219PM,
,Daejeon,2016,6,Bicycle,Daejeon,Apr  4 2018  8:219PM,
,Daejeon,2016,5,Bicycle,Daejeon,Apr  4 2018  8:219PM,
,Daejeon,2016,5,Bicycle,Daejeon,Apr  4 2018  8:219PM,
,Daejeon,2016,4,Bicycle,Daejeon,Apr  4 2018  8:219PM,
,Daejeon,2016,4,Bicycle,Daejeon,Apr  4 2018  8:219PM,
,Daejeon,2016,4,Bicycle,Daejeon,Apr  4 2018  8:219PM,
,Daejeon,2016,4,Bicycle,Daejeon,Apr  4 2018  8:219PM,
,Daejeon,2016,4,Bicycle,Daejeon,Apr  4 2018  8:219PM,
,Daejeon,2016,6,Bicycle,Daejeon,Apr  4 2018  8:219PM,
,Daejeon,2016,6,Bicycle,Daejeon,Apr  4 2018  8:219PM,
,Daejeon,2016,4,Bicycle,Daejeon,Apr  4 2018  8:219PM,
,Daejeon,2016,4,Bicycle,Daejeon,Apr  4 2018  8:219PM,
,Daejeon,2016,4,Bicycle,Daejeon,Apr  4 2018  8:219PM,
,Daejeon,2016,4,Bicycle,Daejeon,Apr  4 2018  8:219PM,
,Daejeon,2016,5,Bicycle,Daejeon,Apr  4 2018  8:219PM,
,Daejeon,2016,5,Bicycle,Daejeon,Apr  4 2018  8:219PM,
,Ulsan,2016,6,Bicycle,Ulsan,Apr  4 2018  8:219PM,
,Ulsan,2016,6,Bicycle,Ulsan,Apr  4 2018  8:219PM,
,Ulsan,2016,6,Bicycle,Ulsan,Apr  4 2018  8:219PM,
,Ulsan,2016,5,Bicycle,Ulsan,Apr  4 2018  8:219PM,
,Ulsan,2016,5,Bicycle,Ulsan,Apr  4 2018  8:219PM,
,Ulsan,2016,5,Bicycle,Ulsan,Apr  4 2018  8:219PM,
,Ulsan,2016,4,Bicycle,Ulsan,Apr  4 2018  8:219PM,
,Ulsan,2016,5,Bicycle,Ulsan,May 16 2018  3:01PM,
,Ulsan,2016,4,Bicycle,Ulsan,May 16 2018  3:01PM,
,Gyeonggi,2016,5,Bicycle,Gyeonggi,May 16 2018  3:01PM,
,Gyeonggi,2016,5,Bicycle,Gyeonggi,May 16 2018  3:01PM,
,Gyeonggi,2016,5,Bicycle,Gyeonggi,May 16 2018  3:01PM,
,Gyeonggi,2016,4,Bicycle,Gyeonggi,May 16 2018  3:01PM,
,Gyeonggi,2016,4,Bicycle,Gyeonggi,May 16 2018  3:01PM,
,Gyeonggi,2016,4,Bicycle,Gyeonggi,May 16 2018  3:01PM,
,Gyeonggi,2016,5,Bicycle,Gyeonggi,May 16 2018  3:01PM,
,Gyeonggi,2016,5,Bicycle,Gyeonggi,May 16 2018  3:01PM,
,Gyeonggi,2016,6,Bicycle,Gyeonggi,May 16 2018  3:01PM,
,Gyeonggi,2016,5,Bicycle,Gyeonggi,May 16 2018  3:01PM,
,Gyeonggi,2016,4,Bicycle,Gyeonggi,May 16 2018  3:01PM,
,Gyeonggi,2016,4,Bicycle,Gyeonggi,May 16 2018  3:01PM,
,Gyeonggi,2016,4,Bicycle,Gyeonggi,May 16 2018  3:01PM,
,Gyeonggi,2016,4,Bicycle,Gyeonggi,May 16 2018  3:01PM,
,Gyeonggi,2016,4,Bicycle,Gyeonggi,May 16 2018  3:01PM,
,Gyeonggi,2016,8,Bicycle,Gyeonggi,May 16 2018  3:01PM,
,Gyeonggi,2016,4,Bicycle,Gyeonggi,May 16 2018  3:01PM,
,Gyeonggi,2016,4,Bicycle,Gyeonggi,May 16 2018  3:01PM,
,Gyeonggi,2016,6,Bicycle,Gyeonggi,May 16 2018  3:01PM,
,Gyeonggi,2016,6,Bicycle,Gyeonggi,May 16 2018  3:01PM,
,Gyeonggi,2016,5,Bicycle,Gyeonggi,May 16 2018  3:01PM,
,Gyeonggi,2016,5,Bicycle,Gyeonggi,May 16 2018  3:01PM,
,Gyeonggi,2016,4,Bicycle,Gyeonggi,May 16 2018  3:01PM,
,Gyeonggi,2016,8,Bicycle,Gyeonggi,May 16 2018  3:01PM,
,Gyeonggi,2016,7,Bicycle,Gyeonggi,May 16 2018  3:01PM,
,Gyeonggi,2016,5,Bicycle,Gyeonggi,May 16 2018  3:01PM,
,Gyeonggi,2016,5,Bicycle,Gyeonggi,May 16 2018  3:01PM,
,Gyeonggi,2016,5,Bicycle,Gyeonggi,May 16 2018  3:01PM,
,Gyeonggi,2016,4,Bicycle,Gyeonggi,May 16 2018  3:01PM,
,Gyeonggi,2016,4,Bicycle,Gyeonggi,May 16 2018  3:01PM,
,Gyeonggi,2016,10,Bicycle,Gyeonggi,May 16 2018  3:01PM,
,Gyeonggi,2016,8,Bicycle,Gyeonggi,May 16 2018  3:01PM,
,Gyeonggi,2016,6,Bicycle,Gyeonggi,May 16 2018  3:01PM,
,Gyeonggi,2016,6,Bicycle,Gyeonggi,May 16 2018  3:01PM,
,Gyeonggi,2016,6,Bicycle,Gyeonggi,May 16 2018  3:01PM,
,Gyeonggi,2016,6,Bicycle,Gyeonggi,May 16 2018  3:01PM,
,Gyeonggi,2016,5,Bicycle,Gyeonggi,May 16 2018  3:01PM,
,Gyeonggi,2016,5,Bicycle,Gyeonggi,May 16 2018  3:01PM,
,Gyeonggi,2016,5,Bicycle,Gyeonggi,May 16 2018  3:01PM,
,Gyeonggi,2016,5,Bicycle,Gyeonggi,May 16 2018  3:01PM,
,Gyeonggi,2016,5,Bicycle,Gyeonggi,May 16 2018  3:01PM,
,Gyeonggi,2016,4,Bicycle,Gyeonggi,May 16 2018  3:01PM,
,Gyeonggi,2016,4,Bicycle,Gyeonggi,May 16 2018  3:01PM,
,Gyeonggi,2016,8,Bicycle,Gyeonggi,May 16 2018  3:01PM,
,Gyeonggi,2016,8,Bicycle,Gyeonggi,May 16 2018  3:01PM,
,Gyeonggi,2016,8,Bicycle,Gyeonggi,May 16 2018  3:01PM,
,Gyeonggi,2016,5,Bicycle,Gyeonggi,May 16 2018  3:01PM,
,Gyeonggi,2016,5,Bicycle,Gyeonggi,May 16 2018  3:01PM,
,Gyeonggi,2016,5,Bicycle,Gyeonggi,May 16 2018  3:01PM,
,Gyeonggi,2016,5,Bicycle,Gyeonggi,May 16 2018  3:01PM,
,Gyeonggi,2016,4,Bicycle,Gyeonggi,May 16 2018  3:01PM,
,Gyeonggi,2016,4,Bicycle,Gyeonggi,May 16 2018  3:01PM,
,Gyeonggi,2016,4,Bicycle,Gyeonggi,May 16 2018  3:01PM,
,Gyeonggi,2016,7,Bicycle,Gyeonggi,May 16 2018  3:01PM,
,Gyeonggi,2016,6,Bicycle,Gyeonggi,May 16 2018  3:01PM,
,Gyeonggi,2016,5,Bicycle,Gyeonggi,May 16 2018  3:01PM,
,Gyeonggi,2016,4,Bicycle,Gyeonggi,May 16 2018  3:01PM,
,Gyeonggi,2016,6,Bicycle,Gyeonggi,May 16 2018  3:01PM,
,Gyeonggi,2016,5,Bicycle,Gyeonggi,May 16 2018  3:01PM,
,Gyeonggi,2016,4,Bicycle,Gyeonggi,May 16 2018  3:01PM,
,Gyeonggi,2016,4,Bicycle,Gyeonggi,May 16 2018  3:01PM,
,Gyeonggi,2016,9,Bicycle,Gyeonggi,May 16 2018  3:01PM,
,Gyeonggi,2016,7,Bicycle,Gyeonggi,May 16 2018  3:01PM,
,Gyeonggi,2016,6,Bicycle,Gyeonggi,May 16 2018  3:01PM,
,Gyeonggi,2016,6,Bicycle,Gyeonggi,May 16 2018  3:01PM,
,Gyeonggi,2016,6,Bicycle,Gyeonggi,May 16 2018  3:01PM,
,Gyeonggi,2016,5,Bicycle,Gyeonggi,May 16 2018  3:01PM,
,Gyeonggi,2016,5,Bicycle,Gyeonggi,May 16 2018  3:01PM,
,Gyeonggi,2016,5,Bicycle,Gyeonggi,May 16 2018  3:01PM,
,Gyeonggi,2016,5,Bicycle,Gyeonggi,May 16 2018  3:01PM,
,Gyeonggi,2016,5,Bicycle,Gyeonggi,May 16 2018  3:01PM,
,Gyeonggi,2016,4,Bicycle,Gyeonggi,May 16 2018  3:01PM,
,Gyeonggi,2016,4,Bicycle,Gyeonggi,May 16 2018  3:01PM,
,Gyeonggi,2016,4,Bicycle,Gyeonggi,May 16 2018  3:01PM,
,Gyeonggi,2016,4,Bicycle,Gyeonggi,May 16 2018  3:01PM,
,Gyeonggi,2016,4,Bicycle,Gyeonggi,May 16 2018  3:01PM,
,Gyeonggi,2016,3,Bicycle,Gyeonggi,May 16 2018  3:01PM,
,Gyeonggi,2016,5,Bicycle,Gyeonggi,May 16 2018  3:01PM,
,Gyeonggi,2016,8,Bicycle,Gyeonggi,May 16 2018  3:01PM,
,Gyeonggi,2016,5,Bicycle,Gyeonggi,May 16 2018  3:01PM,
,Gyeonggi,2016,5,Bicycle,Gyeonggi,May 16 2018  3:01PM,
,Gyeonggi,2016,4,Bicycle,Gyeonggi,May 16 2018  3:01PM,
,Gyeonggi,2016,4,Bicycle,Gyeonggi,May 16 2018  3:01PM,
,Gyeonggi,2016,4,Bicycle,Gyeonggi,May 16 2018  3:01PM,
,Gyeonggi,2016,4,Bicycle,Gyeonggi,May 16 2018  3:01PM,
,Gyeonggi,2016,4,Bicycle,Gyeonggi,May 16 2018  3:01PM,
,Gyeonggi,2016,6,Bicycle,Gyeonggi,May 16 2018  3:01PM,
,Gyeonggi,2016,6,Bicycle,Gyeonggi,May 16 2018  3:01PM,
,Gyeonggi,2016,4,Bicycle,Gyeonggi,May 16 2018  3:01PM,
,Gyeonggi,2016,7,Bicycle,Gyeonggi,May 16 2018  3:01PM,
,Gyeonggi,2016,4,Bicycle,Gyeonggi,May 16 2018  3:01PM,
,Gyeonggi,2016,5,Bicycle,Gyeonggi,May 16 2018  3:01PM,
,Gyeonggi,2016,4,Bicycle,Gyeonggi,May 16 2018  3:01PM,
,Gyeonggi,2016,6,Bicycle,Gyeonggi,May 16 2018  3:01PM,
,Gyeonggi,2016,4,Bicycle,Gyeonggi,May 16 2018  3:01PM,
,Gyeonggi,2016,4,Bicycle,Gyeonggi,May 16 2018  3:01PM,
,Gyeonggi,2016,4,Bicycle,Gyeonggi,May 16 2018  3:01PM,
,Gyeonggi,2016,4,Bicycle,Gyeonggi,May 16 2018  3:01PM,
,Gyeonggi,2016,5,Bicycle,Gyeonggi,May 16 2018  3:01PM,
,Gyeonggi,2016,4,Bicycle,Gyeonggi,May 16 2018  3:01PM,
,Gyeonggi,2016,4,Bicycle,Gyeonggi,May 16 2018  3:01PM,
,Gyeonggi,2016,4,Bicycle,Gyeonggi,May 16 2018  3:01PM,
,Gangwon,2016,4,Bicycle,Gangwon,Jun 30 2018  4:00AM,
,Gangwon,2016,4,Bicycle,Gangwon,Jun 30 2018  4:00AM,
,Gangwon,2016,4,Bicycle,Gangwon,Jun 30 2018  4:00AM,
,Chungcheongbukdo,2016,9,Bicycle,Chungcheongbukdo,Jun 30 2018  4:00AM,
,Chungcheongbukdo,2016,4,Bicycle,Chungcheongbukdo,Jun 30 2018  4:00AM,
,Chungcheongbukdo,2016,4,Bicycle,Chungcheongbukdo,Jun 30 2018  4:00AM,
,Chungcheongbukdo,2016,4,Bicycle,Chungcheongbukdo,Jun 30 2018  4:00AM,
,Chungcheongbukdo,2016,8,Bicycle,Chungcheongbukdo,Jun 30 2018  4:00AM,
,Chungcheongbukdo,2016,6,Bicycle,Chungcheongbukdo,Jun 30 2018  4:00AM,
,Chungcheongbukdo,2016,5,Bicycle,Chungcheongbukdo,Jun 30 2018  4:00AM,
,Chungcheongbukdo,2016,4,Bicycle,Chungcheongbukdo,Jun 30 2018  4:00AM,
,Chungcheongbukdo,2016,4,Bicycle,Chungcheongbukdo,Jun 30 2018  4:00AM,
,Chungcheongbukdo,2016,4,Bicycle,Chungcheongbukdo,Jun 30 2018  4:00AM,
,Chungcheongbukdo,2016,4,Bicycle,Chungcheongbukdo,Jun 30 2018  4:00AM,
,Chungcheongbukdo,2016,4,Bicycle,Chungcheongbukdo,Jun 30 2018  4:00AM,
,Chungcheongbukdo,2016,4,Bicycle,Chungcheongbukdo,Jun 30 2018  4:00AM,
,Chungcheongbukdo,2016,4,Bicycle,Chungcheongbukdo,Jun 30 2018  4:00AM,
,Chungcheongbukdo,2016,5,Bicycle,Chungcheongbukdo,Jun 30 2018  4:00AM,
,Chungcheongbukdo,2016,4,Bicycle,Chungcheongbukdo,Jun 30 2018  4:00AM,
,Chungcheongbukdo,2016,4,Bicycle,Chungcheongbukdo,Jun 30 2018  4:00AM,
,Chungcheongbukdo,2016,4,Bicycle,Chungcheongbukdo,Jun 30 2018  4:00AM,
,Chungcheongbukdo,2016,4,Bicycle,Chungcheongbukdo,Jun 30 2018  4:00AM,
,Chungcheongbukdo,2016,7,Bicycle,Chungcheongbukdo,Jun 30 2018  4:00AM,
,Chungcheongnamdo,2016,5,Bicycle,Chungcheongnamdo,Jun 30 2018  4:00AM,
,Chungcheongnamdo,2016,3,Bicycle,Chungcheongnamdo,Jun 30 2018  4:00AM,
,Chungcheongnamdo,2016,4,Bicycle,Chungcheongnamdo,Jun 30 2018  4:00AM,
,Jeollabukdo,2016,4,Bicycle,Jeollabukdo,Jun 30 2018  4:00AM,
,Jeollabukdo,2016,8,Bicycle,Jeollabukdo,Jun 30 2018  4:00AM,
,Jeollabukdo,2016,5,Bicycle,Jeollabukdo,Jun 30 2018  4:00AM,
,Jeollabukdo,2016,5,Bicycle,Jeollabukdo,Jun 30 2018  4:00AM,
,Jeollabukdo,2016,4,Bicycle,Jeollabukdo,Jun 30 2018  4:00AM,
,Jeollabukdo,2016,4,Bicycle,Jeollabukdo,Jun 30 2018  4:00AM,
,Jeollabukdo,2016,4,Bicycle,Jeollabukdo,Jun 30 2018  4:00AM,
,Jeollabukdo,2016,4,Bicycle,Jeollabukdo,Jun 30 2018  4:00AM,
,Jeollabukdo,2016,5,Bicycle,Jeollabukdo,Jun 30 2018  4:00AM,
,Jeollabukdo,2016,4,Bicycle,Jeollabukdo,Jun 30 2018  4:00AM,
,Jeollabukdo,2016,4,Bicycle,Jeollabukdo,Jun 30 2018  4:00AM,
,Jeollabukdo,2016,4,Bicycle,Jeollabukdo,Jun 30 2018  4:00AM,
,Jeollanamdo,2016,4,Bicycle,Jeollanamdo,Jun 30 2018  4:00AM,
,Gyeongsangbukdo,2016,6,Bicycle,Gyeongsangbukdo,Jun 30 2018  4:00AM,
,Gyeongsangbukdo,2016,5,Bicycle,Gyeongsangbukdo,Jun 30 2018  4:00AM,
,Gyeongsangbukdo,2016,4,Bicycle,Gyeongsangbukdo,Jun 30 2018  4:00AM,
,Gyeongsangbukdo,2016,3,Bicycle,Gyeongsangbukdo,Jun 30 2018  4:00AM,
,Gyeongsangbukdo,2016,8,Bicycle,Gyeongsangbukdo,Jun 30 2018  4:00AM,
,Gyeongsangbukdo,2016,6,Bicycle,Gyeongsangbukdo,Jun 30 2018  4:00AM,
,Gyeongsangbukdo,2016,4,Bicycle,Gyeongsangbukdo,Jun 30 2018  4:00AM,
,Gyeongsangbukdo,2016,4,Bicycle,Gyeongsangbukdo,Jun 30 2018  4:00AM,
,Gyeongsangbukdo,2016,4,Bicycle,Gyeongsangbukdo,Jun 30 2018  4:00AM,
,Gyeongsangbukdo,2016,5,Bicycle,Gyeongsangbukdo,Jun 30 2018  4:00AM,
,Gyeongsangbukdo,2016,5,Bicycle,Gyeongsangbukdo,Jun 30 2018  4:00AM,
,Gyeongsangbukdo,2016,4,Bicycle,Gyeongsangbukdo,Jun 30 2018  4:00AM,
,Gyeongsangbukdo,2016,4,Bicycle,Gyeongsangbukdo,Jun 30 2018  4:00AM,
,Gyeongsangbukdo,2016,3,Bicycle,Gyeongsangbukdo,Jun 30 2018  4:00AM,
,Gyeongsangbukdo,2016,3,Bicycle,Gyeongsangbukdo,Jun 30 2018  4:00AM,
,Gyeongsangbukdo,2016,5,Bicycle,Gyeongsangbukdo,Jun 30 2018  4:00AM,
,Gyeongsangbukdo,2016,4,Bicycle,Gyeongsangbukdo,Jun 30 2018  4:00AM,
,Gyeongsangbukdo,2016,5,Bicycle,Gyeongsangbukdo,Jun 30 2018  4:00AM,
,Gyeongsangbukdo,2016,4,Bicycle,Gyeongsangbukdo,Jun 30 2018  4:00AM,
,Gyeongsangbukdo,2016,5,Bicycle,Gyeongsangbukdo,Jun 30 2018  4:00AM,
,Gyeongsangbukdo,2016,8,Bicycle,Gyeongsangbukdo,Jun 30 2018  4:00AM,
,Gyeongsangbukdo,2016,8,Bicycle,Gyeongsangbukdo,Jun 30 2018  4:00AM,
,Gyeongsangbukdo,2016,6,Bicycle,Gyeongsangbukdo,Jun 30 2018  4:00AM,
,Gyeongsangbukdo,2016,5,Bicycle,Gyeongsangbukdo,Jun 30 2018  4:00AM,
,Gyeongsangbukdo,2016,5,Bicycle,Gyeongsangbukdo,Jun 30 2018  4:00AM,
,Gyeongsangbukdo,2016,4,Bicycle,Gyeongsangbukdo,Jun 30 2018  4:00AM,
,Gyeongsangbukdo,2016,4,Bicycle,Gyeongsangbukdo,Jun 30 2018  4:00AM,
,Gyeongsangnamdo,2016,7,Bicycle,Gyeongsangnamdo,Jun 30 2018  4:00AM,
,Gyeongsangnamdo,2016,4,Bicycle,Gyeongsangnamdo,Jun 30 2018  4:00AM,
,Gyeongsangnamdo,2016,4,Bicycle,Gyeongsangnamdo,Jun 30 2018  4:00AM,
,Gyeongsangnamdo,2016,4,Bicycle,Gyeongsangnamdo,Jun 30 2018  4:00AM,
,Gyeongsangnamdo,2016,5,Bicycle,Gyeongsangnamdo,Jun 30 2018  4:00AM,
,Gyeongsangnamdo,2016,6,Bicycle,Gyeongsangnamdo,Jun 30 2018  4:00AM,
,Gyeongsangnamdo,2016,6,Bicycle,Gyeongsangnamdo,Jun 30 2018  4:00AM,
,Gyeongsangnamdo,2016,5,Bicycle,Gyeongsangnamdo,Jun 30 2018  4:00AM,
,Gyeongsangnamdo,2016,5,Bicycle,Gyeongsangnamdo,Jun 30 2018  4:00AM,
,Gyeongsangnamdo,2016,5,Bicycle,Gyeongsangnamdo,Jun 30 2018  4:00AM,
,Gyeongsangnamdo,2016,5,Bicycle,Gyeongsangnamdo,Jun 30 2018  4:00AM,
,Gyeongsangnamdo,2016,5,Bicycle,Gyeongsangnamdo,Jun 30 2018  4:00AM,
,Gyeongsangnamdo,2016,5,Bicycle,Gyeongsangnamdo,Jun 30 2018  4:00AM,
,Gyeongsangnamdo,2016,5,Bicycle,Gyeongsangnamdo,Jun 30 2018  4:00AM,
,Gyeongsangnamdo,2016,5,Bicycle,Gyeongsangnamdo,Jun 30 2018  4:00AM,
,Gyeongsangnamdo,2016,4,Bicycle,Gyeongsangnamdo,Jun 30 2018  4:00AM,
,Gyeongsangnamdo,2016,4,Bicycle,Gyeongsangnamdo,Jun 30 2018  4:00AM,
,Jeju,2016,4,Bicycle,Jeju,Jun 30 2018  4:00AM,
,Jeju,2016,4,Bicycle,Jeju,Jun 30 2018  4:00AM,
,Seoul,2016,7,Stepless_crossing,Seoul,Jun 30 2018  4:00AM,
,Seoul,2016,4,Stepless_crossing,Seoul,Jun 30 2018  4:00AM,
,Seoul,2016,7,Stepless_crossing,Seoul,Jun 30 2018  4:00AM,
,Seoul,2016,5,Stepless_crossing,Seoul,Jun 30 2018  4:00AM,
,Seoul,2016,4,Stepless_crossing,Seoul,Jun 30 2018  4:00AM,
,Seoul,2016,9,Stepless_crossing,Seoul,Jun 30 2018  4:00AM,
,Seoul,2016,6,Stepless_crossing,Seoul,Jun 30 2018  4:00AM,
,Seoul,2016,5,Stepless_crossing,Seoul,Jun 30 2018  4:00AM,
,Seoul,2016,4,Stepless_crossing,Seoul,Jun 30 2018  4:00AM,
,Seoul,2016,4,Stepless_crossing,Seoul,Jun 30 2018  4:00AM,
,Seoul,2016,6,Stepless_crossing,Seoul,Jun 30 2018  4:00AM,
,Seoul,2016,5,Stepless_crossing,Seoul,Jun 30 2018  4:00AM,
,Seoul,2016,4,Stepless_crossing,Seoul,Jun 30 2018  4:00AM,
,Seoul,2016,4,Stepless_crossing,Seoul,Jun 30 2018  4:00AM,
,Seoul,2016,4,Stepless_crossing,Seoul,Jun 30 2018  4:00AM,
,Seoul,2016,7,Stepless_crossing,Seoul,Jun 30 2018  4:00AM,
,Seoul,2016,7,Stepless_crossing,Seoul,Jun 30 2018  4:00AM,
,Seoul,2016,5,Stepless_crossing,Seoul,Jun 30 2018  4:00AM,
,Seoul,2016,5,Stepless_crossing,Seoul,Jun 30 2018  4:00AM,
,Seoul,2016,4,Stepless_crossing,Seoul,Jun 30 2018  4:00AM,
,Seoul,2016,4,Stepless_crossing,Seoul,Jun 30 2018  4:00AM,
,Seoul,2016,4,Stepless_crossing,Seoul,Jun 30 2018  4:00AM,
,Seoul,2016,9,Stepless_crossing,Seoul,Jun 30 2018  4:00AM,
,Seoul,2016,6,Stepless_crossing,Seoul,Jun 30 2018  4:00AM,
,Seoul,2016,8,Stepless_crossing,Seoul,Jun 30 2018  4:00AM,
,Seoul,2016,4,Stepless_crossing,Seoul,Jun 30 2018  4:00AM,
,Seoul,2016,6,Stepless_crossing,Seoul,Jun 30 2018  4:00AM,
,Seoul,2016,7,Stepless_crossing,Seoul,Jun 30 2018  4:00AM,
,Seoul,2016,6,Stepless_crossing,Seoul,Jun 30 2018  4:00AM,
,Seoul,2016,4,Stepless_crossing,Seoul,Jun 30 2018  4:00AM,
,Seoul,2016,7,Stepless_crossing,Seoul,Jun 30 2018  4:00AM,
,Seoul,2016,5,Stepless_crossing,Seoul,Jun 30 2018  4:00AM,
,Seoul,2016,9,Stepless_crossing,Seoul,Jun 30 2018  4:00AM,
,Seoul,2016,6,Stepless_crossing,Seoul,Jun 30 2018  4:00AM,
,Seoul,2016,7,Stepless_crossing,Seoul,Jun 30 2018  4:00AM,
,Seoul,2016,4,Stepless_crossing,Seoul,Jun 30 2018  4:00AM,
,Seoul,2016,4,Stepless_crossing,Seoul,Jun 30 2018  4:00AM,
,Seoul,2016,4,Stepless_crossing,Seoul,Jun 30 2018  4:00AM,
,Seoul,2016,7,Stepless_crossing,Seoul,Jun 30 2018  4:00AM,
,Seoul,2016,4,Stepless_crossing,Seoul,Jun 30 2018  4:00AM,
,Seoul,2016,5,Stepless_crossing,Seoul,Jun 30 2018  4:00AM,
,Seoul,2016,4,Stepless_crossing,Seoul,Jun 30 2018  4:00AM,
,Seoul,2016,7,Stepless_crossing,Seoul,Jun 30 2018  4:00AM,
,Seoul,2016,7,Stepless_crossing,Seoul,Jun 30 2018  4:00AM,
,Seoul,2016,6,Stepless_crossing,Seoul,Jun 30 2018  4:00AM,
,Seoul,2016,4,Stepless_crossing,Seoul,Jun 30 2018  4:00AM,
,Seoul,2016,4,Stepless_crossing,Seoul,Jun 30 2018  4:00AM,
,Seoul,2016,4,Stepless_crossing,Seoul,Jun 30 2018  4:00AM,
,Seoul,2016,7,Stepless_crossing,Seoul,Jun 30 2018  4:00AM,
,Seoul,2016,7,Stepless_crossing,Seoul,Jul 29 2018  5:24AM,
,Seoul,2016,6,Stepless_crossing,Seoul,Jul 29 2018  5:24AM,
,Seoul,2016,4,Stepless_crossing,Seoul,Jul 29 2018  5:24AM,
,Seoul,2016,4,Stepless_crossing,Seoul,Jul 29 2018  5:24AM,
,Seoul,2016,4,Stepless_crossing,Seoul,Jul 29 2018  5:24AM,
,Seoul,2016,4,Stepless_crossing,Seoul,Jul 29 2018  5:24AM,
,Seoul,2016,3,Stepless_crossing,Seoul,Jul 29 2018  5:24AM,
,Seoul,2016,4,Stepless_crossing,Seoul,Jul 29 2018  5:24AM,
,Seoul,2016,4,Stepless_crossing,Seoul,Jul 29 2018  5:24AM,
,Busan,2016,4,Stepless_crossing,Busan,Jul 29 2018  5:24AM,
,Busan,2016,7,Stepless_crossing,Busan,Jul 29 2018  5:24AM,
,Busan,2016,4,Stepless_crossing,Busan,Jul 29 2018  5:24AM,
,Busan,2016,4,Stepless_crossing,Busan,Jul 29 2018  5:24AM,
,Busan,2016,4,Stepless_crossing,Busan,Jul 29 2018  5:24AM,
,Busan,2016,5,Stepless_crossing,Busan,Jul 29 2018  5:24AM,
,Busan,2016,4,Stepless_crossing,Busan,Jul 29 2018  5:24AM,
,Busan,2016,4,Stepless_crossing,Busan,Jul 29 2018  5:24AM,
,Busan,2016,4,Stepless_crossing,Busan,Jul 29 2018  5:24AM,
,Busan,2016,3,Stepless_crossing,Busan,Jul 29 2018  5:24AM,
,Busan,2016,5,Stepless_crossing,Busan,Jul 29 2018  5:24AM,
,Busan,2016,5,Stepless_crossing,Busan,Jul 29 2018  5:24AM,
,Busan,2016,5,Stepless_crossing,Busan,Jul 29 2018  5:24AM,
,Busan,2016,4,Stepless_crossing,Busan,Jul 29 2018  5:24AM,
,Busan,2016,4,Stepless_crossing,Busan,Jul 29 2018  5:24AM,
,Busan,2016,4,Stepless_crossing,Busan,Jul 29 2018  5:24AM,
,Gyeonggi,2016,5,Stepless_crossing,Gyeonggi,Jul 29 2018  5:24AM,
,Gyeonggi,2016,8,Stepless_crossing,Gyeonggi,Jul 29 2018  5:24AM,
,Gyeonggi,2016,5,Stepless_crossing,Gyeonggi,Jul 29 2018  5:24AM,
,Gyeonggi,2016,6,Stepless_crossing,Gyeonggi,Jul 29 2018  5:24AM,
,Gyeonggi,2016,4,Stepless_crossing,Gyeonggi,Jul 29 2018  5:24AM,
,Gyeonggi,2016,12,Stepless_crossing,Gyeonggi,Jul 29 2018  5:24AM,
,Gyeonggi,2016,8,Stepless_crossing,Gyeonggi,Jul 29 2018  5:24AM,
,Gyeonggi,2016,5,Stepless_crossing,Gyeonggi,Jul 29 2018  5:24AM,
,Gyeonggi,2016,5,Stepless_crossing,Gyeonggi,Jul 29 2018  5:24AM,
,Gyeonggi,2016,4,Stepless_crossing,Gyeonggi,Jul 29 2018  5:24AM,
,Gyeonggi,2016,7,Stepless_crossing,Gyeonggi,Jul 29 2018  5:24AM,
,Gyeonggi,2016,5,Stepless_crossing,Gyeonggi,Jul 29 2018  5:24AM,
,Gyeonggi,2016,6,Stepless_crossing,Gyeonggi,Jul 29 2018  5:24AM,
,Gyeonggi,2016,4,Stepless_crossing,Gyeonggi,Jul 29 2018  5:24AM,
,Gyeonggi,2016,7,Stepless_crossing,Gyeonggi,Jul 29 2018  5:24AM,
,Gyeonggi,2016,4,Stepless_crossing,Gyeonggi,Jul 29 2018  5:24AM,
,Gyeonggi,2016,7,Stepless_crossing,Gyeonggi,Jul 29 2018  5:24AM,
,Gyeonggi,2016,6,Stepless_crossing,Gyeonggi,Jul 29 2018  5:24AM,
,Gyeonggi,2016,5,Stepless_crossing,Gyeonggi,Jul 29 2018  5:24AM,
,Gyeonggi,2016,9,Stepless_crossing,Gyeonggi,Jul 29 2018  5:24AM,
,Gyeonggi,2016,6,Stepless_crossing,Gyeonggi,Jul 29 2018  5:24AM,
,Gyeonggi,2016,6,Stepless_crossing,Gyeonggi,Jul 29 2018  5:24AM,
,Gyeonggi,2016,11,Stepless_crossing,Gyeonggi,Jul 29 2018  5:24AM,
,Gyeonggi,2016,5,Stepless_crossing,Gyeonggi,Jul 29 2018  5:24AM,
,Gyeonggi,2016,7,Stepless_crossing,Gyeonggi,Jul 29 2018  5:24AM,
,Gyeonggi,2016,5,Stepless_crossing,Gyeonggi,Jul 29 2018  5:24AM,
,Gyeonggi,2016,4,Stepless_crossing,Gyeonggi,Aug 28 2018 12:27AM,
,Gyeonggi,2016,8,Stepless_crossing,Gyeonggi,Aug 28 2018 12:27AM,
,Gyeonggi,2016,4,Stepless_crossing,Gyeonggi,Aug 28 2018 12:27AM,
,Gangwon,2016,5,Stepless_crossing,Gangwon,Aug 28 2018 12:27AM,
,Gangwon,2016,5,Stepless_crossing,Gangwon,Aug 28 2018 12:27AM,
,Gangwon,2016,5,Stepless_crossing,Gangwon,Aug 28 2018 12:27AM,
,Gangwon,2016,5,Stepless_crossing,Gangwon,Aug 28 2018 12:27AM,
,Chungcheongbukdo,2016,4,Stepless_crossing,Chungcheongbukdo,Aug 28 2018 12:27AM,
,Chungcheongbukdo,2016,3,Stepless_crossing,Chungcheongbukdo,Aug 28 2018 12:27AM,
,Chungcheongbukdo,2016,5,Stepless_crossing,Chungcheongbukdo,Aug 28 2018 12:27AM,
,Chungcheongbukdo,2016,5,Stepless_crossing,Chungcheongbukdo,Aug 28 2018 12:27AM,
,Chungcheongbukdo,2016,5,Stepless_crossing,Chungcheongbukdo,Aug 28 2018 12:27AM,
,Chungcheongnamdo,2016,4,Stepless_crossing,Chungcheongnamdo,Aug 28 2018 12:27AM,
,Chungcheongnamdo,2016,9,Stepless_crossing,Chungcheongnamdo,Aug 28 2018 12:27AM,
,Chungcheongnamdo,2016,5,Stepless_crossing,Chungcheongnamdo,Aug 28 2018 12:27AM,
,Chungcheongnamdo,2016,7,Stepless_crossing,Chungcheongnamdo,Aug 28 2018 12:27AM,
,Chungcheongnamdo,2016,4,Stepless_crossing,Chungcheongnamdo,Aug 28 2018 12:27AM,
,Chungcheongnamdo,2016,6,Stepless_crossing,Chungcheongnamdo,Aug 28 2018 12:27AM,
,Chungcheongnamdo,2016,7,Stepless_crossing,Chungcheongnamdo,Aug 28 2018 12:27AM,
,Chungcheongnamdo,2016,6,Stepless_crossing,Chungcheongnamdo,Aug 28 2018 12:27AM,
,Jeollabukdo,2016,5,Stepless_crossing,Jeollabukdo,Aug 28 2018 12:27AM,
,Jeollabukdo,2016,5,Stepless_crossing,Jeollabukdo,Aug 28 2018 12:27AM,
,Jeollabukdo,2016,4,Stepless_crossing,Jeollabukdo,Aug 28 2018 12:27AM,
,Jeollabukdo,2016,4,Stepless_crossing,Jeollabukdo,Aug 28 2018 12:27AM,
,Jeollabukdo,2016,4,Stepless_crossing,Jeollabukdo,Aug 28 2018 12:27AM,
,Jeollabukdo,2016,5,Stepless_crossing,Jeollabukdo,Aug 28 2018 12:27AM,
,Jeollabukdo,2016,5,Stepless_crossing,Jeollabukdo,Aug 28 2018 12:27AM,
,Jeollabukdo,2016,5,Stepless_crossing,Jeollabukdo,Aug 28 2018 12:27AM,
,Jeollabukdo,2016,8,Stepless_crossing,Jeollabukdo,Aug 28 2018 12:27AM,
,Jeollanamdo,2016,4,Stepless_crossing,Jeollanamdo,Aug 28 2018 12:27AM,
,Jeollanamdo,2016,4,Stepless_crossing,Jeollanamdo,Aug 28 2018 12:27AM,
,Jeollanamdo,2016,4,Stepless_crossing,Jeollanamdo,Aug 28 2018 12:27AM,
,Jeollanamdo,2016,7,Stepless_crossing,Jeollanamdo,Aug 28 2018 12:27AM,
,Jeollanamdo,2016,5,Stepless_crossing,Jeollanamdo,Aug 28 2018 12:27AM,
,Jeollanamdo,2016,4,Stepless_crossing,Jeollanamdo,Aug 28 2018 12:27AM,
,Jeollanamdo,2016,4,Stepless_crossing,Jeollanamdo,Aug 28 2018 12:27AM,
,Jeollanamdo,2016,4,Stepless_crossing,Jeollanamdo,Aug 28 2018 12:27AM,
,Jeollanamdo,2016,5,Stepless_crossing,Jeollanamdo,Aug 28 2018 12:27AM,
,Jeollanamdo,2016,6,Stepless_crossing,Jeollanamdo,Aug 28 2018 12:27AM,
,Gyeongsangbukdo,2016,4,Stepless_crossing,Gyeongsangbukdo,Aug 28 2018 12:27AM,
,Gyeongsangbukdo,2016,4,Stepless_crossing,Gyeongsangbukdo,Aug 28 2018 12:27AM,
,Gyeongsangbukdo,2016,4,Stepless_crossing,Gyeongsangbukdo,Aug 28 2018 12:27AM,
,Gyeongsangnamdo,2016,7,Stepless_crossing,Gyeongsangnamdo,Aug 28 2018 12:27AM,
,Gyeongsangnamdo,2016,3,Stepless_crossing,Gyeongsangnamdo,Aug 28 2018 12:27AM,
,Gyeongsangnamdo,2016,5,Stepless_crossing,Gyeongsangnamdo,Aug 28 2018 12:27AM,
,Gyeongsangnamdo,2016,7,Stepless_crossing,Gyeongsangnamdo,Aug 28 2018 12:27AM,
,Gyeongsangnamdo,2016,5,Stepless_crossing,Gyeongsangnamdo,Aug 28 2018 12:27AM,
,Gyeongsangnamdo,2016,6,Stepless_crossing,Gyeongsangnamdo,Aug 28 2018 12:27AM,
,Gyeongsangnamdo,2016,4,Stepless_crossing,Gyeongsangnamdo,Aug 28 2018 12:27AM,
,Gyeongsangnamdo,2016,5,Stepless_crossing,Gyeongsangnamdo,Aug 28 2018 12:27AM,
,Gyeongsangnamdo,2016,6,Stepless_crossing,Gyeongsangnamdo,Aug 28 2018 12:27AM,
,Gyeongsangnamdo,2016,6,Stepless_crossing,Gyeongsangnamdo,Aug 28 2018 12:27AM,
,Jeju,2016,3,Stepless_crossing,Jeju,Aug 28 2018 12:27AM,
,Jeju,2016,6,Stepless_crossing,Jeju,Aug 28 2018 12:27AM,
,Daegu,2016,4,Stepless_crossing,Daegu,Aug 28 2018 12:27AM,
,Daegu,2016,5,Stepless_crossing,Daegu,Aug 28 2018 12:27AM,
,Daegu,2016,4,Stepless_crossing,Daegu,Aug 28 2018 12:27AM,
,Daegu,2016,4,Stepless_crossing,Daegu,Aug 28 2018 12:27AM,
,Daegu,2016,4,Stepless_crossing,Daegu,Aug 28 2018 12:27AM,
,Daegu,2016,11,Stepless_crossing,Daegu,Aug 28 2018 12:27AM,
,Daegu,2016,6,Stepless_crossing,Daegu,Aug 28 2018 12:27AM,
,Daegu,2016,4,Stepless_crossing,Daegu,Aug 28 2018 12:27AM,
,Daegu,2016,6,Stepless_crossing,Daegu,Aug 28 2018 12:27AM,
,Incheon,2016,6,Stepless_crossing,Incheon,Aug 28 2018 12:27AM,
,Incheon,2016,5,Stepless_crossing,Incheon,Aug 28 2018 12:27AM,
,Incheon,2016,5,Stepless_crossing,Incheon,Aug 28 2018 12:27AM,
,Incheon,2016,4,Stepless_crossing,Incheon,Aug 28 2018 12:27AM,
,Incheon,2016,4,Stepless_crossing,Incheon,Aug 28 2018 12:27AM,
,Incheon,2016,4,Stepless_crossing,Incheon,Aug 28 2018 12:27AM,
,Incheon,2016,6,Stepless_crossing,Incheon,Aug 28 2018 12:27AM,
,Incheon,2016,4,Stepless_crossing,Incheon,Aug 28 2018 12:27AM,
,Incheon,2016,4,Stepless_crossing,Incheon,Aug 28 2018 12:27AM,
,Incheon,2016,5,Stepless_crossing,Incheon,Aug 28 2018 12:27AM,
,Incheon,2016,5,Stepless_crossing,Incheon,Aug 28 2018 12:27AM,
,Gwangju,2016,6,Stepless_crossing,Gwangju,Aug 28 2018 12:27AM,
,Gwangju,2016,5,Stepless_crossing,Gwangju,Aug 28 2018 12:27AM,
,Gwangju,2016,4,Stepless_crossing,Gwangju,Aug 28 2018 12:27AM,
,Gwangju,2016,5,Stepless_crossing,Gwangju,Aug 28 2018 12:27AM,
,Gwangju,2016,5,Stepless_crossing,Gwangju,Aug 28 2018 12:27AM,
,Gwangju,2016,4,Stepless_crossing,Gwangju,Aug 28 2018 12:27AM,
,Gwangju,2016,5,Stepless_crossing,Gwangju,Aug 28 2018 12:27AM,
,Gwangju,2016,4,Stepless_crossing,Gwangju,Aug 28 2018 12:27AM,
,Gwangju,2016,4,Stepless_crossing,Gwangju,Aug 28 2018 12:27AM,
,Gwangju,2016,4,Stepless_crossing,Gwangju,Aug 28 2018 12:27AM,
,Gwangju,2016,7,Stepless_crossing,Gwangju,Aug 28 2018 12:27AM,
,Gwangju,2016,5,Stepless_crossing,Gwangju,Aug 28 2018 12:27AM,
,Gwangju,2016,5,Stepless_crossing,Gwangju,Aug 28 2018 12:27AM,
,Gwangju,2016,4,Stepless_crossing,Gwangju,Aug 28 2018 12:27AM,
,Gwangju,2016,4,Stepless_crossing,Gwangju,Aug 28 2018 12:27AM,
,Daejeon,2016,5,Stepless_crossing,Daejeon,Aug 28 2018 12:27AM,
,Daejeon,2016,4,Stepless_crossing,Daejeon,Aug 28 2018 12:27AM,
,Daejeon,2016,4,Stepless_crossing,Daejeon,Aug 28 2018 12:27AM,
,Daejeon,2016,3,Stepless_crossing,Daejeon,Aug 28 2018 12:27AM,
,Daejeon,2016,5,Stepless_crossing,Daejeon,Aug 28 2018 12:27AM,
,Daejeon,2016,4,Stepless_crossing,Daejeon,Aug 28 2018 12:27AM,
,Daejeon,2016,7,Stepless_crossing,Daejeon,Aug 28 2018 12:27AM,
,Daejeon,2016,4,Stepless_crossing,Daejeon,Aug 28 2018 12:27AM,
,Daejeon,2016,6,Stepless_crossing,Daejeon,Aug 28 2018 12:27AM,
,Ulsan,2016,4,Stepless_crossing,Ulsan,Aug 28 2018 12:27AM,
,Ulsan,2016,4,Stepless_crossing,Ulsan,Aug 28 2018 12:27AM,
,Gyeonggi,2016,6,Stepless_crossing,Gyeonggi,Aug 28 2018 12:27AM,
,Gyeonggi,2016,5,Stepless_crossing,Gyeonggi,Aug 28 2018 12:27AM,
,Gyeonggi,2016,5,Stepless_crossing,Gyeonggi,Aug 28 2018 12:27AM,
,Gyeonggi,2016,5,Stepless_crossing,Gyeonggi,Aug 28 2018 12:27AM,
,Seoul,2017,2,School_zone_children,Seoul,Aug 28 2018 12:27AM,
,Seoul,2017,2,School_zone_children,Seoul,Aug 28 2018 12:27AM,
,Seoul,2017,2,School_zone_children,Seoul,Aug 28 2018 12:27AM,
,Seoul,2017,2,School_zone_children,Seoul,Aug 28 2018 12:27AM,
,Seoul,2017,2,School_zone_children,Seoul,Aug 28 2018 12:27AM,
,Seoul,2017,1,School_zone_children,Seoul,Aug 28 2018 12:27AM,
,Busan,2017,2,School_zone_children,Busan,Aug 28 2018 12:27AM,
,Busan,2017,2,School_zone_children,Busan,Aug 28 2018 12:27AM,
,Daegu,2017,2,School_zone_children,Daegu,Aug 28 2018 12:27AM,
,Daegu,2017,3,School_zone_children,Daegu,Aug 28 2018 12:27AM,
,Incheon,2017,2,School_zone_children,Incheon,Aug 28 2018 12:27AM,
,Incheon,2017,2,School_zone_children,Incheon,Aug 28 2018 12:27AM,
,Incheon,2017,2,School_zone_children,Incheon,Aug 28 2018 12:27AM,
,Gwangju,2017,2,School_zone_children,Gwangju,Aug 28 2018 12:27AM,
,Gwangju,2017,1,School_zone_children,Gwangju,Aug 28 2018 12:27AM,
,Gwangju,2017,2,School_zone_children,Gwangju,Aug 28 2018 12:27AM,
,Daejeon,2017,1,School_zone_children,Daejeon,Aug 28 2018 12:27AM,
,Daejeon,2017,1,School_zone_children,Daejeon,Aug 28 2018 12:27AM,
,Daejeon,2017,2,School_zone_children,Daejeon,Aug 28 2018 12:27AM,
,Gyeonggi,2017,1,School_zone_children,Gyeonggi,Aug 28 2018 12:27AM,
,Gyeonggi,2017,2,School_zone_children,Gyeonggi,Aug 28 2018 12:27AM,
,Gyeonggi,2017,3,School_zone_children,Gyeonggi,Aug 28 2018 12:27AM,
,Gyeonggi,2017,2,School_zone_children,Gyeonggi,Aug 28 2018 12:27AM,
,Gyeonggi,2017,2,School_zone_children,Gyeonggi,Aug 28 2018 12:27AM,
,Gyeonggi,2017,2,School_zone_children,Gyeonggi,Aug 28 2018 12:27AM,
,Gyeonggi,2017,1,School_zone_children,Gyeonggi,Aug 28 2018 12:27AM,
,Gangwon,2017,2,School_zone_children,Gangwon,Aug 28 2018 12:27AM,
,Chungcheongbukdo,2017,2,School_zone_children,Chungcheongbukdo,Aug 28 2018 12:27AM,
,Chungcheongbukdo,2017,2,School_zone_children,Chungcheongbukdo,Aug 28 2018 12:27AM,
,Chungcheongbukdo,2017,2,School_zone_children,Chungcheongbukdo,Aug 28 2018 12:27AM,
,Chungcheongbukdo,2017,1,School_zone_children,Chungcheongbukdo,Aug 28 2018 12:27AM,
,Chungcheongnamdo,2017,1,School_zone_children,Chungcheongnamdo,Aug 28 2018 12:27AM,
,Jeollabukdo,2017,2,School_zone_children,Jeollabukdo,Aug 28 2018 12:27AM,
,Jeollabukdo,2017,2,School_zone_children,Jeollabukdo,Aug 28 2018 12:27AM,
,Jeollanamdo,2017,4,School_zone_children,Jeollanamdo,Aug 28 2018 12:27AM,
,Jeollanamdo,2017,2,School_zone_children,Jeollanamdo,Aug 28 2018 12:27AM,
,Seoul,2017,4,Walking_children,Seoul,Aug 28 2018 12:27AM,
,Seoul,2017,3,Walking_children,Seoul,Aug 28 2018 12:27AM,
,Seoul,2017,3,Walking_children,Seoul,Aug 28 2018 12:27AM,
,Seoul,2017,3,Walking_children,Seoul,Aug 28 2018 12:27AM,
,Seoul,2017,3,Walking_children,Seoul,Aug 28 2018 12:27AM,
,Seoul,2017,3,Walking_children,Seoul,Aug 28 2018 12:27AM,
,Seoul,2017,3,Walking_children,Seoul,Aug 28 2018 12:27AM,
,Seoul,2017,3,Walking_children,Seoul,Aug 28 2018 12:27AM,
,Seoul,2017,3,Walking_children,Seoul,Aug 28 2018 12:27AM,
,Seoul,2017,4,Walking_children,Seoul,Aug 28 2018 12:27AM,
,Seoul,2017,3,Walking_children,Seoul,Aug 28 2018 12:27AM,
,Busan,2017,3,Walking_children,Busan,Aug 28 2018 12:27AM,
,Busan,2017,3,Walking_children,Busan,Aug 28 2018 12:27AM,
,Busan,2017,3,Walking_children,Busan,Aug 28 2018 12:27AM,
,Busan,2017,3,Walking_children,Busan,Aug 28 2018 12:27AM,
,Daegu,2017,4,Walking_children,Daegu,Aug 28 2018 12:27AM,
,Daegu,2017,3,Walking_children,Daegu,Aug 28 2018 12:27AM,
,Daegu,2017,4,Walking_children,Daegu,Aug 28 2018 12:27AM,
,Daegu,2017,6,Walking_children,Daegu,Aug 28 2018 12:27AM,
,Daegu,2017,3,Walking_children,Daegu,Aug 28 2018 12:27AM,
,Daegu,2017,3,Walking_children,Daegu,Aug 28 2018 12:27AM,
,Daegu,2017,3,Walking_children,Daegu,Aug 28 2018 12:27AM,
,Daegu,2017,3,Walking_children,Daegu,Aug 28 2018 12:27AM,
,Daegu,2017,3,Walking_children,Daegu,Aug 28 2018 12:27AM,
,Incheon,2017,3,Walking_children,Incheon,Aug 28 2018 12:27AM,
,Gwangju,2017,4,Walking_children,Gwangju,Aug 28 2018 12:27AM,
,Gwangju,2017,3,Walking_children,Gwangju,Aug 28 2018 12:27AM,
,Gwangju,2017,3,Walking_children,Gwangju,Aug 28 2018 12:27AM,
,Gwangju,2017,3,Walking_children,Gwangju,Aug 28 2018 12:27AM,
,Daejeon,2017,3,Walking_children,Daejeon,Aug 28 2018 12:27AM,
,Daejeon,2017,3,Walking_children,Daejeon,Aug 28 2018 12:27AM,
,Daejeon,2017,3,Walking_children,Daejeon,Aug 28 2018 12:27AM,
,Daejeon,2017,3,Walking_children,Daejeon,Aug 28 2018 12:27AM,
,Daejeon,2017,3,Walking_children,Daejeon,Aug 28 2018 12:27AM,
,Daejeon,2017,3,Walking_children,Daejeon,Aug 28 2018 12:27AM,
,Sejong,2017,5,Walking_children,Sejong,Aug 28 2018 12:27AM,
,Gyeonggi,2017,4,Walking_children,Gyeonggi,Aug 28 2018 12:27AM,
,Gyeonggi,2017,3,Walking_children,Gyeonggi,Aug 28 2018 12:27AM,
,Gyeonggi,2017,3,Walking_children,Gyeonggi,Aug 28 2018 12:27AM,
,Gyeonggi,2017,4,Walking_children,Gyeonggi,Aug 28 2018 12:27AM,
,Gyeonggi,2017,3,Walking_children,Gyeonggi,Aug 28 2018 12:27AM,
,Gyeonggi,2017,4,Walking_children,Gyeonggi,Aug 28 2018 12:27AM,
,Gyeonggi,2017,3,Walking_children,Gyeonggi,Aug 28 2018 12:27AM,
,Gyeonggi,2017,3,Walking_children,Gyeonggi,Aug 28 2018 12:27AM,
,Gyeonggi,2017,4,Walking_children,Gyeonggi,Aug 28 2018 12:27AM,
,Gyeonggi,2017,3,Walking_children,Gyeonggi,Aug 28 2018 12:27AM,
,Gyeonggi,2017,3,Walking_children,Gyeonggi,Aug 28 2018 12:27AM,
,Gyeonggi,2017,3,Walking_children,Gyeonggi,Aug 28 2018 12:27AM,
,Gyeonggi,2017,3,Walking_children,Gyeonggi,Aug 28 2018 12:27AM,
,Gyeonggi,2017,4,Walking_children,Gyeonggi,Aug 28 2018 12:27AM,
,Gyeonggi,2017,3,Walking_children,Gyeonggi,Aug 28 2018 12:27AM,
,Gyeonggi,2017,3,Walking_children,Gyeonggi,Aug 28 2018 12:27AM,
,Gyeonggi,2017,3,Walking_children,Gyeonggi,Aug 28 2018 12:27AM,
,Gangwon,2017,3,Walking_children,Gangwon,Aug 28 2018 12:27AM,
,Gangwon,2017,3,Walking_children,Gangwon,Aug 28 2018 12:27AM,
,Chungcheongbukdo,2017,3,Walking_children,Chungcheongbukdo,Aug 28 2018 12:27AM,
,Chungcheongbukdo,2017,3,Walking_children,Chungcheongbukdo,Aug 28 2018 12:27AM,
,Chungcheongbukdo,2017,3,Walking_children,Chungcheongbukdo,Aug 28 2018 12:27AM,
,Chungcheongnamdo,2017,3,Walking_children,Chungcheongnamdo,Aug 28 2018 12:27AM,
,Chungcheongnamdo,2017,3,Walking_children,Chungcheongnamdo,Aug 28 2018 12:27AM,
,Jeollabukdo,2017,3,Walking_children,Jeollabukdo,Aug 28 2018 12:27AM,
,Jeollanamdo,2017,4,Walking_children,Jeollanamdo,Aug 28 2018 12:27AM,
,Jeollanamdo,2017,4,Walking_children,Jeollanamdo,Aug 28 2018 12:27AM,
,Jeollanamdo,2017,3,Walking_children,Jeollanamdo,Aug 28 2018 12:27AM,
,Jeollanamdo,2017,4,Walking_children,Jeollanamdo,Aug 28 2018 12:27AM,
,Gyeongsangbukdo,2017,4,Walking_children,Gyeongsangbukdo,Aug 28 2018 12:27AM,
,Gyeongsangbukdo,2017,3,Walking_children,Gyeongsangbukdo,Aug 28 2018 12:27AM,
,Gyeongsangbukdo,2017,3,Walking_children,Gyeongsangbukdo,Aug 28 2018 12:27AM,
,Gyeongsangnamdo,2017,3,Walking_children,Gyeongsangnamdo,Aug 28 2018 12:27AM,
,Gyeongsangnamdo,2017,3,Walking_children,Gyeongsangnamdo,Aug 28 2018 12:27AM,
,Gyeongsangnamdo,2017,3,Walking_children,Gyeongsangnamdo,Aug 28 2018 12:27AM,
,Gyeongsangnamdo,2017,3,Walking_children,Gyeongsangnamdo,Aug 28 2018 12:27AM,
,Gyeongsangnamdo,2017,4,Walking_children,Gyeongsangnamdo,Aug 28 2018 12:27AM,
,Gyeongsangnamdo,2017,3,Walking_children,Gyeongsangnamdo,Aug 28 2018 12:27AM,
,Gyeongsangnamdo,2017,3,Walking_children,Gyeongsangnamdo,Aug 28 2018 12:27AM,
,Gyeongsangnamdo,2017,3,Walking_children,Gyeongsangnamdo,Aug 28 2018 12:27AM,
,Jeju,2017,3,Walking_children,Jeju,Aug 28 2018 12:27AM,
,Jeju,2017,3,Walking_children,Jeju,Aug 28 2018 12:27AM,
,Jeju,2017,3,Walking_children,Jeju,Aug 28 2018 12:27AM,
,Seoul,2017,6,Walking_old_man,Seoul,Aug 28 2018 12:27AM,
,Seoul,2017,4,Walking_old_man,Seoul,Aug 28 2018 12:27AM,
,Seoul,2017,4,Walking_old_man,Seoul,Aug 28 2018 12:27AM,
,Seoul,2017,3,Walking_old_man,Seoul,Aug 28 2018 12:27AM,
,Seoul,2017,3,Walking_old_man,Seoul,Aug 28 2018 12:27AM,
,Seoul,2017,3,Walking_old_man,Seoul,Aug 28 2018 12:27AM,
,Seoul,2017,3,Walking_old_man,Seoul,Aug 28 2018 12:27AM,
,Seoul,2017,5,Walking_old_man,Seoul,Aug 28 2018 12:27AM,
,Seoul,2017,4,Walking_old_man,Seoul,Aug 28 2018 12:27AM,
,Seoul,2017,4,Walking_old_man,Seoul,Aug 28 2018 12:27AM,
,Seoul,2017,3,Walking_old_man,Seoul,Aug 28 2018 12:27AM,
,Seoul,2017,4,Walking_old_man,Seoul,Aug 28 2018 12:27AM,
,Seoul,2017,3,Walking_old_man,Seoul,Aug 28 2018 12:27AM,
,Seoul,2017,3,Walking_old_man,Seoul,Aug 28 2018 12:27AM,
,Seoul,2017,3,Walking_old_man,Seoul,Aug 28 2018 12:27AM,
,Seoul,2017,3,Walking_old_man,Seoul,Aug 28 2018 12:27AM,
,Seoul,2017,5,Walking_old_man,Seoul,Aug 28 2018 12:27AM,
,Seoul,2017,4,Walking_old_man,Seoul,Aug 28 2018 12:27AM,
,Seoul,2017,2,Walking_old_man,Seoul,Aug 28 2018 12:27AM,
,Seoul,2017,5,Walking_old_man,Seoul,Aug 28 2018 12:27AM,
,Seoul,2017,4,Walking_old_man,Seoul,Aug 28 2018 12:27AM,
,Seoul,2017,3,Walking_old_man,Seoul,Aug 28 2018 12:27AM,
,Seoul,2017,11,Walking_old_man,Seoul,Aug 28 2018 12:27AM,
,Seoul,2017,10,Walking_old_man,Seoul,Aug 28 2018 12:27AM,
,Seoul,2017,9,Walking_old_man,Seoul,Aug 28 2018 12:27AM,
,Seoul,2017,6,Walking_old_man,Seoul,Aug 28 2018 12:27AM,
,Seoul,2017,5,Walking_old_man,Seoul,Aug 28 2018 12:27AM,
,Seoul,2017,5,Walking_old_man,Seoul,Aug 28 2018 12:27AM,
,Seoul,2017,4,Walking_old_man,Seoul,Aug 28 2018 12:27AM,
,Seoul,2017,4,Walking_old_man,Seoul,Aug 28 2018 12:27AM,
,Seoul,2017,4,Walking_old_man,Seoul,Aug 28 2018 12:27AM,
,Seoul,2017,3,Walking_old_man,Seoul,Aug 28 2018 12:27AM,
,Seoul,2017,3,Walking_old_man,Seoul,Aug 28 2018 12:27AM,
,Seoul,2017,7,Walking_old_man,Seoul,Sep 26 2018  7:24AM,
,Seoul,2017,4,Walking_old_man,Seoul,Sep 26 2018  7:24AM,
,Seoul,2017,4,Walking_old_man,Seoul,Sep 26 2018  7:24AM,
,Seoul,2017,4,Walking_old_man,Seoul,Sep 26 2018  7:24AM,
,Seoul,2017,4,Walking_old_man,Seoul,Sep 26 2018  7:24AM,
,Seoul,2017,3,Walking_old_man,Seoul,Sep 26 2018  7:24AM,
,Seoul,2017,2,Walking_old_man,Seoul,Sep 26 2018  7:24AM,
,Seoul,2017,9,Walking_old_man,Seoul,Sep 26 2018  7:24AM,
,Seoul,2017,8,Walking_old_man,Seoul,Sep 26 2018  7:24AM,
,Seoul,2017,7,Walking_old_man,Seoul,Sep 26 2018  7:24AM,
,Seoul,2017,5,Walking_old_man,Seoul,Sep 26 2018  7:24AM,
,Seoul,2017,5,Walking_old_man,Seoul,Sep 26 2018  7:24AM,
,Seoul,2017,4,Walking_old_man,Seoul,Sep 26 2018  7:24AM,
,Seoul,2017,4,Walking_old_man,Seoul,Sep 26 2018  7:24AM,
,Seoul,2017,3,Walking_old_man,Seoul,Sep 26 2018  7:24AM,
,Seoul,2017,3,Walking_old_man,Seoul,Sep 26 2018  7:24AM,
,Seoul,2017,3,Walking_old_man,Seoul,Sep 26 2018  7:24AM,
,Seoul,2017,3,Walking_old_man,Seoul,Sep 26 2018  7:24AM,
,Seoul,2017,3,Walking_old_man,Seoul,Sep 26 2018  7:24AM,
,Seoul,2017,8,Walking_old_man,Seoul,Sep 26 2018  7:24AM,
,Seoul,2017,6,Walking_old_man,Seoul,Sep 26 2018  7:24AM,
,Seoul,2017,6,Walking_old_man,Seoul,Sep 26 2018  7:24AM,
,Seoul,2017,5,Walking_old_man,Seoul,Sep 26 2018  7:24AM,
,Seoul,2017,3,Walking_old_man,Seoul,Sep 26 2018  7:24AM,
,Seoul,2017,3,Walking_old_man,Seoul,Sep 26 2018  7:24AM,
,Seoul,2017,4,Walking_old_man,Seoul,Sep 26 2018  7:24AM,
,Seoul,2017,4,Walking_old_man,Seoul,Sep 26 2018  7:24AM,
,Seoul,2017,3,Walking_old_man,Seoul,Sep 26 2018  7:24AM,
,Seoul,2017,3,Walking_old_man,Seoul,Sep 26 2018  7:24AM,
,Seoul,2017,2,Walking_old_man,Seoul,Sep 26 2018  7:24AM,
,Seoul,2017,4,Walking_old_man,Seoul,Sep 26 2018  7:24AM,
,Seoul,2017,4,Walking_old_man,Seoul,Sep 26 2018  7:24AM,
,Seoul,2017,3,Walking_old_man,Seoul,Sep 26 2018  7:24AM,
,Seoul,2017,3,Walking_old_man,Seoul,Sep 26 2018  7:24AM,
,Seoul,2017,3,Walking_old_man,Seoul,Sep 26 2018  7:24AM,
,Seoul,2017,6,Walking_old_man,Seoul,Sep 26 2018  7:24AM,
,Seoul,2017,5,Walking_old_man,Seoul,Sep 26 2018  7:24AM,
,Seoul,2017,4,Walking_old_man,Seoul,Sep 26 2018  7:24AM,
,Seoul,2017,3,Walking_old_man,Seoul,Sep 26 2018  7:24AM,
,Seoul,2017,3,Walking_old_man,Seoul,Sep 26 2018  7:24AM,
,Seoul,2017,3,Walking_old_man,Seoul,Sep 26 2018  7:24AM,
,Seoul,2017,3,Walking_old_man,Seoul,Sep 26 2018  7:24AM,
,Seoul,2017,5,Walking_old_man,Seoul,Sep 26 2018  7:24AM,
,Seoul,2017,4,Walking_old_man,Seoul,Sep 26 2018  7:24AM,
,Seoul,2017,4,Walking_old_man,Seoul,Sep 26 2018  7:24AM,
,Seoul,2017,3,Walking_old_man,Seoul,Sep 26 2018  7:24AM,
,Seoul,2017,3,Walking_old_man,Seoul,Sep 26 2018  7:24AM,
,Seoul,2017,3,Walking_old_man,Seoul,Sep 26 2018  7:24AM,
,Seoul,2017,2,Walking_old_man,Seoul,Sep 26 2018  7:24AM,
,Seoul,2017,5,Walking_old_man,Seoul,Sep 26 2018  7:24AM,
,Seoul,2017,5,Walking_old_man,Seoul,Sep 26 2018  7:24AM,
,Seoul,2017,5,Walking_old_man,Seoul,Sep 26 2018  7:24AM,
,Seoul,2017,4,Walking_old_man,Seoul,Sep 26 2018  7:24AM,
,Seoul,2017,6,Walking_old_man,Seoul,Sep 26 2018  7:24AM,
,Seoul,2017,4,Walking_old_man,Seoul,Sep 26 2018  7:24AM,
,Seoul,2017,3,Walking_old_man,Seoul,Sep 26 2018  7:24AM,
,Seoul,2017,3,Walking_old_man,Seoul,Sep 26 2018  7:24AM,
,Seoul,2017,4,Walking_old_man,Seoul,Sep 26 2018  7:24AM,
,Seoul,2017,4,Walking_old_man,Seoul,Sep 26 2018  7:24AM,
,Seoul,2017,4,Walking_old_man,Seoul,Sep 26 2018  7:24AM,
,Seoul,2017,3,Walking_old_man,Seoul,Sep 26 2018  7:24AM,
,Seoul,2017,3,Walking_old_man,Seoul,Sep 26 2018  7:24AM,
,Seoul,2017,4,Walking_old_man,Seoul,Sep 26 2018  7:24AM,
,Seoul,2017,4,Walking_old_man,Seoul,Sep 26 2018  7:24AM,
,Seoul,2017,4,Walking_old_man,Seoul,Sep 26 2018  7:24AM,
,Seoul,2017,3,Walking_old_man,Seoul,Sep 26 2018  7:24AM,
,Seoul,2017,3,Walking_old_man,Seoul,Sep 26 2018  7:24AM,
,Seoul,2017,3,Walking_old_man,Seoul,Sep 26 2018  7:24AM,
,Seoul,2017,2,Walking_old_man,Seoul,Sep 26 2018  7:24AM,
,Seoul,2017,6,Walking_old_man,Seoul,Sep 26 2018  7:24AM,
,Seoul,2017,4,Walking_old_man,Seoul,Sep 26 2018  7:24AM,
,Seoul,2017,4,Walking_old_man,Seoul,Sep 26 2018  7:24AM,
,Seoul,2017,8,Walking_old_man,Seoul,Sep 26 2018  7:24AM,
,Seoul,2017,4,Walking_old_man,Seoul,Sep 26 2018  7:24AM,
,Seoul,2017,3,Walking_old_man,Seoul,Sep 26 2018  7:24AM,
,Seoul,2017,3,Walking_old_man,Seoul,Sep 26 2018  7:24AM,
,Seoul,2017,3,Walking_old_man,Seoul,Sep 26 2018  7:24AM,
,Seoul,2017,2,Walking_old_man,Seoul,Sep 26 2018  7:24AM,
,Seoul,2017,8,Walking_old_man,Seoul,Sep 26 2018  7:24AM,
,Seoul,2017,6,Walking_old_man,Seoul,Sep 26 2018  7:24AM,
,Seoul,2017,4,Walking_old_man,Seoul,Sep 26 2018  7:24AM,
,Seoul,2017,4,Walking_old_man,Seoul,Sep 26 2018  7:24AM,
,Seoul,2017,3,Walking_old_man,Seoul,Sep 26 2018  7:24AM,
,Seoul,2017,3,Walking_old_man,Seoul,Sep 26 2018  7:24AM,
,Seoul,2017,3,Walking_old_man,Seoul,Sep 26 2018  7:24AM,
,Seoul,2017,2,Walking_old_man,Seoul,Sep 26 2018  7:24AM,
,Seoul,2017,7,Walking_old_man,Seoul,Sep 26 2018  7:24AM,
,Seoul,2017,5,Walking_old_man,Seoul,Sep 26 2018  7:24AM,
,Seoul,2017,4,Walking_old_man,Seoul,Sep 26 2018  7:24AM,
,Seoul,2017,4,Walking_old_man,Seoul,Sep 26 2018  7:24AM,
,Seoul,2017,4,Walking_old_man,Seoul,Sep 26 2018  7:24AM,
,Seoul,2017,3,Walking_old_man,Seoul,Sep 26 2018  7:24AM,
,Seoul,2017,2,Walking_old_man,Seoul,Sep 26 2018  7:24AM,
,Seoul,2017,5,Walking_old_man,Seoul,Sep 26 2018  7:24AM,
,Seoul,2017,3,Walking_old_man,Seoul,Sep 26 2018  7:24AM,
,Seoul,2017,3,Walking_old_man,Seoul,Sep 26 2018  7:24AM,
,Seoul,2017,5,Walking_old_man,Seoul,Sep 26 2018  7:24AM,
,Seoul,2017,5,Walking_old_man,Seoul,Sep 26 2018  7:24AM,
,Seoul,2017,4,Walking_old_man,Seoul,Sep 26 2018  7:24AM,
,Seoul,2017,3,Walking_old_man,Seoul,Sep 26 2018  7:24AM,
,Seoul,2017,3,Walking_old_man,Seoul,Sep 26 2018  7:24AM,
,Seoul,2017,3,Walking_old_man,Seoul,Sep 26 2018  7:24AM,
,Seoul,2017,6,Walking_old_man,Seoul,Sep 26 2018  7:24AM,
,Seoul,2017,5,Walking_old_man,Seoul,Sep 26 2018  7:24AM,
,Seoul,2017,4,Walking_old_man,Seoul,Sep 26 2018  7:24AM,
,Seoul,2017,4,Walking_old_man,Seoul,Sep 26 2018  7:24AM,
,Seoul,2017,4,Walking_old_man,Seoul,Sep 26 2018  7:24AM,
,Seoul,2017,3,Walking_old_man,Seoul,Sep 26 2018  7:24AM,
,Seoul,2017,3,Walking_old_man,Seoul,Sep 26 2018  7:24AM,
,Busan,2017,5,Walking_old_man,Busan,Sep 26 2018  7:24AM,
,Busan,2017,5,Walking_old_man,Busan,Sep 26 2018  7:24AM,
,Busan,2017,7,Walking_old_man,Busan,Sep 26 2018  7:24AM,
,Busan,2017,4,Walking_old_man,Busan,Sep 26 2018  7:24AM,
,Busan,2017,3,Walking_old_man,Busan,Sep 26 2018  7:24AM,
,Busan,2017,7,Walking_old_man,Busan,Sep 26 2018  7:24AM,
,Busan,2017,5,Walking_old_man,Busan,Sep 26 2018  7:24AM,
,Busan,2017,4,Walking_old_man,Busan,Sep 26 2018  7:24AM,
,Busan,2017,3,Walking_old_man,Busan,Sep 26 2018  7:24AM,
,Busan,2017,18,Walking_old_man,Busan,Sep 26 2018  7:24AM,
,Busan,2017,5,Walking_old_man,Busan,Sep 26 2018  7:24AM,
,Busan,2017,4,Walking_old_man,Busan,Sep 26 2018  7:24AM,
,Busan,2017,4,Walking_old_man,Busan,Sep 26 2018  7:24AM,
,Busan,2017,4,Walking_old_man,Busan,Sep 26 2018  7:24AM,
,Busan,2017,4,Walking_old_man,Busan,Sep 26 2018  7:24AM,
,Busan,2017,6,Walking_old_man,Busan,Sep 26 2018  7:24AM,
,Busan,2017,4,Walking_old_man,Busan,Sep 26 2018  7:24AM,
,Busan,2017,4,Walking_old_man,Busan,Sep 26 2018  7:24AM,
,Busan,2017,3,Walking_old_man,Busan,Sep 26 2018  7:24AM,
,Busan,2017,2,Walking_old_man,Busan,Sep 26 2018  7:24AM,
,Busan,2017,9,Walking_old_man,Busan,Sep 26 2018  7:24AM,
,Busan,2017,6,Walking_old_man,Busan,Sep 26 2018  7:24AM,
,Busan,2017,6,Walking_old_man,Busan,Sep 26 2018  7:24AM,
,Busan,2017,4,Walking_old_man,Busan,Sep 26 2018  7:24AM,
,Busan,2017,4,Walking_old_man,Busan,Sep 26 2018  7:24AM,
,Busan,2017,3,Walking_old_man,Busan,Sep 26 2018  7:24AM,
,Busan,2017,3,Walking_old_man,Busan,Sep 26 2018  7:24AM,
,Busan,2017,3,Walking_old_man,Busan,Sep 26 2018  7:24AM,
,Busan,2017,2,Walking_old_man,Busan,Sep 26 2018  7:24AM,
,Busan,2017,5,Walking_old_man,Busan,Sep 26 2018  7:24AM,
,Busan,2017,4,Walking_old_man,Busan,Sep 26 2018  7:24AM,
,Busan,2017,3,Walking_old_man,Busan,Sep 26 2018  7:24AM,
,Busan,2017,3,Walking_old_man,Busan,Sep 26 2018  7:24AM,
,Busan,2017,3,Walking_old_man,Busan,Sep 26 2018  7:24AM,
,Busan,2017,6,Walking_old_man,Busan,Sep 26 2018  7:24AM,
,Busan,2017,3,Walking_old_man,Busan,Sep 26 2018  7:24AM,
,Busan,2017,2,Walking_old_man,Busan,Sep 26 2018  7:24AM,
,Busan,2017,7,Walking_old_man,Busan,Sep 26 2018  7:24AM,
,Busan,2017,3,Walking_old_man,Busan,Sep 26 2018  7:24AM,
,Busan,2017,3,Walking_old_man,Busan,Sep 26 2018  7:24AM,
,Busan,2017,5,Walking_old_man,Busan,Sep 26 2018  7:24AM,
,Busan,2017,4,Walking_old_man,Busan,Sep 26 2018  7:24AM,
,Busan,2017,3,Walking_old_man,Busan,Sep 26 2018  7:24AM,
,Busan,2017,3,Walking_old_man,Busan,Sep 26 2018  7:24AM,
,Busan,2017,3,Walking_old_man,Busan,Sep 26 2018  7:24AM,
,Busan,2017,2,Walking_old_man,Busan,Sep 26 2018  7:24AM,
,Busan,2017,3,Walking_old_man,Busan,Sep 26 2018  7:24AM,
,Busan,2017,8,Walking_old_man,Busan,Sep 26 2018  7:24AM,
,Daegu,2017,8,Walking_old_man,Daegu,Sep 26 2018  7:24AM,
,Daegu,2017,5,Walking_old_man,Daegu,Sep 26 2018  7:24AM,
,Daegu,2017,2,Walking_old_man,Daegu,Sep 26 2018  7:24AM,
,Daegu,2017,2,Walking_old_man,Daegu,Sep 26 2018  7:24AM,
,Daegu,2017,5,Walking_old_man,Daegu,Sep 26 2018  7:24AM,
,Daegu,2017,4,Walking_old_man,Daegu,Sep 26 2018  7:24AM,
,Daegu,2017,4,Walking_old_man,Daegu,Sep 26 2018  7:24AM,
,Daegu,2017,3,Walking_old_man,Daegu,Sep 26 2018  7:24AM,
,Daegu,2017,3,Walking_old_man,Daegu,Sep 26 2018  7:24AM,
,Daegu,2017,6,Walking_old_man,Daegu,Sep 26 2018  7:24AM,
,Daegu,2017,4,Walking_old_man,Daegu,Sep 26 2018  7:24AM,
,Daegu,2017,7,Walking_old_man,Daegu,Sep 26 2018  7:24AM,
,Daegu,2017,5,Walking_old_man,Daegu,Sep 26 2018  7:24AM,
,Daegu,2017,4,Walking_old_man,Daegu,Sep 26 2018  7:24AM,
,Daegu,2017,3,Walking_old_man,Daegu,Sep 26 2018  7:24AM,
,Daegu,2017,3,Walking_old_man,Daegu,Sep 26 2018  7:24AM,
,Daegu,2017,3,Walking_old_man,Daegu,Sep 26 2018  7:24AM,
,Daegu,2017,3,Walking_old_man,Daegu,Sep 26 2018  7:24AM,
,Daegu,2017,3,Walking_old_man,Daegu,Sep 26 2018  7:24AM,
,Daegu,2017,3,Walking_old_man,Daegu,Sep 26 2018  7:24AM,
,Daegu,2017,3,Walking_old_man,Daegu,Sep 26 2018  7:24AM,
,Daegu,2017,4,Walking_old_man,Daegu,Sep 26 2018  7:24AM,
,Daegu,2017,3,Walking_old_man,Daegu,Sep 26 2018  7:24AM,
,Daegu,2017,3,Walking_old_man,Daegu,Sep 26 2018  7:24AM,
,Daegu,2017,4,Walking_old_man,Daegu,Sep 26 2018  7:24AM,
,Daegu,2017,4,Walking_old_man,Daegu,Sep 26 2018  7:24AM,
,Daegu,2017,4,Walking_old_man,Daegu,Sep 26 2018  7:24AM,
,Daegu,2017,3,Walking_old_man,Daegu,Oct 23 2018 10:24PM,
,Daegu,2017,3,Walking_old_man,Daegu,Oct 23 2018 10:24PM,
,Daegu,2017,3,Walking_old_man,Daegu,Oct 23 2018 10:24PM,
,Daegu,2017,3,Walking_old_man,Daegu,Oct 23 2018 10:24PM,
,Incheon,2017,4,Walking_old_man,Incheon,Oct 23 2018 10:24PM,
,Incheon,2017,3,Walking_old_man,Incheon,Oct 23 2018 10:24PM,
,Incheon,2017,2,Walking_old_man,Incheon,Oct 23 2018 10:24PM,
,Incheon,2017,4,Walking_old_man,Incheon,Oct 23 2018 10:24PM,
,Incheon,2017,4,Walking_old_man,Incheon,Oct 23 2018 10:24PM,
,Incheon,2017,3,Walking_old_man,Incheon,Oct 23 2018 10:24PM,
,Incheon,2017,2,Walking_old_man,Incheon,Oct 23 2018 10:24PM,
,Incheon,2017,5,Walking_old_man,Incheon,Oct 23 2018 10:24PM,
,Incheon,2017,5,Walking_old_man,Incheon,Oct 23 2018 10:24PM,
,Incheon,2017,3,Walking_old_man,Incheon,Oct 23 2018 10:24PM,
,Incheon,2017,3,Walking_old_man,Incheon,Oct 23 2018 10:24PM,
,Incheon,2017,3,Walking_old_man,Incheon,Oct 23 2018 10:24PM,
,Incheon,2017,4,Walking_old_man,Incheon,Oct 23 2018 10:24PM,
,Gwangju,2017,7,Walking_old_man,Gwangju,Oct 23 2018 10:24PM,
,Gwangju,2017,3,Walking_old_man,Gwangju,Oct 23 2018 10:24PM,
,Gwangju,2017,3,Walking_old_man,Gwangju,Oct 23 2018 10:24PM,
,Gwangju,2017,3,Walking_old_man,Gwangju,Oct 23 2018 10:24PM,
,Gwangju,2017,2,Walking_old_man,Gwangju,Oct 23 2018 10:24PM,
,Gwangju,2017,4,Walking_old_man,Gwangju,Oct 23 2018 10:24PM,
,Gwangju,2017,3,Walking_old_man,Gwangju,Oct 23 2018 10:24PM,
,Gwangju,2017,3,Walking_old_man,Gwangju,Oct 23 2018 10:24PM,
,Gwangju,2017,2,Walking_old_man,Gwangju,Oct 23 2018 10:24PM,
,Gwangju,2017,5,Walking_old_man,Gwangju,Oct 23 2018 10:24PM,
,Gwangju,2017,3,Walking_old_man,Gwangju,Oct 23 2018 10:24PM,
,Gwangju,2017,2,Walking_old_man,Gwangju,Oct 23 2018 10:24PM,
,Gwangju,2017,5,Walking_old_man,Gwangju,Oct 23 2018 10:24PM,
,Gwangju,2017,4,Walking_old_man,Gwangju,Oct 23 2018 10:24PM,
,Gwangju,2017,4,Walking_old_man,Gwangju,Oct 23 2018 10:24PM,
,Gwangju,2017,3,Walking_old_man,Gwangju,Oct 23 2018 10:24PM,
,Gwangju,2017,3,Walking_old_man,Gwangju,Oct 23 2018 10:24PM,
,Gwangju,2017,2,Walking_old_man,Gwangju,Oct 23 2018 10:24PM,
,Daejeon,2017,4,Walking_old_man,Daejeon,Oct 23 2018 10:24PM,
,Daejeon,2017,3,Walking_old_man,Daejeon,Oct 23 2018 10:24PM,
,Daejeon,2017,3,Walking_old_man,Daejeon,Oct 23 2018 10:24PM,
,Daejeon,2017,5,Walking_old_man,Daejeon,Oct 23 2018 10:24PM,
,Daejeon,2017,3,Walking_old_man,Daejeon,Oct 23 2018 10:24PM,
,Daejeon,2017,3,Walking_old_man,Daejeon,Oct 23 2018 10:24PM,
,Daejeon,2017,3,Walking_old_man,Daejeon,Oct 23 2018 10:24PM,
,Daejeon,2017,3,Walking_old_man,Daejeon,Oct 23 2018 10:24PM,
,Daejeon,2017,3,Walking_old_man,Daejeon,Oct 23 2018 10:24PM,
,Daejeon,2017,4,Walking_old_man,Daejeon,Oct 23 2018 10:24PM,
,Daejeon,2017,3,Walking_old_man,Daejeon,Oct 23 2018 10:24PM,
,Daejeon,2017,3,Walking_old_man,Daejeon,Oct 23 2018 10:24PM,
,Daejeon,2017,2,Walking_old_man,Daejeon,Oct 23 2018 10:24PM,
,Ulsan,2017,5,Walking_old_man,Ulsan,Oct 23 2018 10:24PM,
,Ulsan,2017,4,Walking_old_man,Ulsan,Oct 23 2018 10:24PM,
,Ulsan,2017,4,Walking_old_man,Ulsan,Oct 23 2018 10:24PM,
,Ulsan,2017,3,Walking_old_man,Ulsan,Oct 23 2018 10:24PM,
,Ulsan,2017,3,Walking_old_man,Ulsan,Oct 23 2018 10:24PM,
,Sejong,2017,4,Walking_old_man,Sejong,Oct 23 2018 10:24PM,
,Sejong,2017,3,Walking_old_man,Sejong,Oct 23 2018 10:24PM,
,Gyeonggi,2017,5,Walking_old_man,Gyeonggi,Oct 23 2018 10:24PM,
,Gyeonggi,2017,4,Walking_old_man,Gyeonggi,Oct 23 2018 10:24PM,
,Gyeonggi,2017,4,Walking_old_man,Gyeonggi,Oct 23 2018 10:24PM,
,Gyeonggi,2017,3,Walking_old_man,Gyeonggi,Oct 23 2018 10:24PM,
,Gyeonggi,2017,6,Walking_old_man,Gyeonggi,Oct 23 2018 10:24PM,
,Gyeonggi,2017,6,Walking_old_man,Gyeonggi,Oct 23 2018 10:24PM,
,Gyeonggi,2017,4,Walking_old_man,Gyeonggi,Oct 23 2018 10:24PM,
,Gyeonggi,2017,4,Walking_old_man,Gyeonggi,Oct 23 2018 10:24PM,
,Gyeonggi,2017,3,Walking_old_man,Gyeonggi,Oct 23 2018 10:24PM,
,Gyeonggi,2017,14,Walking_old_man,Gyeonggi,Oct 23 2018 10:24PM,
,Gyeonggi,2017,7,Walking_old_man,Gyeonggi,Oct 23 2018 10:24PM,
,Gyeonggi,2017,5,Walking_old_man,Gyeonggi,Oct 23 2018 10:24PM,
,Gyeonggi,2017,2,Walking_old_man,Gyeonggi,Oct 23 2018 10:24PM,
,Gyeonggi,2017,10,Walking_old_man,Gyeonggi,Oct 23 2018 10:24PM,
,Gyeonggi,2017,5,Walking_old_man,Gyeonggi,Oct 23 2018 10:24PM,
,Gyeonggi,2017,2,Walking_old_man,Gyeonggi,Oct 23 2018 10:24PM,
,Gyeonggi,2017,2,Walking_old_man,Gyeonggi,Oct 23 2018 10:24PM,
,Gyeonggi,2017,4,Walking_old_man,Gyeonggi,Oct 23 2018 10:24PM,
,Gyeonggi,2017,4,Walking_old_man,Gyeonggi,Oct 23 2018 10:24PM,
,Gyeonggi,2017,4,Walking_old_man,Gyeonggi,Oct 23 2018 10:24PM,
,Gyeonggi,2017,3,Walking_old_man,Gyeonggi,Oct 23 2018 10:24PM,
,Gyeonggi,2017,3,Walking_old_man,Gyeonggi,Oct 23 2018 10:24PM,
,Gyeonggi,2017,8,Walking_old_man,Gyeonggi,Oct 23 2018 10:24PM,
,Gyeonggi,2017,7,Walking_old_man,Gyeonggi,Oct 23 2018 10:24PM,
,Gyeonggi,2017,5,Walking_old_man,Gyeonggi,Oct 23 2018 10:24PM,
,Gyeonggi,2017,4,Walking_old_man,Gyeonggi,Oct 23 2018 10:24PM,
,Gyeonggi,2017,3,Walking_old_man,Gyeonggi,Oct 23 2018 10:24PM,
,Gyeonggi,2017,2,Walking_old_man,Gyeonggi,Oct 23 2018 10:24PM,
,Gyeonggi,2017,7,Walking_old_man,Gyeonggi,Oct 23 2018 10:24PM,
,Gyeonggi,2017,3,Walking_old_man,Gyeonggi,Oct 23 2018 10:24PM,
,Gyeonggi,2017,3,Walking_old_man,Gyeonggi,Oct 23 2018 10:24PM,
,Gyeonggi,2017,3,Walking_old_man,Gyeonggi,Oct 23 2018 10:24PM,
,Gyeonggi,2017,7,Walking_old_man,Gyeonggi,Oct 23 2018 10:24PM,
,Gyeonggi,2017,5,Walking_old_man,Gyeonggi,Oct 23 2018 10:24PM,
,Gyeonggi,2017,4,Walking_old_man,Gyeonggi,Oct 23 2018 10:24PM,
,Gyeonggi,2017,4,Walking_old_man,Gyeonggi,Oct 23 2018 10:24PM,
,Gyeonggi,2017,4,Walking_old_man,Gyeonggi,Oct 23 2018 10:24PM,
,Gyeonggi,2017,3,Walking_old_man,Gyeonggi,Oct 23 2018 10:24PM,
,Gyeonggi,2017,3,Walking_old_man,Gyeonggi,Oct 23 2018 10:24PM,
,Gyeonggi,2017,3,Walking_old_man,Gyeonggi,Oct 23 2018 10:24PM,
,Gyeonggi,2017,3,Walking_old_man,Gyeonggi,Oct 23 2018 10:24PM,
,Gyeonggi,2017,3,Walking_old_man,Gyeonggi,Oct 23 2018 10:24PM,
,Gyeonggi,2017,2,Walking_old_man,Gyeonggi,Oct 23 2018 10:24PM,
,Gyeonggi,2017,2,Walking_old_man,Gyeonggi,Oct 23 2018 10:24PM,
,Gyeonggi,2017,3,Walking_old_man,Gyeonggi,Oct 23 2018 10:24PM,
,Gyeonggi,2017,5,Walking_old_man,Gyeonggi,Oct 23 2018 10:24PM,
,Gyeonggi,2017,3,Walking_old_man,Gyeonggi,Oct 23 2018 10:24PM,
,Gyeonggi,2017,3,Walking_old_man,Gyeonggi,Oct 23 2018 10:24PM,
,Gyeonggi,2017,5,Walking_old_man,Gyeonggi,Oct 23 2018 10:24PM,
,Gyeonggi,2017,3,Walking_old_man,Gyeonggi,Oct 23 2018 10:24PM,
,Gyeonggi,2017,2,Walking_old_man,Gyeonggi,Oct 23 2018 10:24PM,
,Gyeonggi,2017,3,Walking_old_man,Gyeonggi,Oct 23 2018 10:24PM,
,Gyeonggi,2017,3,Walking_old_man,Gyeonggi,Oct 23 2018 10:24PM,
,Gyeonggi,2017,3,Walking_old_man,Gyeonggi,Oct 23 2018 10:24PM,
,Gyeonggi,2017,3,Walking_old_man,Gyeonggi,Oct 23 2018 10:24PM,
,Gyeonggi,2017,4,Walking_old_man,Gyeonggi,Oct 23 2018 10:24PM,
,Gyeonggi,2017,4,Walking_old_man,Gyeonggi,Oct 23 2018 10:24PM,
,Gyeonggi,2017,3,Walking_old_man,Gyeonggi,Oct 23 2018 10:24PM,
,Gyeonggi,2017,3,Walking_old_man,Gyeonggi,Oct 23 2018 10:24PM,
,Gyeonggi,2017,3,Walking_old_man,Gyeonggi,Oct 23 2018 10:24PM,
,Gyeonggi,2017,2,Walking_old_man,Gyeonggi,Oct 23 2018 10:24PM,
,Gyeonggi,2017,2,Walking_old_man,Gyeonggi,Oct 23 2018 10:24PM,
,Gyeonggi,2017,3,Walking_old_man,Gyeonggi,Oct 23 2018 10:24PM,
,Gyeonggi,2017,2,Walking_old_man,Gyeonggi,Oct 23 2018 10:24PM,
,Gyeonggi,2017,3,Walking_old_man,Gyeonggi,Oct 23 2018 10:24PM,
,Gyeonggi,2017,7,Walking_old_man,Gyeonggi,Oct 23 2018 10:24PM,
,Gyeonggi,2017,3,Walking_old_man,Gyeonggi,Oct 23 2018 10:24PM,
,Gyeonggi,2017,3,Walking_old_man,Gyeonggi,Oct 23 2018 10:24PM,
,Gyeonggi,2017,6,Walking_old_man,Gyeonggi,Oct 23 2018 10:24PM,
,Gyeonggi,2017,3,Walking_old_man,Gyeonggi,Oct 23 2018 10:24PM,
,Gyeonggi,2017,3,Walking_old_man,Gyeonggi,Oct 23 2018 10:24PM,
,Gyeonggi,2017,6,Walking_old_man,Gyeonggi,Nov  5 2018  6:54PM,
,Gyeonggi,2017,4,Walking_old_man,Gyeonggi,Nov  5 2018  6:54PM,
,Gyeonggi,2017,4,Walking_old_man,Gyeonggi,Nov  5 2018  6:54PM,
,Gyeonggi,2017,3,Walking_old_man,Gyeonggi,Nov  5 2018  6:54PM,
,Gyeonggi,2017,4,Walking_old_man,Gyeonggi,Nov  5 2018  6:54PM,
,Gyeonggi,2017,3,Walking_old_man,Gyeonggi,Nov  5 2018  6:54PM,
,Gyeonggi,2017,10,Walking_old_man,Gyeonggi,Nov  5 2018  6:54PM,
,Gyeonggi,2017,4,Walking_old_man,Gyeonggi,Nov  5 2018  6:54PM,
,Gyeonggi,2017,4,Walking_old_man,Gyeonggi,Nov  5 2018  6:54PM,
,Gyeonggi,2017,4,Walking_old_man,Gyeonggi,Nov  5 2018  6:54PM,
,Gyeonggi,2017,3,Walking_old_man,Gyeonggi,Nov  5 2018  6:54PM,
,Gyeonggi,2017,5,Walking_old_man,Gyeonggi,Nov  5 2018  6:54PM,
,Gyeonggi,2017,5,Walking_old_man,Gyeonggi,May  5 2018  6:54PM,
,Gyeonggi,2017,3,Walking_old_man,Gyeonggi,May  5 2018  6:54PM,
,Gyeonggi,2017,4,Walking_old_man,Gyeonggi,May  5 2018  6:54PM,
,Gyeonggi,2017,3,Walking_old_man,Gyeonggi,May  5 2018  6:54PM,
,Gyeonggi,2017,3,Walking_old_man,Gyeonggi,May  5 2018  6:54PM,
,Gyeonggi,2017,5,Walking_old_man,Gyeonggi,May  5 2018  6:54PM,
,Gyeonggi,2017,3,Walking_old_man,Gyeonggi,May  5 2018  6:54PM,
,Gyeonggi,2017,3,Walking_old_man,Gyeonggi,May  5 2018  6:54PM,
,Gyeonggi,2017,3,Walking_old_man,Gyeonggi,May  5 2018  6:54PM,
,Gangwon,2017,4,Walking_old_man,Gangwon,May  5 2018  6:54PM,
,Gangwon,2017,3,Walking_old_man,Gangwon,May  5 2018  6:54PM,
,Gangwon,2017,3,Walking_old_man,Gangwon,May  5 2018  6:54PM,
,Gangwon,2017,2,Walking_old_man,Gangwon,May  5 2018  6:54PM,
,Gangwon,2017,8,Walking_old_man,Gangwon,May  5 2018  6:54PM,
,Gangwon,2017,4,Walking_old_man,Gangwon,May  5 2018  6:54PM,
,Gangwon,2017,2,Walking_old_man,Gangwon,May  5 2018  6:54PM,
,Gangwon,2017,6,Walking_old_man,Gangwon,May  5 2018  6:54PM,
,Gangwon,2017,6,Walking_old_man,Gangwon,May  5 2018  6:54PM,
,Gangwon,2017,4,Walking_old_man,Gangwon,May  5 2018  6:54PM,
,Gangwon,2017,3,Walking_old_man,Gangwon,May  5 2018  6:54PM,
,Gangwon,2017,3,Walking_old_man,Gangwon,May  5 2018  6:54PM,
,Gangwon,2017,5,Walking_old_man,Gangwon,May  5 2018  6:54PM,
,Gangwon,2017,4,Walking_old_man,Gangwon,May  5 2018  6:54PM,
,Gangwon,2017,3,Walking_old_man,Gangwon,May  5 2018  6:54PM,
,Gangwon,2017,3,Walking_old_man,Gangwon,May  5 2018  6:54PM,
,Gangwon,2017,3,Walking_old_man,Gangwon,May  5 2018  6:54PM,
,Chungcheongbukdo,2017,9,Walking_old_man,Chungcheongbukdo,May  5 2018  6:54PM,
,Chungcheongbukdo,2017,4,Walking_old_man,Chungcheongbukdo,May  5 2018  6:54PM,
,Chungcheongbukdo,2017,2,Walking_old_man,Chungcheongbukdo,May  5 2018  6:54PM,
,Chungcheongbukdo,2017,5,Walking_old_man,Chungcheongbukdo,May  5 2018  6:54PM,
,Chungcheongbukdo,2017,4,Walking_old_man,Chungcheongbukdo,May  5 2018  6:54PM,
,Chungcheongbukdo,2017,4,Walking_old_man,Chungcheongbukdo,May  5 2018  6:54PM,
,Chungcheongbukdo,2017,4,Walking_old_man,Chungcheongbukdo,May  5 2018  6:54PM,
,Chungcheongbukdo,2017,3,Walking_old_man,Chungcheongbukdo,May  5 2018  6:54PM,
,Chungcheongbukdo,2017,3,Walking_old_man,Chungcheongbukdo,May  5 2018  6:54PM,
,Chungcheongbukdo,2017,3,Walking_old_man,Chungcheongbukdo,May  5 2018  6:54PM,
,Chungcheongbukdo,2017,2,Walking_old_man,Chungcheongbukdo,May  5 2018  6:54PM,
,Chungcheongbukdo,2017,3,Walking_old_man,Chungcheongbukdo,May  5 2018  6:54PM,
,Chungcheongbukdo,2017,3,Walking_old_man,Chungcheongbukdo,May  5 2018  6:54PM,
,Chungcheongbukdo,2017,4,Walking_old_man,Chungcheongbukdo,May  5 2018  6:54PM,
,Chungcheongbukdo,2017,4,Walking_old_man,Chungcheongbukdo,May  5 2018  6:54PM,
,Chungcheongbukdo,2017,6,Walking_old_man,Chungcheongbukdo,May  5 2018  6:54PM,
,Chungcheongbukdo,2017,4,Walking_old_man,Chungcheongbukdo,May  5 2018  6:54PM,
,Chungcheongbukdo,2017,4,Walking_old_man,Chungcheongbukdo,May  5 2018  6:54PM,
,Chungcheongbukdo,2017,5,Walking_old_man,Chungcheongbukdo,May  5 2018  6:54PM,
,Chungcheongbukdo,2017,7,Walking_old_man,Chungcheongbukdo,May  5 2018  6:54PM,
,Chungcheongbukdo,2017,3,Walking_old_man,Chungcheongbukdo,May  5 2018  6:54PM,
,Chungcheongnamdo,2017,8,Walking_old_man,Chungcheongnamdo,May  5 2018  6:54PM,
,Chungcheongnamdo,2017,5,Walking_old_man,Chungcheongnamdo,May  5 2018  6:54PM,
,Chungcheongnamdo,2017,4,Walking_old_man,Chungcheongnamdo,May  5 2018  6:54PM,
,Chungcheongnamdo,2017,3,Walking_old_man,Chungcheongnamdo,May  5 2018  6:54PM,
,Chungcheongnamdo,2017,7,Walking_old_man,Chungcheongnamdo,May  5 2018  6:54PM,
,Chungcheongnamdo,2017,6,Walking_old_man,Chungcheongnamdo,May  5 2018  6:54PM,
,Chungcheongnamdo,2017,5,Walking_old_man,Chungcheongnamdo,May  5 2018  6:54PM,
,Chungcheongnamdo,2017,7,Walking_old_man,Chungcheongnamdo,May  5 2018  6:54PM,
,Chungcheongnamdo,2017,7,Walking_old_man,Chungcheongnamdo,May  5 2018  6:54PM,
,Chungcheongnamdo,2017,4,Walking_old_man,Chungcheongnamdo,May  5 2018  6:54PM,
,Chungcheongnamdo,2017,6,Walking_old_man,Chungcheongnamdo,May  5 2018  6:54PM,
,Chungcheongnamdo,2017,4,Walking_old_man,Chungcheongnamdo,May  5 2018  6:54PM,
,Chungcheongnamdo,2017,7,Walking_old_man,Chungcheongnamdo,May  5 2018  6:54PM,
,Chungcheongnamdo,2017,3,Walking_old_man,Chungcheongnamdo,May  5 2018  6:54PM,
,Chungcheongnamdo,2017,4,Walking_old_man,Chungcheongnamdo,Dec 29 2018  4:24PM,
,Chungcheongnamdo,2017,4,Walking_old_man,Chungcheongnamdo,Dec 29 2018  4:24PM,
,Chungcheongnamdo,2017,4,Walking_old_man,Chungcheongnamdo,Dec 29 2018  4:24PM,
,Jeollabukdo,2017,5,Walking_old_man,Jeollabukdo,Dec 29 2018  4:24PM,
,Jeollabukdo,2017,4,Walking_old_man,Jeollabukdo,Dec 29 2018  4:24PM,
,Jeollabukdo,2017,4,Walking_old_man,Jeollabukdo,Dec 29 2018  4:24PM,
,Jeollabukdo,2017,3,Walking_old_man,Jeollabukdo,Dec 29 2018  4:24PM,
,Jeollabukdo,2017,3,Walking_old_man,Jeollabukdo,Dec 29 2018  4:24PM,
,Jeollabukdo,2017,3,Walking_old_man,Jeollabukdo,Dec 29 2018  4:24PM,
,Jeollabukdo,2017,3,Walking_old_man,Jeollabukdo,Dec 29 2018  4:24PM,
,Jeollabukdo,2017,3,Walking_old_man,Jeollabukdo,Dec 29 2018  4:24PM,
,Jeollabukdo,2017,3,Walking_old_man,Jeollabukdo,Dec 29 2018  4:24PM,
,Jeollabukdo,2017,3,Walking_old_man,Jeollabukdo,Dec 29 2018  4:24PM,
,Jeollabukdo,2017,3,Walking_old_man,Jeollabukdo,Dec 29 2018  4:24PM,
,Jeollabukdo,2017,3,Walking_old_man,Jeollabukdo,Dec 29 2018  4:24PM,
,Jeollabukdo,2017,3,Walking_old_man,Jeollabukdo,Dec 29 2018  4:24PM,
,Jeollabukdo,2017,2,Walking_old_man,Jeollabukdo,Dec 29 2018  4:24PM,
,Jeollabukdo,2017,7,Walking_old_man,Jeollabukdo,Dec 29 2018  4:24PM,
,Jeollabukdo,2017,4,Walking_old_man,Jeollabukdo,Dec 29 2018  4:24PM,
,Jeollabukdo,2017,3,Walking_old_man,Jeollabukdo,Dec 29 2018  4:24PM,
,Jeollabukdo,2017,3,Walking_old_man,Jeollabukdo,Dec 29 2018  4:24PM,
,Jeollabukdo,2017,2,Walking_old_man,Jeollabukdo,Dec 29 2018  4:24PM,
,Jeollabukdo,2017,4,Walking_old_man,Jeollabukdo,Dec 29 2018  4:24PM,
,Jeollabukdo,2017,4,Walking_old_man,Jeollabukdo,Dec 29 2018  4:24PM,
,Jeollabukdo,2017,4,Walking_old_man,Jeollabukdo,Dec 29 2018  4:24PM,
,Jeollabukdo,2017,3,Walking_old_man,Jeollabukdo,Dec 29 2018  4:24PM,
,Jeollabukdo,2017,3,Walking_old_man,Jeollabukdo,Dec 29 2018  4:24PM,
,Jeollabukdo,2017,3,Walking_old_man,Jeollabukdo,Dec 29 2018  4:24PM,
,Jeollabukdo,2017,2,Walking_old_man,Jeollabukdo,Dec 29 2018  4:24PM,
,Jeollabukdo,2017,6,Walking_old_man,Jeollabukdo,Dec 29 2018  4:24PM,
,Jeollabukdo,2017,5,Walking_old_man,Jeollabukdo,Dec 29 2018  4:24PM,
,Jeollabukdo,2017,3,Walking_old_man,Jeollabukdo,Dec 29 2018  4:24PM,
,Jeollabukdo,2017,6,Walking_old_man,Jeollabukdo,Dec 29 2018  4:24PM,
,Jeollabukdo,2017,3,Walking_old_man,Jeollabukdo,Dec 29 2018  4:24PM,
,Jeollabukdo,2017,5,Walking_old_man,Jeollabukdo,Dec 29 2018  4:24PM,
,Jeollabukdo,2017,3,Walking_old_man,Jeollabukdo,Dec 29 2018  4:24PM,
,Jeollanamdo,2017,6,Walking_old_man,Jeollanamdo,Dec 29 2018  4:24PM,
,Jeollanamdo,2017,5,Walking_old_man,Jeollanamdo,Dec 29 2018  4:24PM,
,Jeollanamdo,2017,5,Walking_old_man,Jeollanamdo,Dec 29 2018  4:24PM,
,Jeollanamdo,2017,4,Walking_old_man,Jeollanamdo,Dec 29 2018  4:24PM,
,Jeollanamdo,2017,4,Walking_old_man,Jeollanamdo,Dec 29 2018  4:24PM,
,Jeollanamdo,2017,4,Walking_old_man,Jeollanamdo,Dec 29 2018  4:24PM,
,Jeollanamdo,2017,3,Walking_old_man,Jeollanamdo,Dec 29 2018  4:24PM,
,Jeollanamdo,2017,2,Walking_old_man,Jeollanamdo,Dec 29 2018  4:24PM,
,Jeollanamdo,2017,12,Walking_old_man,Jeollanamdo,Dec 29 2018  4:24PM,
,Jeollanamdo,2017,8,Walking_old_man,Jeollanamdo,Dec 29 2018  4:24PM,
,Jeollanamdo,2017,5,Walking_old_man,Jeollanamdo,Dec 29 2018  4:24PM,
,Jeollanamdo,2017,4,Walking_old_man,Jeollanamdo,Dec 29 2018  4:24PM,
,Jeollanamdo,2017,3,Walking_old_man,Jeollanamdo,Dec 29 2018  4:24PM,
,Jeollanamdo,2017,3,Walking_old_man,Jeollanamdo,Dec 29 2018  4:24PM,
,Jeollanamdo,2017,2,Walking_old_man,Jeollanamdo,Dec 29 2018  4:24PM,
,Jeollanamdo,2017,6,Walking_old_man,Jeollanamdo,Dec 29 2018  4:24PM,
,Jeollanamdo,2017,3,Walking_old_man,Jeollanamdo,Dec 29 2018  4:24PM,
,Jeollanamdo,2017,3,Walking_old_man,Jeollanamdo,Dec 29 2018  4:24PM,
,Jeollanamdo,2017,5,Walking_old_man,Jeollanamdo,Dec 29 2018  4:24PM,
,Jeollanamdo,2017,3,Walking_old_man,Jeollanamdo,Dec 29 2018  4:24PM,
,Jeollanamdo,2017,5,Walking_old_man,Jeollanamdo,Dec 29 2018  4:24PM,
,Jeollanamdo,2017,3,Walking_old_man,Jeollanamdo,Dec 29 2018  4:24PM,
,Jeollanamdo,2017,4,Walking_old_man,Jeollanamdo,Dec 29 2018  4:24PM,
,Jeollanamdo,2017,3,Walking_old_man,Jeollanamdo,Dec 29 2018  4:24PM,
,Jeollanamdo,2017,6,Walking_old_man,Jeollanamdo,Dec 29 2018  4:24PM,
,Jeollanamdo,2017,5,Walking_old_man,Jeollanamdo,Dec 29 2018  4:24PM,
,Jeollanamdo,2017,4,Walking_old_man,Jeollanamdo,Dec 29 2018  4:24PM,
,Gyeongsangbukdo,2017,6,Walking_old_man,Gyeongsangbukdo,Dec 29 2018  4:24PM,
,Gyeongsangbukdo,2017,5,Walking_old_man,Gyeongsangbukdo,Dec 29 2018  4:24PM,
,Gyeongsangbukdo,2017,4,Walking_old_man,Gyeongsangbukdo,Dec 29 2018  4:24PM,
,Gyeongsangbukdo,2017,2,Walking_old_man,Gyeongsangbukdo,Dec 29 2018  4:24PM,
,Gyeongsangbukdo,2017,11,Walking_old_man,Gyeongsangbukdo,Dec 29 2018  4:24PM,
,Gyeongsangbukdo,2017,5,Walking_old_man,Gyeongsangbukdo,Dec 29 2018  4:24PM,
,Gyeongsangbukdo,2017,3,Walking_old_man,Gyeongsangbukdo,Dec 29 2018  4:24PM,
,Gyeongsangbukdo,2017,3,Walking_old_man,Gyeongsangbukdo,Dec 29 2018  4:24PM,
,Gyeongsangbukdo,2017,2,Walking_old_man,Gyeongsangbukdo,Dec 29 2018  4:24PM,
,Gyeongsangbukdo,2017,10,Walking_old_man,Gyeongsangbukdo,Dec 29 2018  4:24PM,
,Gyeongsangbukdo,2017,6,Walking_old_man,Gyeongsangbukdo,Dec 29 2018  4:24PM,
,Gyeongsangbukdo,2017,5,Walking_old_man,Gyeongsangbukdo,Dec 29 2018  4:24PM,
,Gyeongsangbukdo,2017,3,Walking_old_man,Gyeongsangbukdo,Dec 29 2018  4:24PM,
,Gyeongsangbukdo,2017,6,Walking_old_man,Gyeongsangbukdo,Dec 29 2018  4:24PM,
,Gyeongsangbukdo,2017,4,Walking_old_man,Gyeongsangbukdo,Dec 29 2018  4:24PM,
,Gyeongsangbukdo,2017,4,Walking_old_man,Gyeongsangbukdo,Dec 29 2018  4:24PM,
,Gyeongsangbukdo,2017,3,Walking_old_man,Gyeongsangbukdo,Dec 29 2018  4:24PM,
,Gyeongsangbukdo,2017,3,Walking_old_man,Gyeongsangbukdo,Dec 29 2018  4:24PM,
,Gyeongsangbukdo,2017,3,Walking_old_man,Gyeongsangbukdo,Dec 29 2018  4:24PM,
,Gyeongsangbukdo,2017,6,Walking_old_man,Gyeongsangbukdo,Dec 29 2018  4:24PM,
,Gyeongsangbukdo,2017,3,Walking_old_man,Gyeongsangbukdo,Dec 29 2018  4:24PM,
,Gyeongsangbukdo,2017,5,Walking_old_man,Gyeongsangbukdo,Dec 29 2018  4:24PM,
,Gyeongsangbukdo,2017,5,Walking_old_man,Gyeongsangbukdo,Dec 29 2018  4:24PM,
,Gyeongsangbukdo,2017,3,Walking_old_man,Gyeongsangbukdo,Dec 29 2018  4:24PM,
,Gyeongsangbukdo,2017,5,Walking_old_man,Gyeongsangbukdo,Dec 29 2018  4:24PM,
,Gyeongsangbukdo,2017,3,Walking_old_man,Gyeongsangbukdo,Dec 29 2018  4:24PM,
,Gyeongsangbukdo,2017,5,Walking_old_man,Gyeongsangbukdo,Dec 29 2018  4:24PM,
,Gyeongsangbukdo,2017,5,Walking_old_man,Gyeongsangbukdo,Dec 29 2018  4:24PM,
,Gyeongsangnamdo,2017,7,Walking_old_man,Gyeongsangnamdo,Dec 29 2018  4:24PM,
,Gyeongsangnamdo,2017,4,Walking_old_man,Gyeongsangnamdo,Dec 29 2018  4:24PM,
,Gyeongsangnamdo,2017,3,Walking_old_man,Gyeongsangnamdo,Dec 29 2018  4:24PM,
,Gyeongsangnamdo,2017,3,Walking_old_man,Gyeongsangnamdo,Dec 29 2018  4:24PM,
,Gyeongsangnamdo,2017,4,Walking_old_man,Gyeongsangnamdo,Dec 29 2018  4:24PM,
,Gyeongsangnamdo,2017,3,Walking_old_man,Gyeongsangnamdo,Dec 29 2018  4:24PM,
,Gyeongsangnamdo,2017,3,Walking_old_man,Gyeongsangnamdo,Dec 29 2018  4:24PM,
,Gyeongsangnamdo,2017,8,Walking_old_man,Gyeongsangnamdo,Dec 29 2018  4:24PM,
,Gyeongsangnamdo,2017,3,Walking_old_man,Gyeongsangnamdo,Dec 29 2018  4:24PM,
,Gyeongsangnamdo,2017,3,Walking_old_man,Gyeongsangnamdo,Dec 29 2018  4:24PM,
,Gyeongsangnamdo,2017,3,Walking_old_man,Gyeongsangnamdo,Dec 29 2018  4:24PM,
,Gyeongsangnamdo,2017,3,Walking_old_man,Gyeongsangnamdo,Dec 29 2018  4:24PM,
,Gyeongsangnamdo,2017,10,Walking_old_man,Gyeongsangnamdo,Dec 29 2018  4:24PM,
,Gyeongsangnamdo,2017,6,Walking_old_man,Gyeongsangnamdo,Dec 29 2018  4:24PM,
,Gyeongsangnamdo,2017,4,Walking_old_man,Gyeongsangnamdo,Dec 29 2018  4:24PM,
,Gyeongsangnamdo,2017,3,Walking_old_man,Gyeongsangnamdo,Dec 29 2018  4:24PM,
,Gyeongsangnamdo,2017,5,Walking_old_man,Gyeongsangnamdo,Dec 29 2018  4:24PM,
,Gyeongsangnamdo,2017,3,Walking_old_man,Gyeongsangnamdo,Dec 29 2018  4:24PM,
,Gyeongsangnamdo,2017,8,Walking_old_man,Gyeongsangnamdo,Dec 29 2018  4:24PM,
,Gyeongsangnamdo,2017,5,Walking_old_man,Gyeongsangnamdo,Dec 29 2018  4:24PM,
,Gyeongsangnamdo,2017,4,Walking_old_man,Gyeongsangnamdo,Dec 29 2018  4:24PM,
,Gyeongsangnamdo,2017,3,Walking_old_man,Gyeongsangnamdo,Dec 29 2018  4:24PM,
,Gyeongsangnamdo,2017,3,Walking_old_man,Gyeongsangnamdo,Dec 29 2018  4:24PM,
,Gyeongsangnamdo,2017,5,Walking_old_man,Gyeongsangnamdo,Dec 29 2018  4:24PM,
,Gyeongsangnamdo,2017,6,Walking_old_man,Gyeongsangnamdo,Dec 29 2018  4:24PM,
,Gyeongsangnamdo,2017,4,Walking_old_man,Gyeongsangnamdo,Dec 29 2018  4:24PM,
,Gyeongsangnamdo,2017,6,Walking_old_man,Gyeongsangnamdo,Dec 29 2018  4:24PM,
,Gyeongsangnamdo,2017,5,Walking_old_man,Gyeongsangnamdo,Dec 29 2018  4:24PM,
,Gyeongsangnamdo,2017,3,Walking_old_man,Gyeongsangnamdo,Dec 29 2018  4:24PM,
,Gyeongsangnamdo,2017,4,Walking_old_man,Gyeongsangnamdo,Apr 29 2018  4:24PM,
,Gyeongsangnamdo,2017,4,Walking_old_man,Gyeongsangnamdo,Apr 29 2018  4:24PM,
,Gyeongsangnamdo,2017,4,Walking_old_man,Gyeongsangnamdo,Apr 29 2018  4:24PM,
,Gyeongsangnamdo,2017,3,Walking_old_man,Gyeongsangnamdo,Apr 29 2018  4:24PM,
,Gyeongsangnamdo,2017,5,Walking_old_man,Gyeongsangnamdo,Apr 29 2018  4:24PM,
,Jeju,2017,6,Walking_old_man,Jeju,Apr 29 2018  4:24PM,
,Jeju,2017,3,Walking_old_man,Jeju,Apr 29 2018  4:24PM,
,Jeju,2017,3,Walking_old_man,Jeju,Apr 29 2018  4:24PM,
,Jeju,2017,3,Walking_old_man,Jeju,Apr 29 2018  4:24PM,
,Jeju,2017,3,Walking_old_man,Jeju,Apr 29 2018  4:24PM,
,Jeju,2017,3,Walking_old_man,Jeju,Apr 29 2018  4:24PM,
,Jeju,2017,3,Walking_old_man,Jeju,Apr 29 2018  4:24PM,
,Jeju,2017,3,Walking_old_man,Jeju,Apr 29 2018  4:24PM,
,Jeju,2017,5,Walking_old_man,Jeju,Apr 29 2018  4:24PM,
,Jeju,2017,4,Walking_old_man,Jeju,Apr 29 2018  4:24PM,
,Jeju,2017,4,Walking_old_man,Jeju,Apr 29 2018  4:24PM,
,Seoul,2017,6,Bicycle,Seoul,Apr 29 2018  4:24PM,
,Seoul,2017,4,Bicycle,Seoul,Apr 29 2018  4:24PM,
,Seoul,2017,4,Bicycle,Seoul,Apr 29 2018  4:24PM,
,Seoul,2017,5,Bicycle,Seoul,Apr 29 2018  4:24PM,
,Seoul,2017,4,Bicycle,Seoul,Apr 29 2018  4:24PM,
,Seoul,2017,7,Bicycle,Seoul,Apr 29 2018  4:24PM,
,Seoul,2017,5,Bicycle,Seoul,Apr 29 2018  4:24PM,
,Seoul,2017,4,Bicycle,Seoul,Apr 29 2018  4:24PM,
,Seoul,2017,4,Bicycle,Seoul,Apr 29 2018  4:24PM,
,Seoul,2017,4,Bicycle,Seoul,Apr 29 2018  4:24PM,
,Seoul,2017,7,Bicycle,Seoul,Apr 29 2018  4:24PM,
,Seoul,2017,6,Bicycle,Seoul,Apr 29 2018  4:24PM,
,Seoul,2017,5,Bicycle,Seoul,Apr 29 2018  4:24PM,
,Seoul,2017,4,Bicycle,Seoul,Apr 29 2018  4:24PM,
,Seoul,2017,9,Bicycle,Seoul,Apr 29 2018  4:24PM,
,Seoul,2017,7,Bicycle,Seoul,Apr 29 2018  4:24PM,
,Seoul,2017,6,Bicycle,Seoul,Apr 29 2018  4:24PM,
,Seoul,2017,5,Bicycle,Seoul,Apr 29 2018  4:24PM,
,Seoul,2017,5,Bicycle,Seoul,Apr 29 2018  4:24PM,
,Seoul,2017,5,Bicycle,Seoul,Apr 29 2018  4:24PM,
,Seoul,2017,4,Bicycle,Seoul,Apr 29 2018  4:24PM,
,Seoul,2017,4,Bicycle,Seoul,Apr 29 2018  4:24PM,
,Seoul,2017,4,Bicycle,Seoul,Apr 29 2018  4:24PM,
,Seoul,2017,4,Bicycle,Seoul,Apr 29 2018  4:24PM,
,Seoul,2017,11,Bicycle,Seoul,Apr 29 2018  4:24PM,
,Seoul,2017,9,Bicycle,Seoul,Apr 29 2018  4:24PM,
,Seoul,2017,9,Bicycle,Seoul,Apr 29 2018  4:24PM,
,Seoul,2017,9,Bicycle,Seoul,Apr 29 2018  4:24PM,
,Seoul,2017,7,Bicycle,Seoul,Apr 29 2018  4:24PM,
,Seoul,2017,7,Bicycle,Seoul,Apr 29 2018  4:24PM,
,Seoul,2017,6,Bicycle,Seoul,Apr 29 2018  4:24PM,
,Seoul,2017,6,Bicycle,Seoul,Apr 29 2018  4:24PM,
,Seoul,2017,5,Bicycle,Seoul,Apr 29 2018  4:24PM,
,Seoul,2017,5,Bicycle,Seoul,Apr 29 2018  4:24PM,
,Seoul,2017,5,Bicycle,Seoul,Apr 29 2018  4:24PM,
,Seoul,2017,9,Bicycle,Seoul,Apr 29 2018  4:24PM,
,Seoul,2017,5,Bicycle,Seoul,Apr 29 2018  4:24PM,
,Seoul,2017,5,Bicycle,Seoul,Apr 29 2018  4:24PM,
,Seoul,2017,4,Bicycle,Seoul,Apr 29 2018  4:24PM,
,Seoul,2017,6,Bicycle,Seoul,Apr 29 2018  4:24PM,
,Seoul,2017,6,Bicycle,Seoul,Apr 29 2018  4:24PM,
,Seoul,2017,5,Bicycle,Seoul,Apr 29 2018  4:24PM,
,Seoul,2017,5,Bicycle,Seoul,Apr 29 2018  4:24PM,
,Seoul,2017,4,Bicycle,Seoul,Apr 29 2018  4:24PM,
,Seoul,2017,4,Bicycle,Seoul,Apr 29 2018  4:24PM,
,Seoul,2017,4,Bicycle,Seoul,Apr 29 2018  4:24PM,
,Seoul,2017,4,Bicycle,Seoul,Apr 29 2018  4:24PM,
,Seoul,2017,4,Bicycle,Seoul,Apr 29 2018  4:24PM,
,Seoul,2017,7,Bicycle,Seoul,Apr 29 2018  4:24PM,
,Seoul,2017,7,Bicycle,Seoul,Apr 29 2018  4:24PM,
,Seoul,2017,6,Bicycle,Seoul,Apr 29 2018  4:24PM,
,Seoul,2017,5,Bicycle,Seoul,Apr 29 2018  4:24PM,
,Seoul,2017,4,Bicycle,Seoul,Apr 29 2018  4:24PM,
,Seoul,2017,4,Bicycle,Seoul,Apr 29 2018  4:24PM,
,Seoul,2017,4,Bicycle,Seoul,Apr 29 2018  4:24PM,
,Seoul,2017,8,Bicycle,Seoul,Apr 29 2018  4:24PM,
,Seoul,2017,7,Bicycle,Seoul,Apr 29 2018  4:24PM,
,Seoul,2017,5,Bicycle,Seoul,Apr 29 2018  4:24PM,
,Seoul,2017,5,Bicycle,Seoul,Apr 29 2018  4:24PM,
,Seoul,2017,8,Bicycle,Seoul,Apr 29 2018  4:24PM,
,Seoul,2017,5,Bicycle,Seoul,Apr 29 2018  4:24PM,
,Seoul,2017,5,Bicycle,Seoul,Apr 29 2018  4:24PM,
,Seoul,2017,4,Bicycle,Seoul,Apr 29 2018  4:24PM,
,Seoul,2017,6,Bicycle,Seoul,Apr 29 2018  4:24PM,
,Seoul,2017,5,Bicycle,Seoul,Apr 29 2018  4:24PM,
,Seoul,2017,5,Bicycle,Seoul,Apr 29 2018  4:24PM,
,Seoul,2017,4,Bicycle,Seoul,Apr 29 2018  4:24PM,
,Seoul,2017,4,Bicycle,Seoul,Apr 29 2018  4:24PM,
,Seoul,2017,7,Bicycle,Seoul,Apr 29 2018  4:24PM,
,Seoul,2017,6,Bicycle,Seoul,Apr 29 2018  4:24PM,
,Seoul,2017,5,Bicycle,Seoul,Apr 29 2018  4:24PM,
,Seoul,2017,5,Bicycle,Seoul,Apr 29 2018  4:24PM,
,Seoul,2017,8,Bicycle,Seoul,Apr 29 2018  4:24PM,
,Seoul,2017,6,Bicycle,Seoul,Apr 29 2018  4:24PM,
,Seoul,2017,5,Bicycle,Seoul,Apr 29 2018  4:24PM,
,Seoul,2017,5,Bicycle,Seoul,Apr 29 2018  4:24PM,
,Seoul,2017,5,Bicycle,Seoul,Apr 29 2018  4:24PM,
,Seoul,2017,4,Bicycle,Seoul,Apr 29 2018  4:24PM,
,Seoul,2017,4,Bicycle,Seoul,Apr 29 2018  4:24PM,
,Seoul,2017,4,Bicycle,Seoul,Apr 29 2018  4:24PM,
,Seoul,2017,4,Bicycle,Seoul,Apr 29 2018  4:24PM,
,Seoul,2017,7,Bicycle,Seoul,Apr 29 2018  4:24PM,
,Seoul,2017,7,Bicycle,Seoul,Apr 29 2018  4:24PM,
,Seoul,2017,6,Bicycle,Seoul,Apr 29 2018  4:24PM,
,Seoul,2017,6,Bicycle,Seoul,Apr 29 2018  4:24PM,
,Seoul,2017,5,Bicycle,Seoul,Apr 29 2018  4:24PM,
,Seoul,2017,5,Bicycle,Seoul,Apr 29 2018  4:24PM,
,Seoul,2017,5,Bicycle,Seoul,Apr 29 2018  4:24PM,
,Seoul,2017,5,Bicycle,Seoul,Apr 29 2018  4:24PM,
,Seoul,2017,4,Bicycle,Seoul,Apr 29 2018  4:24PM,
,Seoul,2017,4,Bicycle,Seoul,Apr 29 2018  4:24PM,
,Seoul,2017,4,Bicycle,Seoul,Apr 29 2018  4:24PM,
,Seoul,2017,4,Bicycle,Seoul,Apr 29 2018  4:24PM,
,Seoul,2017,7,Bicycle,Seoul,Apr 29 2018  4:24PM,
,Seoul,2017,6,Bicycle,Seoul,Apr 29 2018  4:24PM,
,Seoul,2017,5,Bicycle,Seoul,Apr 29 2018  4:24PM,
,Seoul,2017,4,Bicycle,Seoul,Apr 29 2018  4:24PM,
,Seoul,2017,4,Bicycle,Seoul,Apr 29 2018  4:24PM,
,Seoul,2017,5,Bicycle,Seoul,Apr 29 2018  4:24PM,
,Seoul,2017,4,Bicycle,Seoul,Apr 29 2018  4:24PM,
,Seoul,2017,4,Bicycle,Seoul,Apr 29 2018  4:24PM,
,Seoul,2017,4,Bicycle,Seoul,Apr 29 2018  4:24PM,
,Seoul,2017,9,Bicycle,Seoul,Apr 29 2018  4:24PM,
,Seoul,2017,8,Bicycle,Seoul,Apr 29 2018  4:24PM,
,Seoul,2017,8,Bicycle,Seoul,Apr 29 2018  4:24PM,
,Seoul,2017,7,Bicycle,Seoul,Apr 29 2018  4:24PM,
,Seoul,2017,7,Bicycle,Seoul,Apr 29 2018  4:24PM,
,Seoul,2017,7,Bicycle,Seoul,Apr 29 2018  4:24PM,
,Seoul,2017,6,Bicycle,Seoul,Apr 29 2018  4:24PM,
,Seoul,2017,6,Bicycle,Seoul,Apr 29 2018  4:24PM,
,Seoul,2017,6,Bicycle,Seoul,Apr 29 2018  4:24PM,
,Seoul,2017,6,Bicycle,Seoul,Dec 29 2018  4:24PM,
,Seoul,2017,6,Bicycle,Seoul,Dec 29 2018  4:24PM,
,Seoul,2017,6,Bicycle,Seoul,Dec 29 2018  4:24PM,
,Seoul,2017,5,Bicycle,Seoul,Dec 29 2018  4:24PM,
,Seoul,2017,5,Bicycle,Seoul,Dec 29 2018  4:24PM,
,Seoul,2017,5,Bicycle,Seoul,Dec 29 2018  4:24PM,
,Seoul,2017,4,Bicycle,Seoul,Dec 29 2018  4:24PM,
,Seoul,2017,4,Bicycle,Seoul,Dec 29 2018  4:24PM,
,Seoul,2017,4,Bicycle,Seoul,Dec 29 2018  4:24PM,
,Seoul,2017,4,Bicycle,Seoul,Dec 29 2018  4:24PM,
,Seoul,2017,4,Bicycle,Seoul,Dec 29 2018  4:24PM,
,Seoul,2017,4,Bicycle,Seoul,Dec 29 2018  4:24PM,
,Seoul,2017,4,Bicycle,Seoul,Dec 29 2018  4:24PM,
,Seoul,2017,4,Bicycle,Seoul,Dec 29 2018  4:24PM,
,Seoul,2017,4,Bicycle,Seoul,Dec 29 2018  4:24PM,
,Seoul,2017,4,Bicycle,Seoul,Dec 29 2018  4:24PM,
,Seoul,2017,4,Bicycle,Seoul,Dec 29 2018  4:24PM,
,Seoul,2017,4,Bicycle,Seoul,Dec 29 2018  4:24PM,
,Seoul,2017,4,Bicycle,Seoul,Dec 29 2018  4:24PM,
,Seoul,2017,9,Bicycle,Seoul,Dec 29 2018  4:24PM,
,Seoul,2017,8,Bicycle,Seoul,Dec 29 2018  4:24PM,
,Seoul,2017,7,Bicycle,Seoul,Dec 29 2018  4:24PM,
,Seoul,2017,7,Bicycle,Seoul,Dec 29 2018  4:24PM,
,Seoul,2017,4,Bicycle,Seoul,Dec 29 2018  4:24PM,
,Seoul,2017,4,Bicycle,Seoul,Dec 29 2018  4:24PM,
,Seoul,2017,4,Bicycle,Seoul,Dec 29 2018  4:24PM,
,Busan,2017,4,Bicycle,Busan,Dec 29 2018  4:24PM,
,Busan,2017,7,Bicycle,Busan,Dec 29 2018  4:24PM,
,Busan,2017,5,Bicycle,Busan,Jan  4 2018  8:04PM,
,Busan,2017,4,Bicycle,Busan,Jan  4 2018  8:04PM,
,Busan,2017,4,Bicycle,Busan,Jan  4 2018  8:04PM,
,Busan,2017,5,Bicycle,Busan,Jan  4 2018  8:04PM,
,Busan,2017,3,Bicycle,Busan,Jan  4 2018  8:04PM,
,Busan,2017,5,Bicycle,Busan,Jan  4 2018  8:04PM,
,Busan,2017,4,Bicycle,Busan,Jan  4 2018  8:04PM,
,Busan,2017,5,Bicycle,Busan,Jan  4 2018  8:04PM,
,Busan,2017,6,Bicycle,Busan,Jan  4 2018  8:04PM,
,Busan,2017,5,Bicycle,Busan,Jan  4 2018  8:04PM,
,Busan,2017,4,Bicycle,Busan,Jan  4 2018  8:04PM,
,Busan,2017,4,Bicycle,Busan,Jan  4 2018  8:04PM,
,Daegu,2017,6,Bicycle,Daegu,Jan  4 2018  8:04PM,
,Daegu,2017,6,Bicycle,Daegu,Jan  4 2018  8:04PM,
,Daegu,2017,5,Bicycle,Daegu,Jan  4 2018  8:04PM,
,Daegu,2017,4,Bicycle,Daegu,Jan  4 2018  8:04PM,
,Daegu,2017,5,Bicycle,Daegu,Jan  4 2018  8:04PM,
,Daegu,2017,5,Bicycle,Daegu,Jan  4 2018  8:04PM,
,Daegu,2017,4,Bicycle,Daegu,Jan  4 2018  8:04PM,
,Daegu,2017,4,Bicycle,Daegu,Jan  4 2018  8:04PM,
,Daegu,2017,4,Bicycle,Daegu,Jan  4 2018  8:04PM,
,Daegu,2017,12,Bicycle,Daegu,Jan  4 2018  8:04PM,
,Daegu,2017,11,Bicycle,Daegu,Jan  4 2018  8:04PM,
,Daegu,2017,10,Bicycle,Daegu,Jan  4 2018  8:04PM,
,Daegu,2017,7,Bicycle,Daegu,Jan  4 2018  8:04PM,
,Daegu,2017,5,Bicycle,Daegu,Jan  4 2018  8:04PM,
,Daegu,2017,5,Bicycle,Daegu,Jan  4 2018  8:04PM,
,Daegu,2017,4,Bicycle,Daegu,Jan  4 2018  8:04PM,
,Daegu,2017,4,Bicycle,Daegu,Jan  4 2018  8:04PM,
,Daegu,2017,5,Bicycle,Daegu,Jan  4 2018  8:04PM,
,Daegu,2017,4,Bicycle,Daegu,Jan  4 2018  8:04PM,
,Daegu,2017,4,Bicycle,Daegu,Jan  4 2018  8:04PM,
,Daegu,2017,4,Bicycle,Daegu,Jan  4 2018  8:04PM,
,Daegu,2017,10,Bicycle,Daegu,Jan  4 2018  8:04PM,
,Daegu,2017,7,Bicycle,Daegu,Jan  4 2018  8:04PM,
,Daegu,2017,6,Bicycle,Daegu,Jan  4 2018  8:04PM,
,Daegu,2017,6,Bicycle,Daegu,Jan  4 2018  8:04PM,
,Daegu,2017,6,Bicycle,Daegu,Jan  4 2018  8:04PM,
,Daegu,2017,6,Bicycle,Daegu,Jan  4 2018  8:04PM,
,Daegu,2017,6,Bicycle,Daegu,Jan  4 2018  8:04PM,
,Daegu,2017,6,Bicycle,Daegu,Jan  4 2018  8:04PM,
,Daegu,2017,5,Bicycle,Daegu,Jan  4 2018  8:04PM,
,Daegu,2017,5,Bicycle,Daegu,Jan  4 2018  8:04PM,
,Daegu,2017,5,Bicycle,Daegu,Jan  4 2018  8:04PM,
,Daegu,2017,5,Bicycle,Daegu,Jan  4 2018  8:04PM,
,Daegu,2017,5,Bicycle,Daegu,Jan  4 2018  8:04PM,
,Daegu,2017,4,Bicycle,Daegu,Jan  4 2018  8:04PM,
,Daegu,2017,4,Bicycle,Daegu,Jan  4 2018  8:04PM,
,Daegu,2017,4,Bicycle,Daegu,Jan  4 2018  8:04PM,
,Daegu,2017,4,Bicycle,Daegu,Jan  4 2018  8:04PM,
,Daegu,2017,4,Bicycle,Daegu,Jan  4 2018  8:04PM,
,Daegu,2017,8,Bicycle,Daegu,Jan  4 2018  8:04PM,
,Daegu,2017,6,Bicycle,Daegu,Jan  4 2018  8:04PM,
,Daegu,2017,6,Bicycle,Daegu,Jan  4 2018  8:04PM,
,Daegu,2017,6,Bicycle,Daegu,Jan  4 2018  8:04PM,
,Daegu,2017,6,Bicycle,Daegu,Jan  4 2018  8:04PM,
,Daegu,2017,5,Bicycle,Daegu,Jan  4 2018  8:04PM,
,Daegu,2017,5,Bicycle,Daegu,Jan  4 2018  8:04PM,
,Daegu,2017,5,Bicycle,Daegu,Jan  4 2018  8:04PM,
,Daegu,2017,5,Bicycle,Daegu,Jan  4 2018  8:04PM,
,Daegu,2017,4,Bicycle,Daegu,Jan  4 2018  8:04PM,
,Daegu,2017,4,Bicycle,Daegu,Jan  4 2018  8:04PM,
,Daegu,2017,4,Bicycle,Daegu,Jan  4 2018  8:04PM,
,Daegu,2017,6,Bicycle,Daegu,Jan  4 2018  8:04PM,
,Daegu,2017,6,Bicycle,Daegu,Jan  4 2018  8:04PM,
,Daegu,2017,5,Bicycle,Daegu,Jan  4 2018  8:04PM,
,Daegu,2017,5,Bicycle,Daegu,Jan  4 2018  8:04PM,
,Daegu,2017,4,Bicycle,Daegu,Jan  4 2018  8:04PM,
,Daegu,2017,4,Bicycle,Daegu,Jan  4 2018  8:04PM,
,Daegu,2017,4,Bicycle,Daegu,Jan  4 2018  8:04PM,
,Daegu,2017,4,Bicycle,Daegu,Jan  4 2018  8:04PM,
,Daegu,2017,4,Bicycle,Daegu,Jan  4 2018  8:04PM,
,Daegu,2017,4,Bicycle,Daegu,Jan  4 2018  8:04PM,
,Daegu,2017,4,Bicycle,Daegu,Jan  4 2018  8:04PM,
,Daegu,2017,3,Bicycle,Daegu,Jan  4 2018  8:04PM,
,Daegu,2017,4,Bicycle,Daegu,Jan  4 2018  8:04PM,
,Incheon,2017,5,Bicycle,Incheon,Jan  4 2018  8:04PM,
,Incheon,2017,4,Bicycle,Incheon,Jan  4 2018  8:04PM,
,Incheon,2017,5,Bicycle,Incheon,Jan  4 2018  8:04PM,
,Incheon,2017,4,Bicycle,Incheon,Jan  4 2018  8:04PM,
,Incheon,2017,4,Bicycle,Incheon,Jan  4 2018  8:04PM,
,Incheon,2017,4,Bicycle,Incheon,Jan  4 2018  8:04PM,
,Incheon,2017,4,Bicycle,Incheon,Jan  4 2018  8:04PM,
,Incheon,2017,4,Bicycle,Incheon,Jan  4 2018  8:04PM,
,Gwangju,2017,5,Bicycle,Gwangju,Jan  4 2018  8:04PM,
,Gwangju,2017,5,Bicycle,Gwangju,Jan  4 2018  8:04PM,
,Gwangju,2017,4,Bicycle,Gwangju,Jan  4 2018  8:04PM,
,Gwangju,2017,7,Bicycle,Gwangju,Jan  4 2018  8:04PM,
,Gwangju,2017,5,Bicycle,Gwangju,Jan  4 2018  8:04PM,
,Gwangju,2017,4,Bicycle,Gwangju,Jan  4 2018  8:04PM,
,Gwangju,2017,4,Bicycle,Gwangju,Jan  4 2018  8:04PM,
,Daejeon,2017,5,Bicycle,Daejeon,Jan  4 2018  8:04PM,
,Daejeon,2017,4,Bicycle,Daejeon,Jan  4 2018  8:04PM,
,Daejeon,2017,4,Bicycle,Daejeon,Jan  4 2018  8:04PM,
,Daejeon,2017,7,Bicycle,Daejeon,Jan  4 2018  8:04PM,
,Daejeon,2017,6,Bicycle,Daejeon,Jan  4 2018  8:04PM,
,Daejeon,2017,5,Bicycle,Daejeon,Jan  4 2018  8:04PM,
,Daejeon,2017,4,Bicycle,Daejeon,Jan  4 2018  8:04PM,
,Daejeon,2017,7,Bicycle,Daejeon,Jan  4 2018  8:04PM,
,Daejeon,2017,4,Bicycle,Daejeon,Jan  4 2018  8:04PM,
,Daejeon,2017,4,Bicycle,Daejeon,Jan  4 2018  8:04PM,
,Daejeon,2017,4,Bicycle,Daejeon,Jan  4 2018  8:04PM,
,Ulsan,2017,6,Bicycle,Ulsan,Jan  4 2018  8:04PM,
,Ulsan,2017,5,Bicycle,Ulsan,Jan  4 2018  8:04PM,
,Ulsan,2017,5,Bicycle,Ulsan,Jan  4 2018  8:04PM,
,Ulsan,2017,4,Bicycle,Ulsan,Jan  4 2018  8:04PM,
,Ulsan,2017,4,Bicycle,Ulsan,Jan  4 2018  8:04PM,
,Ulsan,2017,5,Bicycle,Ulsan,Jan  4 2018  8:04PM,
,Ulsan,2017,4,Bicycle,Ulsan,Jan  4 2018  8:04PM,
,Ulsan,2017,4,Bicycle,Ulsan,Jan  4 2018  8:04PM,
,Ulsan,2017,5,Bicycle,Ulsan,Jan  4 2018  8:04PM,
,Gyeonggi,2017,5,Bicycle,Gyeonggi,Jan  4 2018  8:04PM,
,Gyeonggi,2017,5,Bicycle,Gyeonggi,Jan  4 2018  8:04PM,
,Gyeonggi,2017,5,Bicycle,Gyeonggi,Jan  4 2018  8:04PM,
,Gyeonggi,2017,5,Bicycle,Gyeonggi,Jan  4 2018  8:04PM,
,Gyeonggi,2017,4,Bicycle,Gyeonggi,Jan  4 2018  8:04PM,
,Gyeonggi,2017,5,Bicycle,Gyeonggi,Jan  4 2018  8:04PM,
,Gyeonggi,2017,4,Bicycle,Gyeonggi,Jan  4 2018  8:04PM,
,Gyeonggi,2017,4,Bicycle,Gyeonggi,Jan  4 2018  8:04PM,
,Gyeonggi,2017,6,Bicycle,Gyeonggi,Jan  4 2018  8:04PM,
,Gyeonggi,2017,4,Bicycle,Gyeonggi,Jan  4 2018  8:04PM,
,Gyeonggi,2017,4,Bicycle,Gyeonggi,Jan  4 2018  8:04PM,
,Gyeonggi,2017,5,Bicycle,Gyeonggi,Jan  4 2018  8:04PM,
,Gyeonggi,2017,5,Bicycle,Gyeonggi,Jan  4 2018  8:04PM,
,Gyeonggi,2017,6,Bicycle,Gyeonggi,Jan  4 2018  8:04PM,
,Gyeonggi,2017,4,Bicycle,Gyeonggi,Jan  4 2018  8:04PM,
,Gyeonggi,2017,4,Bicycle,Gyeonggi,Jan  4 2018  8:04PM,
,Gyeonggi,2017,5,Bicycle,Gyeonggi,Jan  4 2018  8:04PM,
,Gyeonggi,2017,4,Bicycle,Gyeonggi,Jan  4 2018  8:04PM,
,Gyeonggi,2017,7,Bicycle,Gyeonggi,Jan  4 2018  8:04PM,
,Gyeonggi,2017,7,Bicycle,Gyeonggi,Jan  4 2018  8:04PM,
,Gyeonggi,2017,7,Bicycle,Gyeonggi,Jan  4 2018  8:04PM,
,Gyeonggi,2017,6,Bicycle,Gyeonggi,Jan  4 2018  8:04PM,
,Gyeonggi,2017,6,Bicycle,Gyeonggi,Jan  4 2018  8:04PM,
,Gyeonggi,2017,6,Bicycle,Gyeonggi,Jan  4 2018  8:04PM,
,Gyeonggi,2017,6,Bicycle,Gyeonggi,Jan  4 2018  8:04PM,
,Gyeonggi,2017,6,Bicycle,Gyeonggi,Jan  4 2018  8:04PM,
,Gyeonggi,2017,5,Bicycle,Gyeonggi,Jan  4 2018  8:04PM,
,Gyeonggi,2017,5,Bicycle,Gyeonggi,Jan  4 2018  8:04PM,
,Gyeonggi,2017,5,Bicycle,Gyeonggi,Jan  4 2018  8:04PM,
,Gyeonggi,2017,5,Bicycle,Gyeonggi,Jan  4 2018  8:04PM,
,Gyeonggi,2017,5,Bicycle,Gyeonggi,Jan  4 2018  8:04PM,
,Gyeonggi,2017,5,Bicycle,Gyeonggi,Jan  4 2018  8:04PM,
,Gyeonggi,2017,4,Bicycle,Gyeonggi,Jan  4 2018  8:04PM,
,Gyeonggi,2017,4,Bicycle,Gyeonggi,Jan  4 2018  8:04PM,
,Gyeonggi,2017,4,Bicycle,Gyeonggi,Jan  4 2018  8:04PM,
,Gyeonggi,2017,4,Bicycle,Gyeonggi,Jan  4 2018  8:04PM,
,Gyeonggi,2017,4,Bicycle,Gyeonggi,Jan  4 2018  8:04PM,
,Gyeonggi,2017,5,Bicycle,Gyeonggi,Jan  4 2018  8:04PM,
,Gyeonggi,2017,4,Bicycle,Gyeonggi,Jan  4 2018  8:04PM,
,Gyeonggi,2017,5,Bicycle,Gyeonggi,Jan  4 2018  8:04PM,
,Gyeonggi,2017,4,Bicycle,Gyeonggi,Jan  4 2018  8:04PM,
,Gyeonggi,2017,4,Bicycle,Gyeonggi,Jan  4 2018  8:04PM,
,Gyeonggi,2017,5,Bicycle,Gyeonggi,Jan  4 2018  8:04PM,
,Gyeonggi,2017,7,Bicycle,Gyeonggi,Jan  4 2018  8:04PM,
,Gyeonggi,2017,5,Bicycle,Gyeonggi,Jan  4 2018  8:04PM,
,Gyeonggi,2017,5,Bicycle,Gyeonggi,Jan  4 2018  8:04PM,
,Gyeonggi,2017,5,Bicycle,Gyeonggi,Jan  4 2018  8:04PM,
,Gyeonggi,2017,5,Bicycle,Gyeonggi,Jan  4 2018  8:04PM,
,Gyeonggi,2017,5,Bicycle,Gyeonggi,Jan  4 2018  8:04PM,
,Gyeonggi,2017,4,Bicycle,Gyeonggi,Jan  4 2018  8:04PM,
,Gyeonggi,2017,4,Bicycle,Gyeonggi,Jan  4 2018  8:04PM,
,Gyeonggi,2017,4,Bicycle,Gyeonggi,Jan  4 2018  8:04PM,
,Gyeonggi,2017,4,Bicycle,Gyeonggi,Jan  4 2018  8:04PM,
,Gyeonggi,2017,4,Bicycle,Gyeonggi,Jan  4 2018  8:04PM,
,Gyeonggi,2017,4,Bicycle,Gyeonggi,Jan  4 2018  8:04PM,
,Gyeonggi,2017,4,Bicycle,Gyeonggi,Jan  4 2018  8:04PM,
,Gyeonggi,2017,5,Bicycle,Gyeonggi,Jan  4 2018  8:04PM,
,Gyeonggi,2017,4,Bicycle,Gyeonggi,Jan  4 2018  8:04PM,
,Gyeonggi,2017,4,Bicycle,Gyeonggi,Jan  4 2018  8:04PM,
,Gyeonggi,2017,4,Bicycle,Gyeonggi,Jan  4 2018  8:04PM,
,Gyeonggi,2017,4,Bicycle,Gyeonggi,Jan  4 2018  8:04PM,
,Gyeonggi,2017,4,Bicycle,Gyeonggi,Jan  4 2018  8:04PM,
,Gyeonggi,2017,5,Bicycle,Gyeonggi,Jan  4 2018  8:04PM,
,Gyeonggi,2017,4,Bicycle,Gyeonggi,Jan  4 2018  8:04PM,
,Gyeonggi,2017,5,Bicycle,Gyeonggi,Jan  4 2018  8:04PM,
,Gyeonggi,2017,4,Bicycle,Gyeonggi,Jan  4 2018  8:04PM,
,Gyeonggi,2017,6,Bicycle,Gyeonggi,Jan  4 2018  8:04PM,
,Gyeonggi,2017,5,Bicycle,Gyeonggi,Jan  4 2018  8:04PM,
,Gyeonggi,2017,7,Bicycle,Gyeonggi,Jan  4 2018  8:04PM,
,Gyeonggi,2017,6,Bicycle,Gyeonggi,Jan  4 2018  8:04PM,
,Gyeonggi,2017,5,Bicycle,Gyeonggi,Jan  4 2018  8:04PM,
,Gyeonggi,2017,5,Bicycle,Gyeonggi,Jan  4 2018  8:04PM,
,Gyeonggi,2017,4,Bicycle,Gyeonggi,Jan  4 2018  8:04PM,
,Gyeonggi,2017,4,Bicycle,Gyeonggi,Jan  4 2018  8:04PM,
,Gyeonggi,2017,5,Bicycle,Gyeonggi,Jan  4 2018  8:04PM,
,Gyeonggi,2017,5,Bicycle,Gyeonggi,Jan  4 2018  8:04PM,
,Gyeonggi,2017,6,Bicycle,Gyeonggi,Jan  4 2018  8:04PM,
,Gyeonggi,2017,4,Bicycle,Gyeonggi,Jan  4 2018  8:04PM,
,Gangwon,2017,4,Bicycle,Gangwon,Jan  4 2018  8:04PM,
,Gangwon,2017,3,Bicycle,Gangwon,Jan  4 2018  8:04PM,
,Gangwon,2017,5,Bicycle,Gangwon,Jan  4 2018  8:04PM,
,Gangwon,2017,4,Bicycle,Gangwon,Jan  4 2018  8:04PM,
,Gangwon,2017,3,Bicycle,Gangwon,Jan  4 2018  8:04PM,
,Chungcheongbukdo,2017,7,Bicycle,Chungcheongbukdo,Jan  4 2018  8:04PM,
,Chungcheongbukdo,2017,8,Bicycle,Chungcheongbukdo,Jan  4 2018  8:04PM,
,Chungcheongbukdo,2017,5,Bicycle,Chungcheongbukdo,Jan  4 2018  8:04PM,
,Chungcheongbukdo,2017,5,Bicycle,Chungcheongbukdo,Jan  4 2018  8:04PM,
,Chungcheongbukdo,2017,4,Bicycle,Chungcheongbukdo,Jan  4 2018  8:04PM,
,Chungcheongbukdo,2017,4,Bicycle,Chungcheongbukdo,Jan  4 2018  8:04PM,
,Chungcheongbukdo,2017,4,Bicycle,Chungcheongbukdo,Jan  4 2018  8:04PM,
,Chungcheongbukdo,2017,4,Bicycle,Chungcheongbukdo,Jan  4 2018  8:04PM,
,Chungcheongbukdo,2017,4,Bicycle,Chungcheongbukdo,Jan  4 2018  8:04PM,
,Chungcheongbukdo,2017,4,Bicycle,Chungcheongbukdo,Jan  4 2018  8:04PM,
,Chungcheongnamdo,2017,4,Bicycle,Chungcheongnamdo,Jan  4 2018  8:04PM,
,Chungcheongnamdo,2017,4,Bicycle,Chungcheongnamdo,Jan  4 2018  8:04PM,
,Chungcheongnamdo,2017,6,Bicycle,Chungcheongnamdo,Jan  4 2018  8:04PM,
,Jeollabukdo,2017,5,Bicycle,Jeollabukdo,Jan  4 2018  8:04PM,
,Jeollabukdo,2017,5,Bicycle,Jeollabukdo,Jan  4 2018  8:04PM,
,Jeollabukdo,2017,4,Bicycle,Jeollabukdo,Jan  4 2018  8:04PM,
,Jeollabukdo,2017,3,Bicycle,Jeollabukdo,Jan  4 2018  8:04PM,
,Jeollabukdo,2017,6,Bicycle,Jeollabukdo,Jan  4 2018  8:04PM,
,Jeollabukdo,2017,5,Bicycle,Jeollabukdo,Jan  4 2018  8:04PM,
,Jeollabukdo,2017,5,Bicycle,Jeollabukdo,Jan  4 2018  8:04PM,
,Jeollabukdo,2017,4,Bicycle,Jeollabukdo,Jan  4 2018  8:04PM,
,Jeollabukdo,2017,4,Bicycle,Jeollabukdo,Jan  4 2018  8:04PM,
,Jeollanamdo,2017,4,Bicycle,Jeollanamdo,Feb  4 2018  8:219PM,
,Jeollanamdo,2017,5,Bicycle,Jeollanamdo,Feb  4 2018  8:219PM,
,Gyeongsangbukdo,2017,7,Bicycle,Gyeongsangbukdo,Feb  4 2018  8:219PM,
,Gyeongsangbukdo,2017,4,Bicycle,Gyeongsangbukdo,Feb  4 2018  8:219PM,
,Gyeongsangbukdo,2017,7,Bicycle,Gyeongsangbukdo,Feb  4 2018  8:219PM,
,Gyeongsangbukdo,2017,5,Bicycle,Gyeongsangbukdo,Feb  4 2018  8:219PM,
,Gyeongsangbukdo,2017,4,Bicycle,Gyeongsangbukdo,Feb  4 2018  8:219PM,
,Gyeongsangbukdo,2017,8,Bicycle,Gyeongsangbukdo,Feb  4 2018  8:219PM,
,Gyeongsangbukdo,2017,5,Bicycle,Gyeongsangbukdo,Feb  4 2018  8:219PM,
,Gyeongsangbukdo,2017,5,Bicycle,Gyeongsangbukdo,Feb  4 2018  8:219PM,
,Gyeongsangbukdo,2017,5,Bicycle,Gyeongsangbukdo,Feb  4 2018  8:219PM,
,Gyeongsangbukdo,2017,4,Bicycle,Gyeongsangbukdo,Feb  4 2018  8:219PM,
,Gyeongsangbukdo,2017,4,Bicycle,Gyeongsangbukdo,Feb  4 2018  8:219PM,
,Gyeongsangbukdo,2017,4,Bicycle,Gyeongsangbukdo,Feb  4 2018  8:219PM,
,Gyeongsangbukdo,2017,8,Bicycle,Gyeongsangbukdo,Feb  4 2018  8:219PM,
,Gyeongsangbukdo,2017,7,Bicycle,Gyeongsangbukdo,Feb  4 2018  8:219PM,
,Gyeongsangbukdo,2017,5,Bicycle,Gyeongsangbukdo,Feb  4 2018  8:219PM,
,Gyeongsangbukdo,2017,5,Bicycle,Gyeongsangbukdo,Feb  4 2018  8:219PM,
,Gyeongsangbukdo,2017,5,Bicycle,Gyeongsangbukdo,Feb  4 2018  8:219PM,
,Gyeongsangbukdo,2017,6,Bicycle,Gyeongsangbukdo,Feb  4 2018  8:219PM,
,Gyeongsangbukdo,2017,6,Bicycle,Gyeongsangbukdo,Feb  4 2018  8:219PM,
,Gyeongsangbukdo,2017,4,Bicycle,Gyeongsangbukdo,Feb  4 2018  8:219PM,
,Gyeongsangbukdo,2017,4,Bicycle,Gyeongsangbukdo,Feb  4 2018  8:219PM,
,Gyeongsangnamdo,2017,5,Bicycle,Gyeongsangnamdo,Feb  4 2018  8:219PM,
,Gyeongsangnamdo,2017,5,Bicycle,Gyeongsangnamdo,Feb  4 2018  8:219PM,
,Gyeongsangnamdo,2017,6,Bicycle,Gyeongsangnamdo,Feb  4 2018  8:219PM,
,Gyeongsangnamdo,2017,5,Bicycle,Gyeongsangnamdo,Feb  4 2018  8:219PM,
,Gyeongsangnamdo,2017,5,Bicycle,Gyeongsangnamdo,Feb  4 2018  8:219PM,
,Gyeongsangnamdo,2017,4,Bicycle,Gyeongsangnamdo,Feb  4 2018  8:219PM,
,Gyeongsangnamdo,2017,7,Bicycle,Gyeongsangnamdo,Feb  4 2018  8:219PM,
,Gyeongsangnamdo,2017,4,Bicycle,Gyeongsangnamdo,Feb  4 2018  8:219PM,
,Seoul,2017,7,Stepless_crossing,Seoul,Feb  4 2018  8:219PM,
,Seoul,2017,4,Stepless_crossing,Seoul,Feb  4 2018  8:219PM,
,Seoul,2017,7,Stepless_crossing,Seoul,Feb  4 2018  8:219PM,
,Seoul,2017,5,Stepless_crossing,Seoul,Feb  4 2018  8:219PM,
,Seoul,2017,5,Stepless_crossing,Seoul,Feb  4 2018  8:219PM,
,Seoul,2017,7,Stepless_crossing,Seoul,Feb  4 2018  8:219PM,
,Seoul,2017,5,Stepless_crossing,Seoul,Feb  4 2018  8:219PM,
,Seoul,2017,4,Stepless_crossing,Seoul,Feb  4 2018  8:219PM,
,Seoul,2017,6,Stepless_crossing,Seoul,Feb  4 2018  8:219PM,
,Seoul,2017,10,Stepless_crossing,Seoul,Feb  4 2018  8:219PM,
,Seoul,2017,7,Stepless_crossing,Seoul,Feb  4 2018  8:219PM,
,Seoul,2017,6,Stepless_crossing,Seoul,Feb  4 2018  8:219PM,
,Seoul,2017,10,Stepless_crossing,Seoul,Feb  4 2018  8:219PM,
,Seoul,2017,7,Stepless_crossing,Seoul,Feb  4 2018  8:219PM,
,Seoul,2017,7,Stepless_crossing,Seoul,Feb  4 2018  8:219PM,
,Seoul,2017,5,Stepless_crossing,Seoul,Feb  4 2018  8:219PM,
,Seoul,2017,5,Stepless_crossing,Seoul,Feb  4 2018  8:219PM,
,Seoul,2017,5,Stepless_crossing,Seoul,Feb  4 2018  8:219PM,
,Seoul,2017,4,Stepless_crossing,Seoul,Feb  4 2018  8:219PM,
,Seoul,2017,4,Stepless_crossing,Seoul,Feb  4 2018  8:219PM,
,Seoul,2017,6,Stepless_crossing,Seoul,Feb  4 2018  8:219PM,
,Seoul,2017,6,Stepless_crossing,Seoul,Feb  4 2018  8:219PM,
,Seoul,2017,5,Stepless_crossing,Seoul,Feb  4 2018  8:219PM,
,Seoul,2017,5,Stepless_crossing,Seoul,Feb  4 2018  8:219PM,
,Seoul,2017,8,Stepless_crossing,Seoul,Feb  4 2018  8:219PM,
,Seoul,2017,5,Stepless_crossing,Seoul,Feb  4 2018  8:219PM,
,Seoul,2017,5,Stepless_crossing,Seoul,Feb  4 2018  8:219PM,
,Seoul,2017,4,Stepless_crossing,Seoul,Feb  4 2018  8:219PM,
,Seoul,2017,4,Stepless_crossing,Seoul,Feb  4 2018  8:219PM,
,Seoul,2017,4,Stepless_crossing,Seoul,Feb  4 2018  8:219PM,
,Seoul,2017,9,Stepless_crossing,Seoul,Feb  4 2018  8:219PM,
,Seoul,2017,6,Stepless_crossing,Seoul,Feb  4 2018  8:219PM,
,Seoul,2017,5,Stepless_crossing,Seoul,Feb  4 2018  8:219PM,
,Seoul,2017,4,Stepless_crossing,Seoul,Feb  4 2018  8:219PM,
,Seoul,2017,5,Stepless_crossing,Seoul,Feb  4 2018  8:219PM,
,Seoul,2017,4,Stepless_crossing,Seoul,Feb  4 2018  8:219PM,
,Seoul,2017,9,Stepless_crossing,Seoul,Feb  4 2018  8:219PM,
,Seoul,2017,7,Stepless_crossing,Seoul,Feb  4 2018  8:219PM,
,Seoul,2017,5,Stepless_crossing,Seoul,Feb  4 2018  8:219PM,
,Seoul,2017,4,Stepless_crossing,Seoul,Feb  4 2018  8:219PM,
,Seoul,2017,7,Stepless_crossing,Seoul,Feb  4 2018  8:219PM,
,Seoul,2017,5,Stepless_crossing,Seoul,Feb  4 2018  8:219PM,
,Seoul,2017,10,Stepless_crossing,Seoul,Feb  4 2018  8:219PM,
,Seoul,2017,7,Stepless_crossing,Seoul,Feb  4 2018  8:219PM,
,Seoul,2017,5,Stepless_crossing,Seoul,Feb  4 2018  8:219PM,
,Seoul,2017,5,Stepless_crossing,Seoul,Feb  4 2018  8:219PM,
,Seoul,2017,6,Stepless_crossing,Seoul,Feb  4 2018  8:219PM,
,Seoul,2017,6,Stepless_crossing,Seoul,Feb  4 2018  8:219PM,
,Seoul,2017,5,Stepless_crossing,Seoul,Feb  4 2018  8:219PM,
,Seoul,2017,5,Stepless_crossing,Seoul,Feb  4 2018  8:219PM,
,Seoul,2017,4,Stepless_crossing,Seoul,Feb  4 2018  8:219PM,
,Seoul,2017,4,Stepless_crossing,Seoul,Feb  4 2018  8:219PM,
,Seoul,2017,4,Stepless_crossing,Seoul,Feb  4 2018  8:219PM,
,Seoul,2017,7,Stepless_crossing,Seoul,Feb  4 2018  8:219PM,
,Seoul,2017,4,Stepless_crossing,Seoul,Feb  4 2018  8:219PM,
,Seoul,2017,4,Stepless_crossing,Seoul,Feb  4 2018  8:219PM,
,Seoul,2017,7,Stepless_crossing,Seoul,Feb  4 2018  8:219PM,
,Seoul,2017,6,Stepless_crossing,Seoul,Feb  4 2018  8:219PM,
,Seoul,2017,6,Stepless_crossing,Seoul,Feb  4 2018  8:219PM,
,Seoul,2017,5,Stepless_crossing,Seoul,Feb  4 2018  8:219PM,
,Seoul,2017,5,Stepless_crossing,Seoul,Feb  4 2018  8:219PM,
,Seoul,2017,5,Stepless_crossing,Seoul,Feb  4 2018  8:219PM,
,Seoul,2017,6,Stepless_crossing,Seoul,Feb  4 2018  8:219PM,
,Seoul,2017,5,Stepless_crossing,Seoul,Feb  4 2018  8:219PM,
,Seoul,2017,6,Stepless_crossing,Seoul,Feb  4 2018  8:219PM,
,Seoul,2017,6,Stepless_crossing,Seoul,Feb  4 2018  8:219PM,
,Seoul,2017,5,Stepless_crossing,Seoul,Feb  4 2018  8:219PM,
,Seoul,2017,5,Stepless_crossing,Seoul,Feb  4 2018  8:219PM,
,Seoul,2017,4,Stepless_crossing,Seoul,Feb  4 2018  8:219PM,
,Seoul,2017,6,Stepless_crossing,Seoul,Feb  4 2018  8:219PM,
,Seoul,2017,5,Stepless_crossing,Seoul,Feb  4 2018  8:219PM,
,Seoul,2017,4,Stepless_crossing,Seoul,Feb  4 2018  8:219PM,
,Seoul,2017,7,Stepless_crossing,Seoul,Feb  4 2018  8:219PM,
,Seoul,2017,5,Stepless_crossing,Seoul,Feb  4 2018  8:219PM,
,Seoul,2017,9,Stepless_crossing,Seoul,Feb  4 2018  8:219PM,
,Seoul,2017,7,Stepless_crossing,Seoul,Feb  4 2018  8:219PM,
,Seoul,2017,6,Stepless_crossing,Seoul,Feb  4 2018  8:219PM,
,Seoul,2017,5,Stepless_crossing,Seoul,Feb  4 2018  8:219PM,
,Seoul,2017,4,Stepless_crossing,Seoul,Feb  4 2018  8:219PM,
,Seoul,2017,4,Stepless_crossing,Seoul,Feb  4 2018  8:219PM,
,Seoul,2017,8,Stepless_crossing,Seoul,Feb  4 2018  8:219PM,
,Seoul,2017,7,Stepless_crossing,Seoul,Feb  4 2018  8:219PM,
,Seoul,2017,4,Stepless_crossing,Seoul,Feb  4 2018  8:219PM,
,Seoul,2017,4,Stepless_crossing,Seoul,Feb  4 2018  8:219PM,
,Busan,2017,5,Stepless_crossing,Busan,Feb  4 2018  8:219PM,
,Busan,2017,6,Stepless_crossing,Busan,Feb  4 2018  8:219PM,
,Busan,2017,6,Stepless_crossing,Busan,Feb  4 2018  8:219PM,
,Busan,2017,4,Stepless_crossing,Busan,Feb  4 2018  8:219PM,
,Busan,2017,5,Stepless_crossing,Busan,Feb  4 2018  8:219PM,
,Busan,2017,4,Stepless_crossing,Busan,Feb  4 2018  8:219PM,
,Busan,2017,5,Stepless_crossing,Busan,Feb  4 2018  8:219PM,
,Busan,2017,4,Stepless_crossing,Busan,Mar  4 2018  8:219PM,
,Busan,2017,17,Stepless_crossing,Busan,Mar  4 2018  8:219PM,
,Busan,2017,8,Stepless_crossing,Busan,Mar  4 2018  8:219PM,
,Busan,2017,6,Stepless_crossing,Busan,Mar  4 2018  8:219PM,
,Busan,2017,5,Stepless_crossing,Busan,Mar  4 2018  8:219PM,
,Busan,2017,6,Stepless_crossing,Busan,Mar  4 2018  8:219PM,
,Busan,2017,4,Stepless_crossing,Busan,Mar  4 2018  8:219PM,
,Gyeonggi,2017,6,Stepless_crossing,Gyeonggi,Mar  4 2018  8:219PM,
,Gyeonggi,2017,4,Stepless_crossing,Gyeonggi,Mar  4 2018  8:219PM,
,Gyeonggi,2017,6,Stepless_crossing,Gyeonggi,Mar  4 2018  8:219PM,
,Gyeonggi,2017,4,Stepless_crossing,Gyeonggi,Mar  4 2018  8:219PM,
,Gyeonggi,2017,4,Stepless_crossing,Gyeonggi,Mar  4 2018  8:219PM,
,Gyeonggi,2017,13,Stepless_crossing,Gyeonggi,Mar  4 2018  8:219PM,
,Gyeonggi,2017,7,Stepless_crossing,Gyeonggi,Mar  4 2018  8:219PM,
,Gyeonggi,2017,6,Stepless_crossing,Gyeonggi,Mar  4 2018  8:219PM,
,Gyeonggi,2017,5,Stepless_crossing,Gyeonggi,Mar  4 2018  8:219PM,
,Gyeonggi,2017,5,Stepless_crossing,Gyeonggi,Mar  4 2018  8:219PM,
,Gyeonggi,2017,5,Stepless_crossing,Gyeonggi,Mar  4 2018  8:219PM,
,Gyeonggi,2017,4,Stepless_crossing,Gyeonggi,Mar  4 2018  8:219PM,
,Gyeonggi,2017,7,Stepless_crossing,Gyeonggi,Mar  4 2018  8:219PM,
,Gyeonggi,2017,6,Stepless_crossing,Gyeonggi,Mar  4 2018  8:219PM,
,Gyeonggi,2017,6,Stepless_crossing,Gyeonggi,Mar  4 2018  8:219PM,
,Gyeonggi,2017,5,Stepless_crossing,Gyeonggi,Mar  4 2018  8:219PM,
,Gyeonggi,2017,4,Stepless_crossing,Gyeonggi,Mar  4 2018  8:219PM,
,Gyeonggi,2017,6,Stepless_crossing,Gyeonggi,Mar  4 2018  8:219PM,
,Gyeonggi,2017,5,Stepless_crossing,Gyeonggi,Mar  4 2018  8:219PM,
,Gyeonggi,2017,4,Stepless_crossing,Gyeonggi,Mar  4 2018  8:219PM,
,Gangwon,2017,5,Stepless_crossing,Gangwon,Mar  4 2018  8:219PM,
,Chungcheongbukdo,2017,7,Stepless_crossing,Chungcheongbukdo,Mar  4 2018  8:219PM,
,Chungcheongbukdo,2017,4,Stepless_crossing,Chungcheongbukdo,Mar  4 2018  8:219PM,
,Chungcheongbukdo,2017,5,Stepless_crossing,Chungcheongbukdo,Mar  4 2018  8:219PM,
,Chungcheongbukdo,2017,4,Stepless_crossing,Chungcheongbukdo,Mar  4 2018  8:219PM,
,Chungcheongnamdo,2017,7,Stepless_crossing,Chungcheongnamdo,Mar  4 2018  8:219PM,
,Chungcheongnamdo,2017,4,Stepless_crossing,Chungcheongnamdo,Mar  4 2018  8:219PM,
,Chungcheongnamdo,2017,6,Stepless_crossing,Chungcheongnamdo,Mar  4 2018  8:219PM,
,Chungcheongnamdo,2017,5,Stepless_crossing,Chungcheongnamdo,Mar  4 2018  8:219PM,
,Chungcheongnamdo,2017,5,Stepless_crossing,Chungcheongnamdo,Mar  4 2018  8:219PM,
,Chungcheongnamdo,2017,5,Stepless_crossing,Chungcheongnamdo,Mar  4 2018  8:219PM,
,Chungcheongnamdo,2017,4,Stepless_crossing,Chungcheongnamdo,Mar  4 2018  8:219PM,
,Chungcheongnamdo,2017,5,Stepless_crossing,Chungcheongnamdo,Mar  4 2018  8:219PM,
,Chungcheongnamdo,2017,4,Stepless_crossing,Chungcheongnamdo,Mar  4 2018  8:219PM,
,Jeollabukdo,2017,5,Stepless_crossing,Jeollabukdo,Mar  4 2018  8:219PM,
,Jeollabukdo,2017,8,Stepless_crossing,Jeollabukdo,Mar  4 2018  8:219PM,
,Jeollabukdo,2017,4,Stepless_crossing,Jeollabukdo,Mar  4 2018  8:219PM,
,Jeollanamdo,2017,5,Stepless_crossing,Jeollanamdo,Mar  4 2018  8:219PM,
,Jeollanamdo,2017,4,Stepless_crossing,Jeollanamdo,Mar  4 2018  8:219PM,
,Jeollanamdo,2017,4,Stepless_crossing,Jeollanamdo,Mar  4 2018  8:219PM,
,Jeollanamdo,2017,4,Stepless_crossing,Jeollanamdo,Mar  4 2018  8:219PM,
,Jeollanamdo,2017,4,Stepless_crossing,Jeollanamdo,Mar  4 2018  8:219PM,
,Jeollanamdo,2017,9,Stepless_crossing,Jeollanamdo,Mar  4 2018  8:219PM,
,Jeollanamdo,2017,4,Stepless_crossing,Jeollanamdo,Mar  4 2018  8:219PM,
,Jeollanamdo,2017,4,Stepless_crossing,Jeollanamdo,Mar  4 2018  8:219PM,
,Jeollanamdo,2017,3,Stepless_crossing,Jeollanamdo,Mar  4 2018  8:219PM,
,Jeollanamdo,2017,5,Stepless_crossing,Jeollanamdo,Mar  4 2018  8:219PM,
,Jeollanamdo,2017,4,Stepless_crossing,Jeollanamdo,Mar  4 2018  8:219PM,
,Gyeongsangbukdo,2017,4,Stepless_crossing,Gyeongsangbukdo,Mar  4 2018  8:219PM,
,Gyeongsangbukdo,2017,5,Stepless_crossing,Gyeongsangbukdo,Mar  4 2018  8:219PM,
,Gyeongsangbukdo,2017,4,Stepless_crossing,Gyeongsangbukdo,Mar  4 2018  8:219PM,
,Gyeongsangbukdo,2017,5,Stepless_crossing,Gyeongsangbukdo,Mar  4 2018  8:219PM,
,Gyeongsangbukdo,2017,4,Stepless_crossing,Gyeongsangbukdo,Mar  4 2018  8:219PM,
,Gyeongsangnamdo,2017,6,Stepless_crossing,Gyeongsangnamdo,Mar  4 2018  8:219PM,
,Gyeongsangnamdo,2017,7,Stepless_crossing,Gyeongsangnamdo,Mar  4 2018  8:219PM,
,Gyeongsangnamdo,2017,4,Stepless_crossing,Gyeongsangnamdo,Mar  4 2018  8:219PM,
,Gyeongsangnamdo,2017,10,Stepless_crossing,Gyeongsangnamdo,Mar  4 2018  8:219PM,
,Gyeongsangnamdo,2017,7,Stepless_crossing,Gyeongsangnamdo,Mar  4 2018  8:219PM,
,Gyeongsangnamdo,2017,5,Stepless_crossing,Gyeongsangnamdo,Mar  4 2018  8:219PM,
,Gyeongsangnamdo,2017,5,Stepless_crossing,Gyeongsangnamdo,Mar  4 2018  8:219PM,
,Gyeongsangnamdo,2017,3,Stepless_crossing,Gyeongsangnamdo,Mar  4 2018  8:219PM,
,Gyeongsangnamdo,2017,5,Stepless_crossing,Gyeongsangnamdo,Mar  4 2018  8:219PM,
,Gyeongsangnamdo,2017,4,Stepless_crossing,Gyeongsangnamdo,Mar  4 2018  8:219PM,
,Gyeongsangnamdo,2017,4,Stepless_crossing,Gyeongsangnamdo,Mar  4 2018  8:219PM,
,Gyeongsangnamdo,2017,4,Stepless_crossing,Gyeongsangnamdo,Mar  4 2018  8:219PM,
,Jeju,2017,4,Stepless_crossing,Jeju,Mar  4 2018  8:219PM,
,Daegu,2017,5,Stepless_crossing,Daegu,Mar  4 2018  8:219PM,
,Daegu,2017,4,Stepless_crossing,Daegu,Mar  4 2018  8:219PM,
,Daegu,2017,6,Stepless_crossing,Daegu,Mar  4 2018  8:219PM,
,Daegu,2017,4,Stepless_crossing,Daegu,Mar  4 2018  8:219PM,
,Daegu,2017,4,Stepless_crossing,Daegu,Mar  4 2018  8:219PM,
,Daegu,2017,5,Stepless_crossing,Daegu,Mar  4 2018  8:219PM,
,Daegu,2017,4,Stepless_crossing,Daegu,Mar  4 2018  8:219PM,
,Daegu,2017,5,Stepless_crossing,Daegu,Mar  4 2018  8:219PM,
,Daegu,2017,5,Stepless_crossing,Daegu,Mar  4 2018  8:219PM,
,Daegu,2017,5,Stepless_crossing,Daegu,Mar  4 2018  8:219PM,
,Daegu,2017,4,Stepless_crossing,Daegu,Mar  4 2018  8:219PM,
,Daegu,2017,4,Stepless_crossing,Daegu,Mar  4 2018  8:219PM,
,Incheon,2017,4,Stepless_crossing,Incheon,Mar  4 2018  8:219PM,
,Incheon,2017,5,Stepless_crossing,Incheon,Mar  4 2018  8:219PM,
,Incheon,2017,4,Stepless_crossing,Incheon,Mar  4 2018  8:219PM,
,Incheon,2017,7,Stepless_crossing,Incheon,Mar  4 2018  8:219PM,
,Incheon,2017,6,Stepless_crossing,Incheon,Mar  4 2018  8:219PM,
,Incheon,2017,5,Stepless_crossing,Incheon,Mar  4 2018  8:219PM,
,Incheon,2017,3,Stepless_crossing,Incheon,Mar  4 2018  8:219PM,
,Incheon,2017,5,Stepless_crossing,Incheon,Mar  4 2018  8:219PM,
,Incheon,2017,5,Stepless_crossing,Incheon,Mar  4 2018  8:219PM,
,Gwangju,2017,6,Stepless_crossing,Gwangju,Mar  4 2018  8:219PM,
,Gwangju,2017,5,Stepless_crossing,Gwangju,Mar  4 2018  8:219PM,
,Gwangju,2017,5,Stepless_crossing,Gwangju,Mar  4 2018  8:219PM,
,Gwangju,2017,4,Stepless_crossing,Gwangju,Mar  4 2018  8:219PM,
,Gwangju,2017,4,Stepless_crossing,Gwangju,Mar  4 2018  8:219PM,
,Gwangju,2017,3,Stepless_crossing,Gwangju,Mar  4 2018  8:219PM,
,Gwangju,2017,4,Stepless_crossing,Gwangju,Mar  4 2018  8:219PM,
,Daejeon,2017,4,Stepless_crossing,Daejeon,Apr  4 2018  8:219PM,
,Daejeon,2017,3,Stepless_crossing,Daejeon,Apr  4 2018  8:219PM,
,Daejeon,2017,4,Stepless_crossing,Daejeon,Apr  4 2018  8:219PM,
,Daejeon,2017,4,Stepless_crossing,Daejeon,Apr  4 2018  8:219PM,
,Daejeon,2017,4,Stepless_crossing,Daejeon,Apr  4 2018  8:219PM,
,Daejeon,2017,6,Stepless_crossing,Daejeon,Apr  4 2018  8:219PM,
,Daejeon,2017,4,Stepless_crossing,Daejeon,Apr  4 2018  8:219PM,
,Daejeon,2017,10,Stepless_crossing,Daejeon,Apr  4 2018  8:219PM,
,Daejeon,2017,4,Stepless_crossing,Daejeon,Apr  4 2018  8:219PM,
,Ulsan,2017,5,Stepless_crossing,Ulsan,Apr  4 2018  8:219PM,
,Gyeonggi,2017,4,Stepless_crossing,Gyeonggi,Apr  4 2018  8:219PM,
,Gyeonggi,2017,5,Stepless_crossing,Gyeonggi,Apr  4 2018  8:219PM,
,Gyeonggi,2017,4,Stepless_crossing,Gyeonggi,Apr  4 2018  8:219PM,
,Gyeonggi,2017,5,Stepless_crossing,Gyeonggi,Apr  4 2018  8:219PM,
,Gyeonggi,2017,5,Stepless_crossing,Gyeonggi,Apr  4 2018  8:219PM,
,Gyeonggi,2017,4,Stepless_crossing,Gyeonggi,Apr  4 2018  8:219PM,
,Gyeonggi,2017,7,Stepless_crossing,Gyeonggi,Apr  4 2018  8:219PM,
,Gyeonggi,2017,5,Stepless_crossing,Gyeonggi,Apr  4 2018  8:219PM,
,Gyeonggi,2017,4,Stepless_crossing,Gyeonggi,Apr  4 2018  8:219PM,
,Gyeonggi,2017,3,Stepless_crossing,Gyeonggi,Apr  4 2018  8:219PM,
,Seoul,2018,2,School_zone_children,Seoul,Apr  4 2018  8:219PM,
,Seoul,2018,2,School_zone_children,Seoul,Apr  4 2018  8:219PM,
,Seoul,2018,2,School_zone_children,Seoul,Apr  4 2018  8:219PM,
,Seoul,2018,2,School_zone_children,Seoul,Apr  4 2018  8:219PM,
,Seoul,2018,2,School_zone_children,Seoul,Apr  4 2018  8:219PM,
,Seoul,2018,2,School_zone_children,Seoul,Apr  4 2018  8:219PM,
,Seoul,2018,1,School_zone_children,Seoul,Apr  4 2018  8:219PM,
,Seoul,2018,2,School_zone_children,Seoul,Apr  4 2018  8:219PM,
,Busan,2018,2,School_zone_children,Busan,Apr  4 2018  8:219PM,
,Busan,2018,2,School_zone_children,Busan,Apr  4 2018  8:219PM,
,Busan,2018,2,School_zone_children,Busan,Apr  4 2018  8:219PM,
,Busan,2018,3,School_zone_children,Busan,Apr  4 2018  8:219PM,
,Busan,2018,3,School_zone_children,Busan,Apr  4 2018  8:219PM,
,Busan,2018,2,School_zone_children,Busan,Apr  4 2018  8:219PM,
,Daegu,2018,2,School_zone_children,Daegu,Apr  4 2018  8:219PM,
,Daegu,2018,2,School_zone_children,Daegu,Apr  4 2018  8:219PM,
,Incheon,2018,2,School_zone_children,Incheon,Apr  4 2018  8:219PM,
,Gwangju,2018,2,School_zone_children,Gwangju,Apr  4 2018  8:219PM,
,Gyeonggi,2018,3,School_zone_children,Gyeonggi,Apr  4 2018  8:219PM,
,Gyeonggi,2018,2,School_zone_children,Gyeonggi,Apr  4 2018  8:219PM,
,Gyeonggi,2018,2,School_zone_children,Gyeonggi,Apr  4 2018  8:219PM,
,Gyeonggi,2018,2,School_zone_children,Gyeonggi,Apr  4 2018  8:219PM,
,Gyeonggi,2018,2,School_zone_children,Gyeonggi,Apr  4 2018  8:219PM,
,Gyeonggi,2018,1,School_zone_children,Gyeonggi,Apr  4 2018  8:219PM,
,Gyeonggi,2018,2,School_zone_children,Gyeonggi,Apr  4 2018  8:219PM,
,Gyeonggi,2018,2,School_zone_children,Gyeonggi,Apr  4 2018  8:219PM,
,Gyeonggi,2018,2,School_zone_children,Gyeonggi,Apr  4 2018  8:219PM,
,Gyeonggi,2018,1,School_zone_children,Gyeonggi,Apr  4 2018  8:219PM,
,Gyeonggi,2018,3,School_zone_children,Gyeonggi,Apr  4 2018  8:219PM,
,Chungcheongbukdo,2018,2,School_zone_children,Chungcheongbukdo,Apr  4 2018  8:219PM,
,Chungcheongbukdo,2018,2,School_zone_children,Chungcheongbukdo,Apr  4 2018  8:219PM,
,Chungcheongbukdo,2018,2,School_zone_children,Chungcheongbukdo,Apr  4 2018  8:219PM,
,Chungcheongnamdo,2018,3,School_zone_children,Chungcheongnamdo,Apr  4 2018  8:219PM,
,Jeollabukdo,2018,2,School_zone_children,Jeollabukdo,Apr  4 2018  8:219PM,
,Jeollabukdo,2018,3,School_zone_children,Jeollabukdo,Apr  4 2018  8:219PM,
,Jeollanamdo,2018,2,School_zone_children,Jeollanamdo,Apr  4 2018  8:219PM,
,Gyeongsangbukdo,2018,2,School_zone_children,Gyeongsangbukdo,Apr  4 2018  8:219PM,
,Gyeongsangnamdo,2018,2,School_zone_children,Gyeongsangnamdo,Apr  4 2018  8:219PM,
,Jeju,2018,2,School_zone_children,Jeju,Apr  4 2018  8:219PM,
,Jeju,2018,2,School_zone_children,Jeju,Apr  4 2018  8:219PM,
,Jeju,2018,2,School_zone_children,Jeju,Apr  4 2018  8:219PM,
,Jeju,2018,2,School_zone_children,Jeju,Apr  4 2018  8:219PM,
,Seoul,2018,3,Walking_children,Seoul,Apr  4 2018  8:219PM,
,Seoul,2018,3,Walking_children,Seoul,Apr  4 2018  8:219PM,
,Seoul,2018,3,Walking_children,Seoul,Apr  4 2018  8:219PM,
,Seoul,2018,3,Walking_children,Seoul,Apr  4 2018  8:219PM,
,Seoul,2018,4,Walking_children,Seoul,Apr  4 2018  8:219PM,
,Seoul,2018,3,Walking_children,Seoul,Apr  4 2018  8:219PM,
,Seoul,2018,3,Walking_children,Seoul,Apr  4 2018  8:219PM,
,Seoul,2018,3,Walking_children,Seoul,Apr  4 2018  8:219PM,
,Seoul,2018,3,Walking_children,Seoul,Apr  4 2018  8:219PM,
,Seoul,2018,3,Walking_children,Seoul,Apr  4 2018  8:219PM,
,Busan,2018,3,Walking_children,Busan,Apr  4 2018  8:219PM,
,Busan,2018,3,Walking_children,Busan,Apr  4 2018  8:219PM,
,Busan,2018,3,Walking_children,Busan,Apr  4 2018  8:219PM,
,Busan,2018,3,Walking_children,Busan,Apr  4 2018  8:219PM,
,Busan,2018,3,Walking_children,Busan,Apr  4 2018  8:219PM,
,Daegu,2018,3,Walking_children,Daegu,Apr  4 2018  8:219PM,
,Daegu,2018,3,Walking_children,Daegu,Apr  4 2018  8:219PM,
,Daegu,2018,3,Walking_children,Daegu,Apr  4 2018  8:219PM,
,Incheon,2018,3,Walking_children,Incheon,Apr  4 2018  8:219PM,
,Incheon,2018,3,Walking_children,Incheon,Apr  4 2018  8:219PM,
,Gwangju,2018,4,Walking_children,Gwangju,Apr  4 2018  8:219PM,
,Gwangju,2018,3,Walking_children,Gwangju,Apr  4 2018  8:219PM,
,Gwangju,2018,3,Walking_children,Gwangju,Apr  4 2018  8:219PM,
,Gwangju,2018,3,Walking_children,Gwangju,Apr  4 2018  8:219PM,
,Gwangju,2018,3,Walking_children,Gwangju,Apr  4 2018  8:219PM,
,Gwangju,2018,3,Walking_children,Gwangju,Apr  4 2018  8:219PM,
,Gwangju,2018,3,Walking_children,Gwangju,Apr  4 2018  8:219PM,
,Ulsan,2018,4,Walking_children,Ulsan,Apr  4 2018  8:219PM,
,Ulsan,2018,3,Walking_children,Ulsan,Apr  4 2018  8:219PM,
,Ulsan,2018,3,Walking_children,Ulsan,Apr  4 2018  8:219PM,
,Gyeonggi,2018,4,Walking_children,Gyeonggi,Apr  4 2018  8:219PM,
,Gyeonggi,2018,3,Walking_children,Gyeonggi,Apr  4 2018  8:219PM,
,Gyeonggi,2018,4,Walking_children,Gyeonggi,Apr  4 2018  8:219PM,
,Gyeonggi,2018,3,Walking_children,Gyeonggi,Apr  4 2018  8:219PM,
,Gyeonggi,2018,4,Walking_children,Gyeonggi,Apr  4 2018  8:219PM,
,Gyeonggi,2018,3,Walking_children,Gyeonggi,Apr  4 2018  8:219PM,
,Gyeonggi,2018,3,Walking_children,Gyeonggi,Apr  4 2018  8:219PM,
,Gyeonggi,2018,3,Walking_children,Gyeonggi,Apr  4 2018  8:219PM,
,Gyeonggi,2018,4,Walking_children,Gyeonggi,Apr  4 2018  8:219PM,
,Gyeonggi,2018,3,Walking_children,Gyeonggi,Apr  4 2018  8:219PM,
,Gyeonggi,2018,3,Walking_children,Gyeonggi,Apr  4 2018  8:219PM,
,Gyeonggi,2018,3,Walking_children,Gyeonggi,Apr  4 2018  8:219PM,
,Gyeonggi,2018,3,Walking_children,Gyeonggi,Apr  4 2018  8:219PM,
,Gyeonggi,2018,5,Walking_children,Gyeonggi,Apr  4 2018  8:219PM,
,Gyeonggi,2018,3,Walking_children,Gyeonggi,Apr  4 2018  8:219PM,
,Gyeonggi,2018,3,Walking_children,Gyeonggi,Apr  4 2018  8:219PM,
,Gyeonggi,2018,3,Walking_children,Gyeonggi,Apr  4 2018  8:219PM,
,Gyeonggi,2018,3,Walking_children,Gyeonggi,Apr  4 2018  8:219PM,
,Gyeonggi,2018,3,Walking_children,Gyeonggi,Apr  4 2018  8:219PM,
,Gyeonggi,2018,3,Walking_children,Gyeonggi,Apr  4 2018  8:219PM,
,Gyeonggi,2018,3,Walking_children,Gyeonggi,Apr  4 2018  8:219PM,
,Gyeonggi,2018,4,Walking_children,Gyeonggi,Apr  4 2018  8:219PM,
,Gyeonggi,2018,3,Walking_children,Gyeonggi,Apr  4 2018  8:219PM,
,Gyeonggi,2018,3,Walking_children,Gyeonggi,Apr  4 2018  8:219PM,
,Gyeonggi,2018,6,Walking_children,Gyeonggi,Apr  4 2018  8:219PM,
,Gyeonggi,2018,4,Walking_children,Gyeonggi,Apr  4 2018  8:219PM,
,Gyeonggi,2018,3,Walking_children,Gyeonggi,Apr  4 2018  8:219PM,
,Gyeonggi,2018,3,Walking_children,Gyeonggi,Apr  4 2018  8:219PM,
,Chungcheongbukdo,2018,3,Walking_children,Chungcheongbukdo,May 16 2018  3:01PM,
,Chungcheongbukdo,2018,3,Walking_children,Chungcheongbukdo,May 16 2018  3:01PM,
,Chungcheongbukdo,2018,3,Walking_children,Chungcheongbukdo,May 16 2018  3:01PM,
,Chungcheongbukdo,2018,4,Walking_children,Chungcheongbukdo,May 16 2018  3:01PM,
,Chungcheongbukdo,2018,3,Walking_children,Chungcheongbukdo,May 16 2018  3:01PM,
,Chungcheongbukdo,2018,3,Walking_children,Chungcheongbukdo,May 16 2018  3:01PM,
,Chungcheongnamdo,2018,4,Walking_children,Chungcheongnamdo,May 16 2018  3:01PM,
,Jeollabukdo,2018,3,Walking_children,Jeollabukdo,May 16 2018  3:01PM,
,Jeollanamdo,2018,3,Walking_children,Jeollanamdo,May 16 2018  3:01PM,
,Jeollanamdo,2018,3,Walking_children,Jeollanamdo,May 16 2018  3:01PM,
,Jeollanamdo,2018,3,Walking_children,Jeollanamdo,May 16 2018  3:01PM,
,Jeollanamdo,2018,4,Walking_children,Jeollanamdo,May 16 2018  3:01PM,
,Jeollanamdo,2018,3,Walking_children,Jeollanamdo,May 16 2018  3:01PM,
,Jeollanamdo,2018,3,Walking_children,Jeollanamdo,May 16 2018  3:01PM,
,Gyeongsangbukdo,2018,3,Walking_children,Gyeongsangbukdo,May 16 2018  3:01PM,
,Gyeongsangbukdo,2018,3,Walking_children,Gyeongsangbukdo,May 16 2018  3:01PM,
,Gyeongsangbukdo,2018,3,Walking_children,Gyeongsangbukdo,May 16 2018  3:01PM,
,Jeju,2018,4,Walking_children,Jeju,May 16 2018  3:01PM,
,Jeju,2018,3,Walking_children,Jeju,May 16 2018  3:01PM,
,Jeju,2018,3,Walking_children,Jeju,May 16 2018  3:01PM,
,Jeju,2018,3,Walking_children,Jeju,May 16 2018  3:01PM,
,Seoul,2018,9,Walking_old_man,Seoul,May 16 2018  3:01PM,
,Seoul,2018,9,Walking_old_man,Seoul,May 16 2018  3:01PM,
,Seoul,2018,5,Walking_old_man,Seoul,May 16 2018  3:01PM,
,Seoul,2018,5,Walking_old_man,Seoul,May 16 2018  3:01PM,
,Seoul,2018,3,Walking_old_man,Seoul,May 16 2018  3:01PM,
,Seoul,2018,3,Walking_old_man,Seoul,May 16 2018  3:01PM,
,Seoul,2018,2,Walking_old_man,Seoul,May 16 2018  3:01PM,
,Seoul,2018,7,Walking_old_man,Seoul,May 16 2018  3:01PM,
,Seoul,2018,3,Walking_old_man,Seoul,May 16 2018  3:01PM,
,Seoul,2018,2,Walking_old_man,Seoul,May 16 2018  3:01PM,
,Seoul,2018,2,Walking_old_man,Seoul,May 16 2018  3:01PM,
,Seoul,2018,3,Walking_old_man,Seoul,May 16 2018  3:01PM,
,Seoul,2018,3,Walking_old_man,Seoul,May 16 2018  3:01PM,
,Seoul,2018,2,Walking_old_man,Seoul,May 16 2018  3:01PM,
,Seoul,2018,15,Walking_old_man,Seoul,May 16 2018  3:01PM,
,Seoul,2018,13,Walking_old_man,Seoul,May 16 2018  3:01PM,
,Seoul,2018,4,Walking_old_man,Seoul,May 16 2018  3:01PM,
,Seoul,2018,4,Walking_old_man,Seoul,May 16 2018  3:01PM,
,Seoul,2018,4,Walking_old_man,Seoul,May 16 2018  3:01PM,
,Seoul,2018,4,Walking_old_man,Seoul,May 16 2018  3:01PM,
,Seoul,2018,4,Walking_old_man,Seoul,May 16 2018  3:01PM,
,Seoul,2018,3,Walking_old_man,Seoul,May 16 2018  3:01PM,
,Seoul,2018,3,Walking_old_man,Seoul,May 16 2018  3:01PM,
,Seoul,2018,6,Walking_old_man,Seoul,May 16 2018  3:01PM,
,Seoul,2018,5,Walking_old_man,Seoul,May 16 2018  3:01PM,
,Seoul,2018,5,Walking_old_man,Seoul,May 16 2018  3:01PM,
,Seoul,2018,5,Walking_old_man,Seoul,May 16 2018  3:01PM,
,Seoul,2018,4,Walking_old_man,Seoul,May 16 2018  3:01PM,
,Seoul,2018,3,Walking_old_man,Seoul,May 16 2018  3:01PM,
,Seoul,2018,3,Walking_old_man,Seoul,May 16 2018  3:01PM,
,Seoul,2018,6,Walking_old_man,Seoul,May 16 2018  3:01PM,
,Seoul,2018,5,Walking_old_man,Seoul,May 16 2018  3:01PM,
,Seoul,2018,4,Walking_old_man,Seoul,May 16 2018  3:01PM,
,Seoul,2018,3,Walking_old_man,Seoul,May 16 2018  3:01PM,
,Seoul,2018,2,Walking_old_man,Seoul,May 16 2018  3:01PM,
,Seoul,2018,5,Walking_old_man,Seoul,May 16 2018  3:01PM,
,Seoul,2018,5,Walking_old_man,Seoul,May 16 2018  3:01PM,
,Seoul,2018,5,Walking_old_man,Seoul,May 16 2018  3:01PM,
,Seoul,2018,4,Walking_old_man,Seoul,May 16 2018  3:01PM,
,Seoul,2018,4,Walking_old_man,Seoul,May 16 2018  3:01PM,
,Seoul,2018,4,Walking_old_man,Seoul,May 16 2018  3:01PM,
,Seoul,2018,4,Walking_old_man,Seoul,May 16 2018  3:01PM,
,Seoul,2018,3,Walking_old_man,Seoul,May 16 2018  3:01PM,
,Seoul,2018,3,Walking_old_man,Seoul,May 16 2018  3:01PM,
,Seoul,2018,2,Walking_old_man,Seoul,May 16 2018  3:01PM,
,Seoul,2018,4,Walking_old_man,Seoul,May 16 2018  3:01PM,
,Seoul,2018,4,Walking_old_man,Seoul,May 16 2018  3:01PM,
,Seoul,2018,3,Walking_old_man,Seoul,May 16 2018  3:01PM,
,Seoul,2018,3,Walking_old_man,Seoul,May 16 2018  3:01PM,
,Seoul,2018,3,Walking_old_man,Seoul,May 16 2018  3:01PM,
,Seoul,2018,3,Walking_old_man,Seoul,May 16 2018  3:01PM,
,Seoul,2018,5,Walking_old_man,Seoul,May 16 2018  3:01PM,
,Seoul,2018,5,Walking_old_man,Seoul,May 16 2018  3:01PM,
,Seoul,2018,5,Walking_old_man,Seoul,May 16 2018  3:01PM,
,Seoul,2018,3,Walking_old_man,Seoul,May 16 2018  3:01PM,
,Seoul,2018,3,Walking_old_man,Seoul,May 16 2018  3:01PM,
,Seoul,2018,2,Walking_old_man,Seoul,May 16 2018  3:01PM,
,Seoul,2018,5,Walking_old_man,Seoul,May 16 2018  3:01PM,
,Seoul,2018,5,Walking_old_man,Seoul,May 16 2018  3:01PM,
,Seoul,2018,4,Walking_old_man,Seoul,May 16 2018  3:01PM,
,Seoul,2018,4,Walking_old_man,Seoul,May 16 2018  3:01PM,
,Seoul,2018,3,Walking_old_man,Seoul,May 16 2018  3:01PM,
,Seoul,2018,9,Walking_old_man,Seoul,May 16 2018  3:01PM,
,Seoul,2018,5,Walking_old_man,Seoul,May 16 2018  3:01PM,
,Seoul,2018,3,Walking_old_man,Seoul,May 16 2018  3:01PM,
,Seoul,2018,3,Walking_old_man,Seoul,May 16 2018  3:01PM,
,Seoul,2018,2,Walking_old_man,Seoul,May 16 2018  3:01PM,
,Seoul,2018,6,Walking_old_man,Seoul,May 16 2018  3:01PM,
,Seoul,2018,5,Walking_old_man,Seoul,May 16 2018  3:01PM,
,Seoul,2018,4,Walking_old_man,Seoul,May 16 2018  3:01PM,
,Seoul,2018,3,Walking_old_man,Seoul,May 16 2018  3:01PM,
,Seoul,2018,7,Walking_old_man,Seoul,May 16 2018  3:01PM,
,Seoul,2018,5,Walking_old_man,Seoul,May 16 2018  3:01PM,
,Seoul,2018,4,Walking_old_man,Seoul,May 16 2018  3:01PM,
,Seoul,2018,5,Walking_old_man,Seoul,May 16 2018  3:01PM,
,Seoul,2018,4,Walking_old_man,Seoul,May 16 2018  3:01PM,
,Seoul,2018,4,Walking_old_man,Seoul,May 16 2018  3:01PM,
,Seoul,2018,4,Walking_old_man,Seoul,May 16 2018  3:01PM,
,Seoul,2018,3,Walking_old_man,Seoul,May 16 2018  3:01PM,
,Seoul,2018,9,Walking_old_man,Seoul,May 16 2018  3:01PM,
,Seoul,2018,5,Walking_old_man,Seoul,May 16 2018  3:01PM,
,Seoul,2018,3,Walking_old_man,Seoul,May 16 2018  3:01PM,
,Seoul,2018,5,Walking_old_man,Seoul,May 16 2018  3:01PM,
,Seoul,2018,5,Walking_old_man,Seoul,Jun 30 2018  4:00AM,
,Seoul,2018,4,Walking_old_man,Seoul,Jun 30 2018  4:00AM,
,Seoul,2018,3,Walking_old_man,Seoul,Jun 30 2018  4:00AM,
,Seoul,2018,2,Walking_old_man,Seoul,Jun 30 2018  4:00AM,
,Seoul,2018,2,Walking_old_man,Seoul,Jun 30 2018  4:00AM,
,Seoul,2018,5,Walking_old_man,Seoul,Jun 30 2018  4:00AM,
,Seoul,2018,5,Walking_old_man,Seoul,Jun 30 2018  4:00AM,
,Seoul,2018,5,Walking_old_man,Seoul,Jun 30 2018  4:00AM,
,Seoul,2018,4,Walking_old_man,Seoul,Jun 30 2018  4:00AM,
,Seoul,2018,3,Walking_old_man,Seoul,Jun 30 2018  4:00AM,
,Seoul,2018,7,Walking_old_man,Seoul,Jun 30 2018  4:00AM,
,Seoul,2018,5,Walking_old_man,Seoul,Jun 30 2018  4:00AM,
,Seoul,2018,4,Walking_old_man,Seoul,Jun 30 2018  4:00AM,
,Seoul,2018,4,Walking_old_man,Seoul,Jun 30 2018  4:00AM,
,Seoul,2018,4,Walking_old_man,Seoul,Jun 30 2018  4:00AM,
,Seoul,2018,3,Walking_old_man,Seoul,Jun 30 2018  4:00AM,
,Seoul,2018,4,Walking_old_man,Seoul,Jun 30 2018  4:00AM,
,Seoul,2018,3,Walking_old_man,Seoul,Jun 30 2018  4:00AM,
,Seoul,2018,3,Walking_old_man,Seoul,Jun 30 2018  4:00AM,
,Seoul,2018,3,Walking_old_man,Seoul,Jun 30 2018  4:00AM,
,Seoul,2018,3,Walking_old_man,Seoul,Jun 30 2018  4:00AM,
,Seoul,2018,7,Walking_old_man,Seoul,Jun 30 2018  4:00AM,
,Seoul,2018,5,Walking_old_man,Seoul,Jun 30 2018  4:00AM,
,Seoul,2018,5,Walking_old_man,Seoul,Jun 30 2018  4:00AM,
,Seoul,2018,4,Walking_old_man,Seoul,Jun 30 2018  4:00AM,
,Seoul,2018,4,Walking_old_man,Seoul,Jun 30 2018  4:00AM,
,Seoul,2018,3,Walking_old_man,Seoul,Jun 30 2018  4:00AM,
,Seoul,2018,3,Walking_old_man,Seoul,Jun 30 2018  4:00AM,
,Seoul,2018,6,Walking_old_man,Seoul,Jun 30 2018  4:00AM,
,Seoul,2018,5,Walking_old_man,Seoul,Jun 30 2018  4:00AM,
,Seoul,2018,3,Walking_old_man,Seoul,Jun 30 2018  4:00AM,
,Seoul,2018,3,Walking_old_man,Seoul,Jun 30 2018  4:00AM,
,Seoul,2018,3,Walking_old_man,Seoul,Jun 30 2018  4:00AM,
,Busan,2018,11,Walking_old_man,Busan,Jun 30 2018  4:00AM,
,Busan,2018,5,Walking_old_man,Busan,Jun 30 2018  4:00AM,
,Busan,2018,4,Walking_old_man,Busan,Jun 30 2018  4:00AM,
,Busan,2018,5,Walking_old_man,Busan,Jun 30 2018  4:00AM,
,Busan,2018,4,Walking_old_man,Busan,Jun 30 2018  4:00AM,
,Busan,2018,3,Walking_old_man,Busan,Jun 30 2018  4:00AM,
,Busan,2018,8,Walking_old_man,Busan,Jun 30 2018  4:00AM,
,Busan,2018,4,Walking_old_man,Busan,Jun 30 2018  4:00AM,
,Busan,2018,4,Walking_old_man,Busan,Jun 30 2018  4:00AM,
,Busan,2018,4,Walking_old_man,Busan,Jun 30 2018  4:00AM,
,Busan,2018,8,Walking_old_man,Busan,Jun 30 2018  4:00AM,
,Busan,2018,5,Walking_old_man,Busan,Jun 30 2018  4:00AM,
,Busan,2018,5,Walking_old_man,Busan,Jun 30 2018  4:00AM,
,Busan,2018,4,Walking_old_man,Busan,Jun 30 2018  4:00AM,
,Busan,2018,3,Walking_old_man,Busan,Jun 30 2018  4:00AM,
,Busan,2018,15,Walking_old_man,Busan,Jun 30 2018  4:00AM,
,Busan,2018,8,Walking_old_man,Busan,Jun 30 2018  4:00AM,
,Busan,2018,6,Walking_old_man,Busan,Jun 30 2018  4:00AM,
,Busan,2018,6,Walking_old_man,Busan,Jun 30 2018  4:00AM,
,Busan,2018,4,Walking_old_man,Busan,Jun 30 2018  4:00AM,
,Busan,2018,4,Walking_old_man,Busan,Jun 30 2018  4:00AM,
,Busan,2018,4,Walking_old_man,Busan,Jun 30 2018  4:00AM,
,Busan,2018,3,Walking_old_man,Busan,Jun 30 2018  4:00AM,
,Busan,2018,3,Walking_old_man,Busan,Jun 30 2018  4:00AM,
,Busan,2018,3,Walking_old_man,Busan,Jun 30 2018  4:00AM,
,Busan,2018,2,Walking_old_man,Busan,Jun 30 2018  4:00AM,
,Busan,2018,2,Walking_old_man,Busan,Jun 30 2018  4:00AM,
,Busan,2018,2,Walking_old_man,Busan,Jun 30 2018  4:00AM,
,Busan,2018,6,Walking_old_man,Busan,Jun 30 2018  4:00AM,
,Busan,2018,5,Walking_old_man,Busan,Jun 30 2018  4:00AM,
,Busan,2018,4,Walking_old_man,Busan,Jun 30 2018  4:00AM,
,Busan,2018,4,Walking_old_man,Busan,Jun 30 2018  4:00AM,
,Busan,2018,3,Walking_old_man,Busan,Jun 30 2018  4:00AM,
,Busan,2018,3,Walking_old_man,Busan,Jun 30 2018  4:00AM,
,Busan,2018,4,Walking_old_man,Busan,Jun 30 2018  4:00AM,
,Busan,2018,4,Walking_old_man,Busan,Jun 30 2018  4:00AM,
,Busan,2018,4,Walking_old_man,Busan,Jun 30 2018  4:00AM,
,Busan,2018,7,Walking_old_man,Busan,Jun 30 2018  4:00AM,
,Busan,2018,5,Walking_old_man,Busan,Jun 30 2018  4:00AM,
,Busan,2018,3,Walking_old_man,Busan,Jun 30 2018  4:00AM,
,Busan,2018,2,Walking_old_man,Busan,Jun 30 2018  4:00AM,
,Busan,2018,2,Walking_old_man,Busan,Jun 30 2018  4:00AM,
,Busan,2018,10,Walking_old_man,Busan,Jun 30 2018  4:00AM,
,Busan,2018,5,Walking_old_man,Busan,Jun 30 2018  4:00AM,
,Busan,2018,5,Walking_old_man,Busan,Jun 30 2018  4:00AM,
,Busan,2018,4,Walking_old_man,Busan,Jun 30 2018  4:00AM,
,Busan,2018,2,Walking_old_man,Busan,Jun 30 2018  4:00AM,
,Busan,2018,5,Walking_old_man,Busan,Jun 30 2018  4:00AM,
,Busan,2018,5,Walking_old_man,Busan,Jun 30 2018  4:00AM,
,Busan,2018,4,Walking_old_man,Busan,Jun 30 2018  4:00AM,
,Busan,2018,7,Walking_old_man,Busan,Jun 30 2018  4:00AM,
,Busan,2018,6,Walking_old_man,Busan,Jun 30 2018  4:00AM,
,Busan,2018,4,Walking_old_man,Busan,Jun 30 2018  4:00AM,
,Busan,2018,4,Walking_old_man,Busan,Jun 30 2018  4:00AM,
,Busan,2018,4,Walking_old_man,Busan,Jun 30 2018  4:00AM,
,Busan,2018,4,Walking_old_man,Busan,Jun 30 2018  4:00AM,
,Busan,2018,2,Walking_old_man,Busan,Jun 30 2018  4:00AM,
,Busan,2018,5,Walking_old_man,Busan,Jun 30 2018  4:00AM,
,Busan,2018,6,Walking_old_man,Busan,Jun 30 2018  4:00AM,
,Daegu,2018,4,Walking_old_man,Daegu,Jun 30 2018  4:00AM,
,Daegu,2018,4,Walking_old_man,Daegu,Jun 30 2018  4:00AM,
,Daegu,2018,4,Walking_old_man,Daegu,Jun 30 2018  4:00AM,
,Daegu,2018,3,Walking_old_man,Daegu,Jun 30 2018  4:00AM,
,Daegu,2018,3,Walking_old_man,Daegu,Jun 30 2018  4:00AM,
,Daegu,2018,6,Walking_old_man,Daegu,Jun 30 2018  4:00AM,
,Daegu,2018,4,Walking_old_man,Daegu,Jun 30 2018  4:00AM,
,Daegu,2018,2,Walking_old_man,Daegu,Jun 30 2018  4:00AM,
,Daegu,2018,2,Walking_old_man,Daegu,Jun 30 2018  4:00AM,
,Daegu,2018,4,Walking_old_man,Daegu,Jun 30 2018  4:00AM,
,Daegu,2018,4,Walking_old_man,Daegu,Jun 30 2018  4:00AM,
,Daegu,2018,4,Walking_old_man,Daegu,Jun 30 2018  4:00AM,
,Daegu,2018,4,Walking_old_man,Daegu,Jun 30 2018  4:00AM,
,Daegu,2018,4,Walking_old_man,Daegu,Jun 30 2018  4:00AM,
,Daegu,2018,3,Walking_old_man,Daegu,Jun 30 2018  4:00AM,
,Daegu,2018,3,Walking_old_man,Daegu,Jun 30 2018  4:00AM,
,Daegu,2018,3,Walking_old_man,Daegu,Jun 30 2018  4:00AM,
,Daegu,2018,2,Walking_old_man,Daegu,Jun 30 2018  4:00AM,
,Daegu,2018,5,Walking_old_man,Daegu,Jun 30 2018  4:00AM,
,Daegu,2018,3,Walking_old_man,Daegu,Jun 30 2018  4:00AM,
,Daegu,2018,2,Walking_old_man,Daegu,Jun 30 2018  4:00AM,
,Daegu,2018,4,Walking_old_man,Daegu,Jun 30 2018  4:00AM,
,Daegu,2018,4,Walking_old_man,Daegu,Jun 30 2018  4:00AM,
,Daegu,2018,4,Walking_old_man,Daegu,Jun 30 2018  4:00AM,
,Daegu,2018,3,Walking_old_man,Daegu,Jun 30 2018  4:00AM,
,Daegu,2018,3,Walking_old_man,Daegu,Jun 30 2018  4:00AM,
,Daegu,2018,3,Walking_old_man,Daegu,Jun 30 2018  4:00AM,
,Daegu,2018,3,Walking_old_man,Daegu,Jun 30 2018  4:00AM,
,Daegu,2018,2,Walking_old_man,Daegu,Jun 30 2018  4:00AM,
,Incheon,2018,3,Walking_old_man,Incheon,Jun 30 2018  4:00AM,
,Incheon,2018,3,Walking_old_man,Incheon,Jun 30 2018  4:00AM,
,Incheon,2018,3,Walking_old_man,Incheon,Jun 30 2018  4:00AM,
,Incheon,2018,3,Walking_old_man,Incheon,Jun 30 2018  4:00AM,
,Incheon,2018,2,Walking_old_man,Incheon,Jun 30 2018  4:00AM,
,Incheon,2018,4,Walking_old_man,Incheon,Jun 30 2018  4:00AM,
,Incheon,2018,4,Walking_old_man,Incheon,Jun 30 2018  4:00AM,
,Incheon,2018,4,Walking_old_man,Incheon,Jun 30 2018  4:00AM,
,Incheon,2018,2,Walking_old_man,Incheon,Jun 30 2018  4:00AM,
,Incheon,2018,3,Walking_old_man,Incheon,Jun 30 2018  4:00AM,
,Incheon,2018,2,Walking_old_man,Incheon,Jun 30 2018  4:00AM,
,Incheon,2018,5,Walking_old_man,Incheon,Jun 30 2018  4:00AM,
,Incheon,2018,3,Walking_old_man,Incheon,Jun 30 2018  4:00AM,
,Incheon,2018,4,Walking_old_man,Incheon,Jul 29 2018  5:24AM,
,Incheon,2018,3,Walking_old_man,Incheon,Jul 29 2018  5:24AM,
,Gwangju,2018,5,Walking_old_man,Gwangju,Jul 29 2018  5:24AM,
,Gwangju,2018,4,Walking_old_man,Gwangju,Jul 29 2018  5:24AM,
,Gwangju,2018,4,Walking_old_man,Gwangju,Jul 29 2018  5:24AM,
,Gwangju,2018,3,Walking_old_man,Gwangju,Jul 29 2018  5:24AM,
,Gwangju,2018,9,Walking_old_man,Gwangju,Jul 29 2018  5:24AM,
,Gwangju,2018,5,Walking_old_man,Gwangju,Jul 29 2018  5:24AM,
,Gwangju,2018,5,Walking_old_man,Gwangju,Jul 29 2018  5:24AM,
,Gwangju,2018,4,Walking_old_man,Gwangju,Jul 29 2018  5:24AM,
,Gwangju,2018,3,Walking_old_man,Gwangju,Jul 29 2018  5:24AM,
,Gwangju,2018,3,Walking_old_man,Gwangju,Jul 29 2018  5:24AM,
,Gwangju,2018,5,Walking_old_man,Gwangju,Jul 29 2018  5:24AM,
,Gwangju,2018,4,Walking_old_man,Gwangju,Jul 29 2018  5:24AM,
,Gwangju,2018,3,Walking_old_man,Gwangju,Jul 29 2018  5:24AM,
,Gwangju,2018,2,Walking_old_man,Gwangju,Jul 29 2018  5:24AM,
,Gwangju,2018,8,Walking_old_man,Gwangju,Jul 29 2018  5:24AM,
,Gwangju,2018,4,Walking_old_man,Gwangju,Jul 29 2018  5:24AM,
,Gwangju,2018,4,Walking_old_man,Gwangju,Jul 29 2018  5:24AM,
,Gwangju,2018,2,Walking_old_man,Gwangju,Jul 29 2018  5:24AM,
,Gwangju,2018,4,Walking_old_man,Gwangju,Jul 29 2018  5:24AM,
,Gwangju,2018,2,Walking_old_man,Gwangju,Jul 29 2018  5:24AM,
,Daejeon,2018,5,Walking_old_man,Daejeon,Jul 29 2018  5:24AM,
,Daejeon,2018,4,Walking_old_man,Daejeon,Jul 29 2018  5:24AM,
,Daejeon,2018,3,Walking_old_man,Daejeon,Jul 29 2018  5:24AM,
,Daejeon,2018,3,Walking_old_man,Daejeon,Jul 29 2018  5:24AM,
,Daejeon,2018,3,Walking_old_man,Daejeon,Jul 29 2018  5:24AM,
,Daejeon,2018,2,Walking_old_man,Daejeon,Jul 29 2018  5:24AM,
,Daejeon,2018,3,Walking_old_man,Daejeon,Jul 29 2018  5:24AM,
,Daejeon,2018,3,Walking_old_man,Daejeon,Jul 29 2018  5:24AM,
,Daejeon,2018,3,Walking_old_man,Daejeon,Jul 29 2018  5:24AM,
,Daejeon,2018,2,Walking_old_man,Daejeon,Jul 29 2018  5:24AM,
,Daejeon,2018,4,Walking_old_man,Daejeon,Jul 29 2018  5:24AM,
,Daejeon,2018,4,Walking_old_man,Daejeon,Jul 29 2018  5:24AM,
,Daejeon,2018,3,Walking_old_man,Daejeon,Jul 29 2018  5:24AM,
,Ulsan,2018,3,Walking_old_man,Ulsan,Jul 29 2018  5:24AM,
,Ulsan,2018,3,Walking_old_man,Ulsan,Jul 29 2018  5:24AM,
,Ulsan,2018,3,Walking_old_man,Ulsan,Jul 29 2018  5:24AM,
,Ulsan,2018,2,Walking_old_man,Ulsan,Jul 29 2018  5:24AM,
,Ulsan,2018,3,Walking_old_man,Ulsan,Jul 29 2018  5:24AM,
,Sejong,2018,4,Walking_old_man,Sejong,Jul 29 2018  5:24AM,
,Gyeonggi,2018,6,Walking_old_man,Gyeonggi,Jul 29 2018  5:24AM,
,Gyeonggi,2018,5,Walking_old_man,Gyeonggi,Jul 29 2018  5:24AM,
,Gyeonggi,2018,4,Walking_old_man,Gyeonggi,Jul 29 2018  5:24AM,
,Gyeonggi,2018,3,Walking_old_man,Gyeonggi,Jul 29 2018  5:24AM,
,Gyeonggi,2018,3,Walking_old_man,Gyeonggi,Jul 29 2018  5:24AM,
,Gyeonggi,2018,2,Walking_old_man,Gyeonggi,Jul 29 2018  5:24AM,
,Gyeonggi,2018,3,Walking_old_man,Gyeonggi,Jul 29 2018  5:24AM,
,Gyeonggi,2018,6,Walking_old_man,Gyeonggi,Jul 29 2018  5:24AM,
,Gyeonggi,2018,5,Walking_old_man,Gyeonggi,Jul 29 2018  5:24AM,
,Gyeonggi,2018,5,Walking_old_man,Gyeonggi,Jul 29 2018  5:24AM,
,Gyeonggi,2018,4,Walking_old_man,Gyeonggi,Aug 28 2018 12:27AM,
,Gyeonggi,2018,3,Walking_old_man,Gyeonggi,Aug 28 2018 12:27AM,
,Gyeonggi,2018,3,Walking_old_man,Gyeonggi,Aug 28 2018 12:27AM,
,Gyeonggi,2018,4,Walking_old_man,Gyeonggi,Aug 28 2018 12:27AM,
,Gyeonggi,2018,4,Walking_old_man,Gyeonggi,Aug 28 2018 12:27AM,
,Gyeonggi,2018,4,Walking_old_man,Gyeonggi,Aug 28 2018 12:27AM,
,Gyeonggi,2018,3,Walking_old_man,Gyeonggi,Aug 28 2018 12:27AM,
,Gyeonggi,2018,8,Walking_old_man,Gyeonggi,Aug 28 2018 12:27AM,
,Gyeonggi,2018,3,Walking_old_man,Gyeonggi,Aug 28 2018 12:27AM,
,Gyeonggi,2018,8,Walking_old_man,Gyeonggi,Aug 28 2018 12:27AM,
,Gyeonggi,2018,6,Walking_old_man,Gyeonggi,Aug 28 2018 12:27AM,
,Gyeonggi,2018,5,Walking_old_man,Gyeonggi,Aug 28 2018 12:27AM,
,Gyeonggi,2018,8,Walking_old_man,Gyeonggi,Aug 28 2018 12:27AM,
,Gyeonggi,2018,4,Walking_old_man,Gyeonggi,Aug 28 2018 12:27AM,
,Gyeonggi,2018,4,Walking_old_man,Gyeonggi,Aug 28 2018 12:27AM,
,Gyeonggi,2018,3,Walking_old_man,Gyeonggi,Aug 28 2018 12:27AM,
,Gyeonggi,2018,3,Walking_old_man,Gyeonggi,Aug 28 2018 12:27AM,
,Gyeonggi,2018,7,Walking_old_man,Gyeonggi,Aug 28 2018 12:27AM,
,Gyeonggi,2018,5,Walking_old_man,Gyeonggi,Aug 28 2018 12:27AM,
,Gyeonggi,2018,4,Walking_old_man,Gyeonggi,Aug 28 2018 12:27AM,
,Gyeonggi,2018,5,Walking_old_man,Gyeonggi,Aug 28 2018 12:27AM,
,Gyeonggi,2018,5,Walking_old_man,Gyeonggi,Aug 28 2018 12:27AM,
,Gyeonggi,2018,4,Walking_old_man,Gyeonggi,Aug 28 2018 12:27AM,
,Gyeonggi,2018,3,Walking_old_man,Gyeonggi,Aug 28 2018 12:27AM,
,Gyeonggi,2018,3,Walking_old_man,Gyeonggi,Aug 28 2018 12:27AM,
,Gyeonggi,2018,3,Walking_old_man,Gyeonggi,Aug 28 2018 12:27AM,
,Gyeonggi,2018,5,Walking_old_man,Gyeonggi,Aug 28 2018 12:27AM,
,Gyeonggi,2018,4,Walking_old_man,Gyeonggi,Aug 28 2018 12:27AM,
,Gyeonggi,2018,3,Walking_old_man,Gyeonggi,Aug 28 2018 12:27AM,
,Gyeonggi,2018,5,Walking_old_man,Gyeonggi,Aug 28 2018 12:27AM,
,Gyeonggi,2018,4,Walking_old_man,Gyeonggi,Aug 28 2018 12:27AM,
,Gyeonggi,2018,3,Walking_old_man,Gyeonggi,Aug 28 2018 12:27AM,
,Gyeonggi,2018,3,Walking_old_man,Gyeonggi,Aug 28 2018 12:27AM,
,Gyeonggi,2018,5,Walking_old_man,Gyeonggi,Aug 28 2018 12:27AM,
,Gyeonggi,2018,3,Walking_old_man,Gyeonggi,Aug 28 2018 12:27AM,
,Gyeonggi,2018,3,Walking_old_man,Gyeonggi,Aug 28 2018 12:27AM,
,Gyeonggi,2018,4,Walking_old_man,Gyeonggi,Aug 28 2018 12:27AM,
,Gyeonggi,2018,3,Walking_old_man,Gyeonggi,Aug 28 2018 12:27AM,
,Gyeonggi,2018,6,Walking_old_man,Gyeonggi,Aug 28 2018 12:27AM,
,Gyeonggi,2018,3,Walking_old_man,Gyeonggi,Aug 28 2018 12:27AM,
,Gyeonggi,2018,3,Walking_old_man,Gyeonggi,Aug 28 2018 12:27AM,
,Gyeonggi,2018,3,Walking_old_man,Gyeonggi,Aug 28 2018 12:27AM,
,Gyeonggi,2018,3,Walking_old_man,Gyeonggi,Aug 28 2018 12:27AM,
,Gyeonggi,2018,5,Walking_old_man,Gyeonggi,Aug 28 2018 12:27AM,
,Gyeonggi,2018,6,Walking_old_man,Gyeonggi,Aug 28 2018 12:27AM,
,Gyeonggi,2018,5,Walking_old_man,Gyeonggi,Aug 28 2018 12:27AM,
,Gyeonggi,2018,3,Walking_old_man,Gyeonggi,Aug 28 2018 12:27AM,
,Gyeonggi,2018,7,Walking_old_man,Gyeonggi,Aug 28 2018 12:27AM,
,Gyeonggi,2018,6,Walking_old_man,Gyeonggi,Aug 28 2018 12:27AM,
,Gyeonggi,2018,4,Walking_old_man,Gyeonggi,Aug 28 2018 12:27AM,
,Gyeonggi,2018,4,Walking_old_man,Gyeonggi,Aug 28 2018 12:27AM,
,Gyeonggi,2018,3,Walking_old_man,Gyeonggi,Aug 28 2018 12:27AM,
,Gyeonggi,2018,6,Walking_old_man,Gyeonggi,Aug 28 2018 12:27AM,
,Gyeonggi,2018,3,Walking_old_man,Gyeonggi,Aug 28 2018 12:27AM,
,Gyeonggi,2018,5,Walking_old_man,Gyeonggi,Aug 28 2018 12:27AM,
,Gyeonggi,2018,5,Walking_old_man,Gyeonggi,Aug 28 2018 12:27AM,
,Gyeonggi,2018,3,Walking_old_man,Gyeonggi,Aug 28 2018 12:27AM,
,Gyeonggi,2018,3,Walking_old_man,Gyeonggi,Aug 28 2018 12:27AM,
,Gyeonggi,2018,3,Walking_old_man,Gyeonggi,Aug 28 2018 12:27AM,
,Gyeonggi,2018,5,Walking_old_man,Gyeonggi,Aug 28 2018 12:27AM,
,Gyeonggi,2018,4,Walking_old_man,Gyeonggi,Aug 28 2018 12:27AM,
,Gyeonggi,2018,3,Walking_old_man,Gyeonggi,Aug 28 2018 12:27AM,
,Gyeonggi,2018,3,Walking_old_man,Gyeonggi,Aug 28 2018 12:27AM,
,Gyeonggi,2018,3,Walking_old_man,Gyeonggi,Aug 28 2018 12:27AM,
,Gyeonggi,2018,3,Walking_old_man,Gyeonggi,Aug 28 2018 12:27AM,
,Gyeonggi,2018,3,Walking_old_man,Gyeonggi,Aug 28 2018 12:27AM,
,Gyeonggi,2018,4,Walking_old_man,Gyeonggi,Aug 28 2018 12:27AM,
,Gyeonggi,2018,3,Walking_old_man,Gyeonggi,Aug 28 2018 12:27AM,
,Gyeonggi,2018,8,Walking_old_man,Gyeonggi,Aug 28 2018 12:27AM,
,Gyeonggi,2018,4,Walking_old_man,Gyeonggi,Aug 28 2018 12:27AM,
,Gyeonggi,2018,3,Walking_old_man,Gyeonggi,Aug 28 2018 12:27AM,
,Gyeonggi,2018,4,Walking_old_man,Gyeonggi,Aug 28 2018 12:27AM,
,Gyeonggi,2018,3,Walking_old_man,Gyeonggi,Aug 28 2018 12:27AM,
,Gyeonggi,2018,5,Walking_old_man,Gyeonggi,Aug 28 2018 12:27AM,
,Gyeonggi,2018,4,Walking_old_man,Gyeonggi,Aug 28 2018 12:27AM,
,Gyeonggi,2018,4,Walking_old_man,Gyeonggi,Aug 28 2018 12:27AM,
,Gyeonggi,2018,2,Walking_old_man,Gyeonggi,Aug 28 2018 12:27AM,
,Gyeonggi,2018,5,Walking_old_man,Gyeonggi,Aug 28 2018 12:27AM,
,Gyeonggi,2018,4,Walking_old_man,Gyeonggi,Aug 28 2018 12:27AM,
,Gyeonggi,2018,4,Walking_old_man,Gyeonggi,Aug 28 2018 12:27AM,
,Gyeonggi,2018,4,Walking_old_man,Gyeonggi,Aug 28 2018 12:27AM,
,Gyeonggi,2018,4,Walking_old_man,Gyeonggi,Aug 28 2018 12:27AM,
,Gyeonggi,2018,3,Walking_old_man,Gyeonggi,Aug 28 2018 12:27AM,
,Gyeonggi,2018,4,Walking_old_man,Gyeonggi,Aug 28 2018 12:27AM,
,Gangwon,2018,5,Walking_old_man,Gangwon,Aug 28 2018 12:27AM,
,Gangwon,2018,3,Walking_old_man,Gangwon,Aug 28 2018 12:27AM,
,Gangwon,2018,5,Walking_old_man,Gangwon,Aug 28 2018 12:27AM,
,Gangwon,2018,5,Walking_old_man,Gangwon,Aug 28 2018 12:27AM,
,Gangwon,2018,5,Walking_old_man,Gangwon,Aug 28 2018 12:27AM,
,Gangwon,2018,7,Walking_old_man,Gangwon,Aug 28 2018 12:27AM,
,Gangwon,2018,3,Walking_old_man,Gangwon,Aug 28 2018 12:27AM,
,Gangwon,2018,3,Walking_old_man,Gangwon,Aug 28 2018 12:27AM,
,Gangwon,2018,4,Walking_old_man,Gangwon,Aug 28 2018 12:27AM,
,Gangwon,2018,5,Walking_old_man,Gangwon,Aug 28 2018 12:27AM,
,Gangwon,2018,3,Walking_old_man,Gangwon,Aug 28 2018 12:27AM,
,Gangwon,2018,4,Walking_old_man,Gangwon,Aug 28 2018 12:27AM,
,Gangwon,2018,3,Walking_old_man,Gangwon,Aug 28 2018 12:27AM,
,Gangwon,2018,5,Walking_old_man,Gangwon,Aug 28 2018 12:27AM,
,Gangwon,2018,3,Walking_old_man,Gangwon,Aug 28 2018 12:27AM,
,Chungcheongbukdo,2018,9,Walking_old_man,Chungcheongbukdo,Aug 28 2018 12:27AM,
,Chungcheongbukdo,2018,5,Walking_old_man,Chungcheongbukdo,Aug 28 2018 12:27AM,
,Chungcheongbukdo,2018,4,Walking_old_man,Chungcheongbukdo,Aug 28 2018 12:27AM,
,Chungcheongbukdo,2018,2,Walking_old_man,Chungcheongbukdo,Aug 28 2018 12:27AM,
,Chungcheongbukdo,2018,3,Walking_old_man,Chungcheongbukdo,Aug 28 2018 12:27AM,
,Chungcheongbukdo,2018,3,Walking_old_man,Chungcheongbukdo,Aug 28 2018 12:27AM,
,Chungcheongbukdo,2018,6,Walking_old_man,Chungcheongbukdo,Aug 28 2018 12:27AM,
,Chungcheongbukdo,2018,3,Walking_old_man,Chungcheongbukdo,Aug 28 2018 12:27AM,
,Chungcheongbukdo,2018,3,Walking_old_man,Chungcheongbukdo,Aug 28 2018 12:27AM,
,Chungcheongbukdo,2018,3,Walking_old_man,Chungcheongbukdo,Aug 28 2018 12:27AM,
,Chungcheongbukdo,2018,7,Walking_old_man,Chungcheongbukdo,Aug 28 2018 12:27AM,
,Chungcheongbukdo,2018,5,Walking_old_man,Chungcheongbukdo,Aug 28 2018 12:27AM,
,Chungcheongbukdo,2018,4,Walking_old_man,Chungcheongbukdo,Aug 28 2018 12:27AM,
,Chungcheongbukdo,2018,4,Walking_old_man,Chungcheongbukdo,Aug 28 2018 12:27AM,
,Chungcheongbukdo,2018,4,Walking_old_man,Chungcheongbukdo,Aug 28 2018 12:27AM,
,Chungcheongbukdo,2018,3,Walking_old_man,Chungcheongbukdo,Aug 28 2018 12:27AM,
,Chungcheongbukdo,2018,4,Walking_old_man,Chungcheongbukdo,Aug 28 2018 12:27AM,
,Chungcheongbukdo,2018,5,Walking_old_man,Chungcheongbukdo,Aug 28 2018 12:27AM,
,Chungcheongbukdo,2018,4,Walking_old_man,Chungcheongbukdo,Aug 28 2018 12:27AM,
,Chungcheongbukdo,2018,3,Walking_old_man,Chungcheongbukdo,Aug 28 2018 12:27AM,
,Chungcheongnamdo,2018,5,Walking_old_man,Chungcheongnamdo,Aug 28 2018 12:27AM,
,Chungcheongnamdo,2018,4,Walking_old_man,Chungcheongnamdo,Aug 28 2018 12:27AM,
,Chungcheongnamdo,2018,3,Walking_old_man,Chungcheongnamdo,Aug 28 2018 12:27AM,
,Chungcheongnamdo,2018,3,Walking_old_man,Chungcheongnamdo,Aug 28 2018 12:27AM,
,Chungcheongnamdo,2018,2,Walking_old_man,Chungcheongnamdo,Aug 28 2018 12:27AM,
,Chungcheongnamdo,2018,5,Walking_old_man,Chungcheongnamdo,Aug 28 2018 12:27AM,
,Chungcheongnamdo,2018,5,Walking_old_man,Chungcheongnamdo,Aug 28 2018 12:27AM,
,Chungcheongnamdo,2018,4,Walking_old_man,Chungcheongnamdo,Aug 28 2018 12:27AM,
,Chungcheongnamdo,2018,8,Walking_old_man,Chungcheongnamdo,Aug 28 2018 12:27AM,
,Chungcheongnamdo,2018,5,Walking_old_man,Chungcheongnamdo,Aug 28 2018 12:27AM,
,Chungcheongnamdo,2018,5,Walking_old_man,Chungcheongnamdo,Aug 28 2018 12:27AM,
,Chungcheongnamdo,2018,4,Walking_old_man,Chungcheongnamdo,Aug 28 2018 12:27AM,
,Chungcheongnamdo,2018,3,Walking_old_man,Chungcheongnamdo,Aug 28 2018 12:27AM,
,Chungcheongnamdo,2018,3,Walking_old_man,Chungcheongnamdo,Aug 28 2018 12:27AM,
,Chungcheongnamdo,2018,2,Walking_old_man,Chungcheongnamdo,Aug 28 2018 12:27AM,
,Chungcheongnamdo,2018,4,Walking_old_man,Chungcheongnamdo,Aug 28 2018 12:27AM,
,Chungcheongnamdo,2018,9,Walking_old_man,Chungcheongnamdo,Aug 28 2018 12:27AM,
,Chungcheongnamdo,2018,3,Walking_old_man,Chungcheongnamdo,Aug 28 2018 12:27AM,
,Chungcheongnamdo,2018,2,Walking_old_man,Chungcheongnamdo,Aug 28 2018 12:27AM,
,Chungcheongnamdo,2018,3,Walking_old_man,Chungcheongnamdo,Aug 28 2018 12:27AM,
,Chungcheongnamdo,2018,4,Walking_old_man,Chungcheongnamdo,Aug 28 2018 12:27AM,
,Chungcheongnamdo,2018,3,Walking_old_man,Chungcheongnamdo,Aug 28 2018 12:27AM,
,Chungcheongnamdo,2018,7,Walking_old_man,Chungcheongnamdo,Aug 28 2018 12:27AM,
,Chungcheongnamdo,2018,3,Walking_old_man,Chungcheongnamdo,Aug 28 2018 12:27AM,
,Jeollabukdo,2018,4,Walking_old_man,Jeollabukdo,Aug 28 2018 12:27AM,
,Jeollabukdo,2018,3,Walking_old_man,Jeollabukdo,Aug 28 2018 12:27AM,
,Jeollabukdo,2018,3,Walking_old_man,Jeollabukdo,Aug 28 2018 12:27AM,
,Jeollabukdo,2018,4,Walking_old_man,Jeollabukdo,Aug 28 2018 12:27AM,
,Jeollabukdo,2018,3,Walking_old_man,Jeollabukdo,Aug 28 2018 12:27AM,
,Jeollabukdo,2018,4,Walking_old_man,Jeollabukdo,Aug 28 2018 12:27AM,
,Jeollabukdo,2018,4,Walking_old_man,Jeollabukdo,Aug 28 2018 12:27AM,
,Jeollabukdo,2018,4,Walking_old_man,Jeollabukdo,Aug 28 2018 12:27AM,
,Jeollabukdo,2018,3,Walking_old_man,Jeollabukdo,Aug 28 2018 12:27AM,
,Jeollabukdo,2018,3,Walking_old_man,Jeollabukdo,Aug 28 2018 12:27AM,
,Jeollabukdo,2018,4,Walking_old_man,Jeollabukdo,Aug 28 2018 12:27AM,
,Jeollabukdo,2018,3,Walking_old_man,Jeollabukdo,Aug 28 2018 12:27AM,
,Jeollabukdo,2018,3,Walking_old_man,Jeollabukdo,Aug 28 2018 12:27AM,
,Jeollabukdo,2018,3,Walking_old_man,Jeollabukdo,Aug 28 2018 12:27AM,
,Jeollabukdo,2018,6,Walking_old_man,Jeollabukdo,Aug 28 2018 12:27AM,
,Jeollabukdo,2018,4,Walking_old_man,Jeollabukdo,Aug 28 2018 12:27AM,
,Jeollabukdo,2018,7,Walking_old_man,Jeollabukdo,Aug 28 2018 12:27AM,
,Jeollabukdo,2018,4,Walking_old_man,Jeollabukdo,Aug 28 2018 12:27AM,
,Jeollanamdo,2018,5,Walking_old_man,Jeollanamdo,Aug 28 2018 12:27AM,
,Jeollanamdo,2018,3,Walking_old_man,Jeollanamdo,Aug 28 2018 12:27AM,
,Jeollanamdo,2018,3,Walking_old_man,Jeollanamdo,Aug 28 2018 12:27AM,
,Jeollanamdo,2018,3,Walking_old_man,Jeollanamdo,Aug 28 2018 12:27AM,
,Jeollanamdo,2018,2,Walking_old_man,Jeollanamdo,Aug 28 2018 12:27AM,
,Jeollanamdo,2018,2,Walking_old_man,Jeollanamdo,Aug 28 2018 12:27AM,
,Jeollanamdo,2018,11,Walking_old_man,Jeollanamdo,Aug 28 2018 12:27AM,
,Jeollanamdo,2018,5,Walking_old_man,Jeollanamdo,Aug 28 2018 12:27AM,
,Jeollanamdo,2018,5,Walking_old_man,Jeollanamdo,Aug 28 2018 12:27AM,
,Jeollanamdo,2018,4,Walking_old_man,Jeollanamdo,Aug 28 2018 12:27AM,
,Jeollanamdo,2018,3,Walking_old_man,Jeollanamdo,Aug 28 2018 12:27AM,
,Jeollanamdo,2018,7,Walking_old_man,Jeollanamdo,Aug 28 2018 12:27AM,
,Jeollanamdo,2018,6,Walking_old_man,Jeollanamdo,Aug 28 2018 12:27AM,
,Jeollanamdo,2018,4,Walking_old_man,Jeollanamdo,Aug 28 2018 12:27AM,
,Jeollanamdo,2018,3,Walking_old_man,Jeollanamdo,Aug 28 2018 12:27AM,
,Jeollanamdo,2018,3,Walking_old_man,Jeollanamdo,Aug 28 2018 12:27AM,
,Jeollanamdo,2018,3,Walking_old_man,Jeollanamdo,Aug 28 2018 12:27AM,
,Jeollanamdo,2018,3,Walking_old_man,Jeollanamdo,Aug 28 2018 12:27AM,
,Jeollanamdo,2018,3,Walking_old_man,Jeollanamdo,Aug 28 2018 12:27AM,
,Jeollanamdo,2018,4,Walking_old_man,Jeollanamdo,Aug 28 2018 12:27AM,
,Jeollanamdo,2018,3,Walking_old_man,Jeollanamdo,Aug 28 2018 12:27AM,
,Jeollanamdo,2018,3,Walking_old_man,Jeollanamdo,Aug 28 2018 12:27AM,
,Jeollanamdo,2018,3,Walking_old_man,Jeollanamdo,Aug 28 2018 12:27AM,
,Jeollanamdo,2018,3,Walking_old_man,Jeollanamdo,Aug 28 2018 12:27AM,
,Jeollanamdo,2018,6,Walking_old_man,Jeollanamdo,Aug 28 2018 12:27AM,
,Jeollanamdo,2018,3,Walking_old_man,Jeollanamdo,Aug 28 2018 12:27AM,
,Gyeongsangbukdo,2018,5,Walking_old_man,Gyeongsangbukdo,Aug 28 2018 12:27AM,
,Gyeongsangbukdo,2018,3,Walking_old_man,Gyeongsangbukdo,Aug 28 2018 12:27AM,
,Gyeongsangbukdo,2018,3,Walking_old_man,Gyeongsangbukdo,Aug 28 2018 12:27AM,
,Gyeongsangbukdo,2018,6,Walking_old_man,Gyeongsangbukdo,Aug 28 2018 12:27AM,
,Gyeongsangbukdo,2018,5,Walking_old_man,Gyeongsangbukdo,Aug 28 2018 12:27AM,
,Gyeongsangbukdo,2018,3,Walking_old_man,Gyeongsangbukdo,Aug 28 2018 12:27AM,
,Gyeongsangbukdo,2018,7,Walking_old_man,Gyeongsangbukdo,Aug 28 2018 12:27AM,
,Gyeongsangbukdo,2018,4,Walking_old_man,Gyeongsangbukdo,Aug 28 2018 12:27AM,
,Gyeongsangbukdo,2018,2,Walking_old_man,Gyeongsangbukdo,Aug 28 2018 12:27AM,
,Gyeongsangbukdo,2018,6,Walking_old_man,Gyeongsangbukdo,Aug 28 2018 12:27AM,
,Gyeongsangbukdo,2018,4,Walking_old_man,Gyeongsangbukdo,Aug 28 2018 12:27AM,
,Gyeongsangbukdo,2018,2,Walking_old_man,Gyeongsangbukdo,Aug 28 2018 12:27AM,
,Gyeongsangbukdo,2018,3,Walking_old_man,Gyeongsangbukdo,Aug 28 2018 12:27AM,
,Gyeongsangbukdo,2018,7,Walking_old_man,Gyeongsangbukdo,Aug 28 2018 12:27AM,
,Gyeongsangbukdo,2018,3,Walking_old_man,Gyeongsangbukdo,Aug 28 2018 12:27AM,
,Gyeongsangbukdo,2018,3,Walking_old_man,Gyeongsangbukdo,Aug 28 2018 12:27AM,
,Gyeongsangbukdo,2018,7,Walking_old_man,Gyeongsangbukdo,Aug 28 2018 12:27AM,
,Gyeongsangbukdo,2018,4,Walking_old_man,Gyeongsangbukdo,Aug 28 2018 12:27AM,
,Gyeongsangbukdo,2018,3,Walking_old_man,Gyeongsangbukdo,Aug 28 2018 12:27AM,
,Gyeongsangbukdo,2018,3,Walking_old_man,Gyeongsangbukdo,Aug 28 2018 12:27AM,
,Gyeongsangbukdo,2018,3,Walking_old_man,Gyeongsangbukdo,Aug 28 2018 12:27AM,
,Gyeongsangbukdo,2018,4,Walking_old_man,Gyeongsangbukdo,Aug 28 2018 12:27AM,
,Gyeongsangbukdo,2018,4,Walking_old_man,Gyeongsangbukdo,Aug 28 2018 12:27AM,
,Gyeongsangbukdo,2018,3,Walking_old_man,Gyeongsangbukdo,Aug 28 2018 12:27AM,
,Gyeongsangbukdo,2018,3,Walking_old_man,Gyeongsangbukdo,Aug 28 2018 12:27AM,
,Gyeongsangbukdo,2018,3,Walking_old_man,Gyeongsangbukdo,Aug 28 2018 12:27AM,
,Gyeongsangbukdo,2018,2,Walking_old_man,Gyeongsangbukdo,Aug 28 2018 12:27AM,
,Gyeongsangbukdo,2018,3,Walking_old_man,Gyeongsangbukdo,Aug 28 2018 12:27AM,
,Gyeongsangbukdo,2018,4,Walking_old_man,Gyeongsangbukdo,Aug 28 2018 12:27AM,
,Gyeongsangbukdo,2018,3,Walking_old_man,Gyeongsangbukdo,Aug 28 2018 12:27AM,
,Gyeongsangbukdo,2018,4,Walking_old_man,Gyeongsangbukdo,Aug 28 2018 12:27AM,
,Gyeongsangnamdo,2018,5,Walking_old_man,Gyeongsangnamdo,Aug 28 2018 12:27AM,
,Gyeongsangnamdo,2018,4,Walking_old_man,Gyeongsangnamdo,Aug 28 2018 12:27AM,
,Gyeongsangnamdo,2018,3,Walking_old_man,Gyeongsangnamdo,Aug 28 2018 12:27AM,
,Gyeongsangnamdo,2018,5,Walking_old_man,Gyeongsangnamdo,Aug 28 2018 12:27AM,
,Gyeongsangnamdo,2018,3,Walking_old_man,Gyeongsangnamdo,Aug 28 2018 12:27AM,
,Gyeongsangnamdo,2018,3,Walking_old_man,Gyeongsangnamdo,Aug 28 2018 12:27AM,
,Gyeongsangnamdo,2018,4,Walking_old_man,Gyeongsangnamdo,Aug 28 2018 12:27AM,
,Gyeongsangnamdo,2018,4,Walking_old_man,Gyeongsangnamdo,Aug 28 2018 12:27AM,
,Gyeongsangnamdo,2018,3,Walking_old_man,Gyeongsangnamdo,Aug 28 2018 12:27AM,
,Gyeongsangnamdo,2018,5,Walking_old_man,Gyeongsangnamdo,Aug 28 2018 12:27AM,
,Gyeongsangnamdo,2018,3,Walking_old_man,Gyeongsangnamdo,Aug 28 2018 12:27AM,
,Gyeongsangnamdo,2018,11,Walking_old_man,Gyeongsangnamdo,Aug 28 2018 12:27AM,
,Gyeongsangnamdo,2018,8,Walking_old_man,Gyeongsangnamdo,Aug 28 2018 12:27AM,
,Gyeongsangnamdo,2018,3,Walking_old_man,Gyeongsangnamdo,Aug 28 2018 12:27AM,
,Gyeongsangnamdo,2018,2,Walking_old_man,Gyeongsangnamdo,Aug 28 2018 12:27AM,
,Gyeongsangnamdo,2018,6,Walking_old_man,Gyeongsangnamdo,Aug 28 2018 12:27AM,
,Gyeongsangnamdo,2018,3,Walking_old_man,Gyeongsangnamdo,Aug 28 2018 12:27AM,
,Gyeongsangnamdo,2018,5,Walking_old_man,Gyeongsangnamdo,Aug 28 2018 12:27AM,
,Gyeongsangnamdo,2018,3,Walking_old_man,Gyeongsangnamdo,Aug 28 2018 12:27AM,
,Gyeongsangnamdo,2018,3,Walking_old_man,Gyeongsangnamdo,Aug 28 2018 12:27AM,
,Gyeongsangnamdo,2018,3,Walking_old_man,Gyeongsangnamdo,Aug 28 2018 12:27AM,
,Gyeongsangnamdo,2018,2,Walking_old_man,Gyeongsangnamdo,Aug 28 2018 12:27AM,
,Gyeongsangnamdo,2018,3,Walking_old_man,Gyeongsangnamdo,Aug 28 2018 12:27AM,
,Gyeongsangnamdo,2018,3,Walking_old_man,Gyeongsangnamdo,Aug 28 2018 12:27AM,
,Gyeongsangnamdo,2018,3,Walking_old_man,Gyeongsangnamdo,Aug 28 2018 12:27AM,
,Gyeongsangnamdo,2018,3,Walking_old_man,Gyeongsangnamdo,Aug 28 2018 12:27AM,
,Gyeongsangnamdo,2018,3,Walking_old_man,Gyeongsangnamdo,Aug 28 2018 12:27AM,
,Gyeongsangnamdo,2018,2,Walking_old_man,Gyeongsangnamdo,Aug 28 2018 12:27AM,
,Gyeongsangnamdo,2018,3,Walking_old_man,Gyeongsangnamdo,Aug 28 2018 12:27AM,
,Gyeongsangnamdo,2018,3,Walking_old_man,Gyeongsangnamdo,Aug 28 2018 12:27AM,
,Gyeongsangnamdo,2018,5,Walking_old_man,Gyeongsangnamdo,Aug 28 2018 12:27AM,
,Gyeongsangnamdo,2018,4,Walking_old_man,Gyeongsangnamdo,Aug 28 2018 12:27AM,
,Gyeongsangnamdo,2018,5,Walking_old_man,Gyeongsangnamdo,Aug 28 2018 12:27AM,
,Gyeongsangnamdo,2018,3,Walking_old_man,Gyeongsangnamdo,Aug 28 2018 12:27AM,
,Gyeongsangnamdo,2018,3,Walking_old_man,Gyeongsangnamdo,Sep 26 2018  7:24AM,
,Gyeongsangnamdo,2018,5,Walking_old_man,Gyeongsangnamdo,Sep 26 2018  7:24AM,
,Jeju,2018,5,Walking_old_man,Jeju,Sep 26 2018  7:24AM,
,Jeju,2018,4,Walking_old_man,Jeju,Sep 26 2018  7:24AM,
,Jeju,2018,6,Walking_old_man,Jeju,Sep 26 2018  7:24AM,
,Jeju,2018,5,Walking_old_man,Jeju,Sep 26 2018  7:24AM,
,Jeju,2018,4,Walking_old_man,Jeju,Sep 26 2018  7:24AM,
,Jeju,2018,3,Walking_old_man,Jeju,Sep 26 2018  7:24AM,
,Jeju,2018,2,Walking_old_man,Jeju,Sep 26 2018  7:24AM,
,Seoul,2018,4,Bicycle,Seoul,Sep 26 2018  7:24AM,
,Seoul,2018,4,Bicycle,Seoul,Sep 26 2018  7:24AM,
,Seoul,2018,4,Bicycle,Seoul,Sep 26 2018  7:24AM,
,Seoul,2018,5,Bicycle,Seoul,Sep 26 2018  7:24AM,
,Seoul,2018,5,Bicycle,Seoul,Sep 26 2018  7:24AM,
,Seoul,2018,4,Bicycle,Seoul,Sep 26 2018  7:24AM,
,Seoul,2018,4,Bicycle,Seoul,Sep 26 2018  7:24AM,
,Seoul,2018,4,Bicycle,Seoul,Sep 26 2018  7:24AM,
,Seoul,2018,7,Bicycle,Seoul,Sep 26 2018  7:24AM,
,Seoul,2018,6,Bicycle,Seoul,Sep 26 2018  7:24AM,
,Seoul,2018,5,Bicycle,Seoul,Sep 26 2018  7:24AM,
,Seoul,2018,5,Bicycle,Seoul,Sep 26 2018  7:24AM,
,Seoul,2018,7,Bicycle,Seoul,Sep 26 2018  7:24AM,
,Seoul,2018,6,Bicycle,Seoul,Sep 26 2018  7:24AM,
,Seoul,2018,6,Bicycle,Seoul,Sep 26 2018  7:24AM,
,Seoul,2018,6,Bicycle,Seoul,Sep 26 2018  7:24AM,
,Seoul,2018,5,Bicycle,Seoul,Sep 26 2018  7:24AM,
,Seoul,2018,5,Bicycle,Seoul,Sep 26 2018  7:24AM,
,Seoul,2018,5,Bicycle,Seoul,Sep 26 2018  7:24AM,
,Seoul,2018,5,Bicycle,Seoul,Sep 26 2018  7:24AM,
,Seoul,2018,4,Bicycle,Seoul,Sep 26 2018  7:24AM,
,Seoul,2018,3,Bicycle,Seoul,Sep 26 2018  7:24AM,
,Seoul,2018,7,Bicycle,Seoul,Sep 26 2018  7:24AM,
,Seoul,2018,5,Bicycle,Seoul,Sep 26 2018  7:24AM,
,Seoul,2018,5,Bicycle,Seoul,Sep 26 2018  7:24AM,
,Seoul,2018,5,Bicycle,Seoul,Sep 26 2018  7:24AM,
,Seoul,2018,4,Bicycle,Seoul,Sep 26 2018  7:24AM,
,Seoul,2018,4,Bicycle,Seoul,Sep 26 2018  7:24AM,
,Seoul,2018,6,Bicycle,Seoul,Sep 26 2018  7:24AM,
,Seoul,2018,5,Bicycle,Seoul,Sep 26 2018  7:24AM,
,Seoul,2018,5,Bicycle,Seoul,Sep 26 2018  7:24AM,
,Seoul,2018,4,Bicycle,Seoul,Sep 26 2018  7:24AM,
,Seoul,2018,4,Bicycle,Seoul,Sep 26 2018  7:24AM,
,Seoul,2018,6,Bicycle,Seoul,Sep 26 2018  7:24AM,
,Seoul,2018,5,Bicycle,Seoul,Sep 26 2018  7:24AM,
,Seoul,2018,5,Bicycle,Seoul,Sep 26 2018  7:24AM,
,Seoul,2018,6,Bicycle,Seoul,Sep 26 2018  7:24AM,
,Seoul,2018,5,Bicycle,Seoul,Sep 26 2018  7:24AM,
,Seoul,2018,5,Bicycle,Seoul,Sep 26 2018  7:24AM,
,Seoul,2018,4,Bicycle,Seoul,Sep 26 2018  7:24AM,
,Seoul,2018,7,Bicycle,Seoul,Sep 26 2018  7:24AM,
,Seoul,2018,5,Bicycle,Seoul,Sep 26 2018  7:24AM,
,Seoul,2018,4,Bicycle,Seoul,Sep 26 2018  7:24AM,
,Seoul,2018,4,Bicycle,Seoul,Sep 26 2018  7:24AM,
,Seoul,2018,4,Bicycle,Seoul,Sep 26 2018  7:24AM,
,Seoul,2018,4,Bicycle,Seoul,Sep 26 2018  7:24AM,
,Seoul,2018,3,Bicycle,Seoul,Sep 26 2018  7:24AM,
,Seoul,2018,7,Bicycle,Seoul,Sep 26 2018  7:24AM,
,Seoul,2018,5,Bicycle,Seoul,Sep 26 2018  7:24AM,
,Seoul,2018,4,Bicycle,Seoul,Sep 26 2018  7:24AM,
,Seoul,2018,4,Bicycle,Seoul,Sep 26 2018  7:24AM,
,Seoul,2018,4,Bicycle,Seoul,Sep 26 2018  7:24AM,
,Seoul,2018,3,Bicycle,Seoul,Sep 26 2018  7:24AM,
,Seoul,2018,5,Bicycle,Seoul,Sep 26 2018  7:24AM,
,Seoul,2018,6,Bicycle,Seoul,Sep 26 2018  7:24AM,
,Seoul,2018,7,Bicycle,Seoul,Sep 26 2018  7:24AM,
,Seoul,2018,5,Bicycle,Seoul,Sep 26 2018  7:24AM,
,Seoul,2018,5,Bicycle,Seoul,Sep 26 2018  7:24AM,
,Seoul,2018,4,Bicycle,Seoul,Sep 26 2018  7:24AM,
,Seoul,2018,4,Bicycle,Seoul,Sep 26 2018  7:24AM,
,Seoul,2018,4,Bicycle,Seoul,Sep 26 2018  7:24AM,
,Seoul,2018,7,Bicycle,Seoul,Sep 26 2018  7:24AM,
,Seoul,2018,4,Bicycle,Seoul,Sep 26 2018  7:24AM,
,Seoul,2018,7,Bicycle,Seoul,Sep 26 2018  7:24AM,
,Seoul,2018,5,Bicycle,Seoul,Sep 26 2018  7:24AM,
,Seoul,2018,4,Bicycle,Seoul,Sep 26 2018  7:24AM,
,Seoul,2018,5,Bicycle,Seoul,Sep 26 2018  7:24AM,
,Seoul,2018,5,Bicycle,Seoul,Sep 26 2018  7:24AM,
,Seoul,2018,8,Bicycle,Seoul,Sep 26 2018  7:24AM,
,Seoul,2018,8,Bicycle,Seoul,Sep 26 2018  7:24AM,
,Seoul,2018,7,Bicycle,Seoul,Sep 26 2018  7:24AM,
,Seoul,2018,7,Bicycle,Seoul,Sep 26 2018  7:24AM,
,Seoul,2018,7,Bicycle,Seoul,Sep 26 2018  7:24AM,
,Seoul,2018,6,Bicycle,Seoul,Sep 26 2018  7:24AM,
,Seoul,2018,6,Bicycle,Seoul,Sep 26 2018  7:24AM,
,Seoul,2018,5,Bicycle,Seoul,Sep 26 2018  7:24AM,
,Seoul,2018,5,Bicycle,Seoul,Sep 26 2018  7:24AM,
,Seoul,2018,4,Bicycle,Seoul,Sep 26 2018  7:24AM,
,Seoul,2018,4,Bicycle,Seoul,Sep 26 2018  7:24AM,
,Seoul,2018,4,Bicycle,Seoul,Sep 26 2018  7:24AM,
,Seoul,2018,4,Bicycle,Seoul,Sep 26 2018  7:24AM,
,Seoul,2018,8,Bicycle,Seoul,Sep 26 2018  7:24AM,
,Seoul,2018,7,Bicycle,Seoul,Sep 26 2018  7:24AM,
,Seoul,2018,6,Bicycle,Seoul,Sep 26 2018  7:24AM,
,Seoul,2018,4,Bicycle,Seoul,Sep 26 2018  7:24AM,
,Seoul,2018,5,Bicycle,Seoul,Sep 26 2018  7:24AM,
,Seoul,2018,3,Bicycle,Seoul,Sep 26 2018  7:24AM,
,Seoul,2018,4,Bicycle,Seoul,Sep 26 2018  7:24AM,
,Seoul,2018,4,Bicycle,Seoul,Sep 26 2018  7:24AM,
,Seoul,2018,4,Bicycle,Seoul,Sep 26 2018  7:24AM,
,Seoul,2018,9,Bicycle,Seoul,Sep 26 2018  7:24AM,
,Seoul,2018,8,Bicycle,Seoul,Sep 26 2018  7:24AM,
,Seoul,2018,7,Bicycle,Seoul,Sep 26 2018  7:24AM,
,Seoul,2018,6,Bicycle,Seoul,Sep 26 2018  7:24AM,
,Seoul,2018,6,Bicycle,Seoul,Sep 26 2018  7:24AM,
,Seoul,2018,5,Bicycle,Seoul,Sep 26 2018  7:24AM,
,Seoul,2018,5,Bicycle,Seoul,Sep 26 2018  7:24AM,
,Seoul,2018,5,Bicycle,Seoul,Sep 26 2018  7:24AM,
,Seoul,2018,5,Bicycle,Seoul,Sep 26 2018  7:24AM,
,Seoul,2018,5,Bicycle,Seoul,Sep 26 2018  7:24AM,
,Seoul,2018,4,Bicycle,Seoul,Sep 26 2018  7:24AM,
,Seoul,2018,4,Bicycle,Seoul,Sep 26 2018  7:24AM,
,Seoul,2018,4,Bicycle,Seoul,Sep 26 2018  7:24AM,
,Seoul,2018,4,Bicycle,Seoul,Sep 26 2018  7:24AM,
,Seoul,2018,4,Bicycle,Seoul,Sep 26 2018  7:24AM,
,Seoul,2018,4,Bicycle,Seoul,Sep 26 2018  7:24AM,
,Seoul,2018,4,Bicycle,Seoul,Sep 26 2018  7:24AM,
,Seoul,2018,4,Bicycle,Seoul,Sep 26 2018  7:24AM,
,Seoul,2018,4,Bicycle,Seoul,Sep 26 2018  7:24AM,
,Seoul,2018,4,Bicycle,Seoul,Sep 26 2018  7:24AM,
,Seoul,2018,4,Bicycle,Seoul,Sep 26 2018  7:24AM,
,Seoul,2018,4,Bicycle,Seoul,Sep 26 2018  7:24AM,
,Seoul,2018,7,Bicycle,Seoul,Sep 26 2018  7:24AM,
,Seoul,2018,7,Bicycle,Seoul,Sep 26 2018  7:24AM,
,Seoul,2018,5,Bicycle,Seoul,Sep 26 2018  7:24AM,
,Seoul,2018,4,Bicycle,Seoul,Sep 26 2018  7:24AM,
,Seoul,2018,4,Bicycle,Seoul,Sep 26 2018  7:24AM,
,Busan,2018,5,Bicycle,Busan,Sep 26 2018  7:24AM,
,Busan,2018,4,Bicycle,Busan,Sep 26 2018  7:24AM,
,Busan,2018,4,Bicycle,Busan,Sep 26 2018  7:24AM,
,Busan,2018,4,Bicycle,Busan,Sep 26 2018  7:24AM,
,Busan,2018,4,Bicycle,Busan,Sep 26 2018  7:24AM,
,Busan,2018,4,Bicycle,Busan,Sep 26 2018  7:24AM,
,Daegu,2018,6,Bicycle,Daegu,Sep 26 2018  7:24AM,
,Daegu,2018,5,Bicycle,Daegu,Sep 26 2018  7:24AM,
,Daegu,2018,5,Bicycle,Daegu,Sep 26 2018  7:24AM,
,Daegu,2018,5,Bicycle,Daegu,Sep 26 2018  7:24AM,
,Daegu,2018,4,Bicycle,Daegu,Sep 26 2018  7:24AM,
,Daegu,2018,4,Bicycle,Daegu,Sep 26 2018  7:24AM,
,Daegu,2018,6,Bicycle,Daegu,Sep 26 2018  7:24AM,
,Daegu,2018,5,Bicycle,Daegu,Sep 26 2018  7:24AM,
,Daegu,2018,5,Bicycle,Daegu,Sep 26 2018  7:24AM,
,Daegu,2018,5,Bicycle,Daegu,Sep 26 2018  7:24AM,
,Daegu,2018,4,Bicycle,Daegu,Sep 26 2018  7:24AM,
,Daegu,2018,7,Bicycle,Daegu,Sep 26 2018  7:24AM,
,Daegu,2018,7,Bicycle,Daegu,Sep 26 2018  7:24AM,
,Daegu,2018,6,Bicycle,Daegu,Sep 26 2018  7:24AM,
,Daegu,2018,6,Bicycle,Daegu,Sep 26 2018  7:24AM,
,Daegu,2018,5,Bicycle,Daegu,Sep 26 2018  7:24AM,
,Daegu,2018,5,Bicycle,Daegu,Sep 26 2018  7:24AM,
,Daegu,2018,4,Bicycle,Daegu,Sep 26 2018  7:24AM,
,Daegu,2018,4,Bicycle,Daegu,Sep 26 2018  7:24AM,
,Daegu,2018,4,Bicycle,Daegu,Sep 26 2018  7:24AM,
,Daegu,2018,4,Bicycle,Daegu,Sep 26 2018  7:24AM,
,Daegu,2018,4,Bicycle,Daegu,Sep 26 2018  7:24AM,
,Daegu,2018,7,Bicycle,Daegu,Sep 26 2018  7:24AM,
,Daegu,2018,7,Bicycle,Daegu,Sep 26 2018  7:24AM,
,Daegu,2018,6,Bicycle,Daegu,Sep 26 2018  7:24AM,
,Daegu,2018,5,Bicycle,Daegu,Sep 26 2018  7:24AM,
,Daegu,2018,5,Bicycle,Daegu,Sep 26 2018  7:24AM,
,Daegu,2018,4,Bicycle,Daegu,Sep 26 2018  7:24AM,
,Daegu,2018,4,Bicycle,Daegu,Sep 26 2018  7:24AM,
,Daegu,2018,4,Bicycle,Daegu,Sep 26 2018  7:24AM,
,Daegu,2018,4,Bicycle,Daegu,Sep 26 2018  7:24AM,
,Daegu,2018,5,Bicycle,Daegu,Sep 26 2018  7:24AM,
,Daegu,2018,5,Bicycle,Daegu,Sep 26 2018  7:24AM,
,Daegu,2018,4,Bicycle,Daegu,Sep 26 2018  7:24AM,
,Daegu,2018,8,Bicycle,Daegu,Sep 26 2018  7:24AM,
,Daegu,2018,7,Bicycle,Daegu,Sep 26 2018  7:24AM,
,Daegu,2018,6,Bicycle,Daegu,Sep 26 2018  7:24AM,
,Daegu,2018,6,Bicycle,Daegu,Sep 26 2018  7:24AM,
,Daegu,2018,5,Bicycle,Daegu,Sep 26 2018  7:24AM,
,Daegu,2018,4,Bicycle,Daegu,Sep 26 2018  7:24AM,
,Daegu,2018,4,Bicycle,Daegu,Sep 26 2018  7:24AM,
,Daegu,2018,4,Bicycle,Daegu,Sep 26 2018  7:24AM,
,Daegu,2018,4,Bicycle,Daegu,Sep 26 2018  7:24AM,
,Daegu,2018,4,Bicycle,Daegu,Sep 26 2018  7:24AM,
,Daegu,2018,4,Bicycle,Daegu,Sep 26 2018  7:24AM,
,Incheon,2018,4,Bicycle,Incheon,Sep 26 2018  7:24AM,
,Gwangju,2018,5,Bicycle,Gwangju,Sep 26 2018  7:24AM,
,Gwangju,2018,4,Bicycle,Gwangju,Sep 26 2018  7:24AM,
,Daejeon,2018,5,Bicycle,Daejeon,Sep 26 2018  7:24AM,
,Daejeon,2018,5,Bicycle,Daejeon,Sep 26 2018  7:24AM,
,Daejeon,2018,4,Bicycle,Daejeon,Sep 26 2018  7:24AM,
,Daejeon,2018,4,Bicycle,Daejeon,Sep 26 2018  7:24AM,
,Daejeon,2018,4,Bicycle,Daejeon,Oct 23 2018 10:24PM,
,Daejeon,2018,5,Bicycle,Daejeon,Oct 23 2018 10:24PM,
,Daejeon,2018,7,Bicycle,Daejeon,Oct 23 2018 10:24PM,
,Daejeon,2018,6,Bicycle,Daejeon,Oct 23 2018 10:24PM,
,Daejeon,2018,6,Bicycle,Daejeon,Oct 23 2018 10:24PM,
,Daejeon,2018,4,Bicycle,Daejeon,Oct 23 2018 10:24PM,
,Daejeon,2018,4,Bicycle,Daejeon,Oct 23 2018 10:24PM,
,Daejeon,2018,5,Bicycle,Daejeon,Oct 23 2018 10:24PM,
,Daejeon,2018,5,Bicycle,Daejeon,Oct 23 2018 10:24PM,
,Daejeon,2018,4,Bicycle,Daejeon,Oct 23 2018 10:24PM,
,Ulsan,2018,6,Bicycle,Ulsan,Oct 23 2018 10:24PM,
,Ulsan,2018,5,Bicycle,Ulsan,Oct 23 2018 10:24PM,
,Ulsan,2018,5,Bicycle,Ulsan,Oct 23 2018 10:24PM,
,Ulsan,2018,4,Bicycle,Ulsan,Oct 23 2018 10:24PM,
,Ulsan,2018,5,Bicycle,Ulsan,Oct 23 2018 10:24PM,
,Ulsan,2018,5,Bicycle,Ulsan,Oct 23 2018 10:24PM,
,Sejong,2018,4,Bicycle,Sejong,Oct 23 2018 10:24PM,
,Gyeonggi,2018,6,Bicycle,Gyeonggi,Oct 23 2018 10:24PM,
,Gyeonggi,2018,5,Bicycle,Gyeonggi,Oct 23 2018 10:24PM,
,Gyeonggi,2018,4,Bicycle,Gyeonggi,Oct 23 2018 10:24PM,
,Gyeonggi,2018,4,Bicycle,Gyeonggi,Oct 23 2018 10:24PM,
,Gyeonggi,2018,4,Bicycle,Gyeonggi,Oct 23 2018 10:24PM,
,Gyeonggi,2018,5,Bicycle,Gyeonggi,Oct 23 2018 10:24PM,
,Gyeonggi,2018,5,Bicycle,Gyeonggi,Oct 23 2018 10:24PM,
,Gyeonggi,2018,7,Bicycle,Gyeonggi,Oct 23 2018 10:24PM,
,Gyeonggi,2018,6,Bicycle,Gyeonggi,Oct 23 2018 10:24PM,
,Gyeonggi,2018,5,Bicycle,Gyeonggi,Oct 23 2018 10:24PM,
,Gyeonggi,2018,4,Bicycle,Gyeonggi,Oct 23 2018 10:24PM,
,Gyeonggi,2018,5,Bicycle,Gyeonggi,Oct 23 2018 10:24PM,
,Gyeonggi,2018,8,Bicycle,Gyeonggi,Oct 23 2018 10:24PM,
,Gyeonggi,2018,4,Bicycle,Gyeonggi,Oct 23 2018 10:24PM,
,Gyeonggi,2018,7,Bicycle,Gyeonggi,Oct 23 2018 10:24PM,
,Gyeonggi,2018,4,Bicycle,Gyeonggi,Oct 23 2018 10:24PM,
,Gyeonggi,2018,4,Bicycle,Gyeonggi,Oct 23 2018 10:24PM,
,Gyeonggi,2018,5,Bicycle,Gyeonggi,Oct 23 2018 10:24PM,
,Gyeonggi,2018,3,Bicycle,Gyeonggi,Oct 23 2018 10:24PM,
,Gyeonggi,2018,6,Bicycle,Gyeonggi,Oct 23 2018 10:24PM,
,Gyeonggi,2018,8,Bicycle,Gyeonggi,Oct 23 2018 10:24PM,
,Gyeonggi,2018,7,Bicycle,Gyeonggi,Oct 23 2018 10:24PM,
,Gyeonggi,2018,7,Bicycle,Gyeonggi,Oct 23 2018 10:24PM,
,Gyeonggi,2018,6,Bicycle,Gyeonggi,Oct 23 2018 10:24PM,
,Gyeonggi,2018,6,Bicycle,Gyeonggi,Oct 23 2018 10:24PM,
,Gyeonggi,2018,6,Bicycle,Gyeonggi,Oct 23 2018 10:24PM,
,Gyeonggi,2018,5,Bicycle,Gyeonggi,Oct 23 2018 10:24PM,
,Gyeonggi,2018,5,Bicycle,Gyeonggi,Oct 23 2018 10:24PM,
,Gyeonggi,2018,4,Bicycle,Gyeonggi,Oct 23 2018 10:24PM,
,Gyeonggi,2018,4,Bicycle,Gyeonggi,Oct 23 2018 10:24PM,
,Gyeonggi,2018,4,Bicycle,Gyeonggi,Oct 23 2018 10:24PM,
,Gyeonggi,2018,5,Bicycle,Gyeonggi,Oct 23 2018 10:24PM,
,Gyeonggi,2018,4,Bicycle,Gyeonggi,Oct 23 2018 10:24PM,
,Gyeonggi,2018,5,Bicycle,Gyeonggi,Oct 23 2018 10:24PM,
,Gyeonggi,2018,8,Bicycle,Gyeonggi,Oct 23 2018 10:24PM,
,Gyeonggi,2018,6,Bicycle,Gyeonggi,Oct 23 2018 10:24PM,
,Gyeonggi,2018,5,Bicycle,Gyeonggi,Oct 23 2018 10:24PM,
,Gyeonggi,2018,5,Bicycle,Gyeonggi,Oct 23 2018 10:24PM,
,Gyeonggi,2018,4,Bicycle,Gyeonggi,Oct 23 2018 10:24PM,
,Gyeonggi,2018,7,Bicycle,Gyeonggi,Oct 23 2018 10:24PM,
,Gyeonggi,2018,6,Bicycle,Gyeonggi,Oct 23 2018 10:24PM,
,Gyeonggi,2018,5,Bicycle,Gyeonggi,Oct 23 2018 10:24PM,
,Gyeonggi,2018,5,Bicycle,Gyeonggi,Oct 23 2018 10:24PM,
,Gyeonggi,2018,4,Bicycle,Gyeonggi,Oct 23 2018 10:24PM,
,Gyeonggi,2018,4,Bicycle,Gyeonggi,Oct 23 2018 10:24PM,
,Gyeonggi,2018,4,Bicycle,Gyeonggi,Oct 23 2018 10:24PM,
,Gyeonggi,2018,4,Bicycle,Gyeonggi,Oct 23 2018 10:24PM,
,Gyeonggi,2018,4,Bicycle,Gyeonggi,Oct 23 2018 10:24PM,
,Gyeonggi,2018,7,Bicycle,Gyeonggi,Oct 23 2018 10:24PM,
,Gyeonggi,2018,5,Bicycle,Gyeonggi,Oct 23 2018 10:24PM,
,Gyeonggi,2018,4,Bicycle,Gyeonggi,Oct 23 2018 10:24PM,
,Gyeonggi,2018,4,Bicycle,Gyeonggi,Oct 23 2018 10:24PM,
,Gyeonggi,2018,7,Bicycle,Gyeonggi,Oct 23 2018 10:24PM,
,Gyeonggi,2018,7,Bicycle,Gyeonggi,Oct 23 2018 10:24PM,
,Gyeonggi,2018,6,Bicycle,Gyeonggi,Oct 23 2018 10:24PM,
,Gyeonggi,2018,4,Bicycle,Gyeonggi,Oct 23 2018 10:24PM,
,Gyeonggi,2018,5,Bicycle,Gyeonggi,Oct 23 2018 10:24PM,
,Gyeonggi,2018,5,Bicycle,Gyeonggi,Oct 23 2018 10:24PM,
,Gyeonggi,2018,4,Bicycle,Gyeonggi,Oct 23 2018 10:24PM,
,Gyeonggi,2018,4,Bicycle,Gyeonggi,Oct 23 2018 10:24PM,
,Gyeonggi,2018,6,Bicycle,Gyeonggi,Oct 23 2018 10:24PM,
,Gyeonggi,2018,4,Bicycle,Gyeonggi,Oct 23 2018 10:24PM,
,Gyeonggi,2018,4,Bicycle,Gyeonggi,Oct 23 2018 10:24PM,
,Gyeonggi,2018,4,Bicycle,Gyeonggi,Oct 23 2018 10:24PM,
,Gyeonggi,2018,5,Bicycle,Gyeonggi,Oct 23 2018 10:24PM,
,Gyeonggi,2018,4,Bicycle,Gyeonggi,Oct 23 2018 10:24PM,
,Gangwon,2018,4,Bicycle,Gangwon,Oct 23 2018 10:24PM,
,Gangwon,2018,4,Bicycle,Gangwon,Oct 23 2018 10:24PM,
,Gangwon,2018,5,Bicycle,Gangwon,Oct 23 2018 10:24PM,
,Chungcheongbukdo,2018,4,Bicycle,Chungcheongbukdo,Oct 23 2018 10:24PM,
,Chungcheongbukdo,2018,4,Bicycle,Chungcheongbukdo,Oct 23 2018 10:24PM,
,Chungcheongbukdo,2018,4,Bicycle,Chungcheongbukdo,Oct 23 2018 10:24PM,
,Chungcheongbukdo,2018,4,Bicycle,Chungcheongbukdo,Oct 23 2018 10:24PM,
,Chungcheongbukdo,2018,3,Bicycle,Chungcheongbukdo,Oct 23 2018 10:24PM,
,Chungcheongbukdo,2018,6,Bicycle,Chungcheongbukdo,Oct 23 2018 10:24PM,
,Chungcheongbukdo,2018,5,Bicycle,Chungcheongbukdo,Oct 23 2018 10:24PM,
,Chungcheongbukdo,2018,5,Bicycle,Chungcheongbukdo,Oct 23 2018 10:24PM,
,Chungcheongbukdo,2018,4,Bicycle,Chungcheongbukdo,Oct 23 2018 10:24PM,
,Chungcheongbukdo,2018,6,Bicycle,Chungcheongbukdo,Oct 23 2018 10:24PM,
,Chungcheongbukdo,2018,4,Bicycle,Chungcheongbukdo,Oct 23 2018 10:24PM,
,Chungcheongbukdo,2018,4,Bicycle,Chungcheongbukdo,Oct 23 2018 10:24PM,
,Chungcheongbukdo,2018,6,Bicycle,Chungcheongbukdo,Oct 23 2018 10:24PM,
,Chungcheongbukdo,2018,4,Bicycle,Chungcheongbukdo,Oct 23 2018 10:24PM,
,Chungcheongbukdo,2018,4,Bicycle,Chungcheongbukdo,Oct 23 2018 10:24PM,
,Chungcheongbukdo,2018,4,Bicycle,Chungcheongbukdo,Oct 23 2018 10:24PM,
,Chungcheongnamdo,2018,5,Bicycle,Chungcheongnamdo,Oct 23 2018 10:24PM,
,Chungcheongnamdo,2018,5,Bicycle,Chungcheongnamdo,Oct 23 2018 10:24PM,
,Jeollabukdo,2018,5,Bicycle,Jeollabukdo,Oct 23 2018 10:24PM,
,Jeollabukdo,2018,4,Bicycle,Jeollabukdo,Oct 23 2018 10:24PM,
,Jeollabukdo,2018,7,Bicycle,Jeollabukdo,Oct 23 2018 10:24PM,
,Jeollabukdo,2018,4,Bicycle,Jeollabukdo,Oct 23 2018 10:24PM,
,Jeollanamdo,2018,4,Bicycle,Jeollanamdo,Oct 23 2018 10:24PM,
,Jeollanamdo,2018,4,Bicycle,Jeollanamdo,Oct 23 2018 10:24PM,
,Gyeongsangbukdo,2018,5,Bicycle,Gyeongsangbukdo,Oct 23 2018 10:24PM,
,Gyeongsangbukdo,2018,5,Bicycle,Gyeongsangbukdo,Oct 23 2018 10:24PM,
,Gyeongsangbukdo,2018,4,Bicycle,Gyeongsangbukdo,Oct 23 2018 10:24PM,
,Gyeongsangbukdo,2018,6,Bicycle,Gyeongsangbukdo,Oct 23 2018 10:24PM,
,Gyeongsangbukdo,2018,5,Bicycle,Gyeongsangbukdo,Oct 23 2018 10:24PM,
,Gyeongsangbukdo,2018,4,Bicycle,Gyeongsangbukdo,Oct 23 2018 10:24PM,
,Gyeongsangbukdo,2018,4,Bicycle,Gyeongsangbukdo,Oct 23 2018 10:24PM,
,Gyeongsangbukdo,2018,4,Bicycle,Gyeongsangbukdo,Oct 23 2018 10:24PM,
,Gyeongsangbukdo,2018,10,Bicycle,Gyeongsangbukdo,Oct 23 2018 10:24PM,
,Gyeongsangbukdo,2018,5,Bicycle,Gyeongsangbukdo,Oct 23 2018 10:24PM,
,Gyeongsangbukdo,2018,5,Bicycle,Gyeongsangbukdo,Oct 23 2018 10:24PM,
,Gyeongsangbukdo,2018,4,Bicycle,Gyeongsangbukdo,Oct 23 2018 10:24PM,
,Gyeongsangbukdo,2018,4,Bicycle,Gyeongsangbukdo,Oct 23 2018 10:24PM,
,Gyeongsangbukdo,2018,5,Bicycle,Gyeongsangbukdo,Oct 23 2018 10:24PM,
,Gyeongsangbukdo,2018,4,Bicycle,Gyeongsangbukdo,Oct 23 2018 10:24PM,
,Gyeongsangbukdo,2018,4,Bicycle,Gyeongsangbukdo,Oct 23 2018 10:24PM,
,Gyeongsangbukdo,2018,4,Bicycle,Gyeongsangbukdo,Nov  5 2018  6:54PM,
,Gyeongsangbukdo,2018,4,Bicycle,Gyeongsangbukdo,Nov  5 2018  6:54PM,
,Gyeongsangbukdo,2018,5,Bicycle,Gyeongsangbukdo,Nov  5 2018  6:54PM,
,Gyeongsangbukdo,2018,8,Bicycle,Gyeongsangbukdo,Nov  5 2018  6:54PM,
,Gyeongsangbukdo,2018,5,Bicycle,Gyeongsangbukdo,Nov  5 2018  6:54PM,
,Gyeongsangbukdo,2018,5,Bicycle,Gyeongsangbukdo,Nov  5 2018  6:54PM,
,Gyeongsangbukdo,2018,5,Bicycle,Gyeongsangbukdo,Nov  5 2018  6:54PM,
,Gyeongsangbukdo,2018,5,Bicycle,Gyeongsangbukdo,Nov  5 2018  6:54PM,
,Gyeongsangbukdo,2018,5,Bicycle,Gyeongsangbukdo,Nov  5 2018  6:54PM,
,Gyeongsangbukdo,2018,4,Bicycle,Gyeongsangbukdo,Nov  5 2018  6:54PM,
,Gyeongsangbukdo,2018,5,Bicycle,Gyeongsangbukdo,Nov  5 2018  6:54PM,
,Gyeongsangnamdo,2018,5,Bicycle,Gyeongsangnamdo,Nov  5 2018  6:54PM,
,Gyeongsangnamdo,2018,4,Bicycle,Gyeongsangnamdo,May  5 2018  6:54PM,
,Gyeongsangnamdo,2018,4,Bicycle,Gyeongsangnamdo,May  5 2018  6:54PM,
,Gyeongsangnamdo,2018,7,Bicycle,Gyeongsangnamdo,May  5 2018  6:54PM,
,Gyeongsangnamdo,2018,9,Bicycle,Gyeongsangnamdo,May  5 2018  6:54PM,
,Gyeongsangnamdo,2018,4,Bicycle,Gyeongsangnamdo,May  5 2018  6:54PM,
,Gyeongsangnamdo,2018,4,Bicycle,Gyeongsangnamdo,May  5 2018  6:54PM,
,Gyeongsangnamdo,2018,4,Bicycle,Gyeongsangnamdo,May  5 2018  6:54PM,
,Gyeongsangnamdo,2018,5,Bicycle,Gyeongsangnamdo,May  5 2018  6:54PM,
,Seoul,2018,6,Stepless_crossing,Seoul,May  5 2018  6:54PM,
,Seoul,2018,8,Stepless_crossing,Seoul,May  5 2018  6:54PM,
,Seoul,2018,8,Stepless_crossing,Seoul,May  5 2018  6:54PM,
,Seoul,2018,7,Stepless_crossing,Seoul,May  5 2018  6:54PM,
,Seoul,2018,5,Stepless_crossing,Seoul,May  5 2018  6:54PM,
,Seoul,2018,4,Stepless_crossing,Seoul,May  5 2018  6:54PM,
,Seoul,2018,4,Stepless_crossing,Seoul,May  5 2018  6:54PM,
,Seoul,2018,6,Stepless_crossing,Seoul,May  5 2018  6:54PM,
,Seoul,2018,9,Stepless_crossing,Seoul,May  5 2018  6:54PM,
,Seoul,2018,9,Stepless_crossing,Seoul,May  5 2018  6:54PM,
,Seoul,2018,7,Stepless_crossing,Seoul,May  5 2018  6:54PM,
,Seoul,2018,7,Stepless_crossing,Seoul,May  5 2018  6:54PM,
,Seoul,2018,5,Stepless_crossing,Seoul,May  5 2018  6:54PM,
,Seoul,2018,4,Stepless_crossing,Seoul,May  5 2018  6:54PM,
,Seoul,2018,4,Stepless_crossing,Seoul,May  5 2018  6:54PM,
,Seoul,2018,7,Stepless_crossing,Seoul,May  5 2018  6:54PM,
,Seoul,2018,6,Stepless_crossing,Seoul,May  5 2018  6:54PM,
,Seoul,2018,6,Stepless_crossing,Seoul,May  5 2018  6:54PM,
,Seoul,2018,3,Stepless_crossing,Seoul,May  5 2018  6:54PM,
,Seoul,2018,5,Stepless_crossing,Seoul,May  5 2018  6:54PM,
,Seoul,2018,5,Stepless_crossing,Seoul,May  5 2018  6:54PM,
,Seoul,2018,5,Stepless_crossing,Seoul,May  5 2018  6:54PM,
,Seoul,2018,4,Stepless_crossing,Seoul,May  5 2018  6:54PM,
,Seoul,2018,4,Stepless_crossing,Seoul,May  5 2018  6:54PM,
,Seoul,2018,7,Stepless_crossing,Seoul,May  5 2018  6:54PM,
,Seoul,2018,4,Stepless_crossing,Seoul,May  5 2018  6:54PM,
,Seoul,2018,4,Stepless_crossing,Seoul,May  5 2018  6:54PM,
,Seoul,2018,4,Stepless_crossing,Seoul,May  5 2018  6:54PM,
,Seoul,2018,4,Stepless_crossing,Seoul,May  5 2018  6:54PM,
,Seoul,2018,4,Stepless_crossing,Seoul,May  5 2018  6:54PM,
,Seoul,2018,9,Stepless_crossing,Seoul,May  5 2018  6:54PM,
,Seoul,2018,7,Stepless_crossing,Seoul,May  5 2018  6:54PM,
,Seoul,2018,4,Stepless_crossing,Seoul,May  5 2018  6:54PM,
,Seoul,2018,4,Stepless_crossing,Seoul,May  5 2018  6:54PM,
,Seoul,2018,4,Stepless_crossing,Seoul,May  5 2018  6:54PM,
,Seoul,2018,5,Stepless_crossing,Seoul,May  5 2018  6:54PM,
,Seoul,2018,5,Stepless_crossing,Seoul,May  5 2018  6:54PM,
,Seoul,2018,4,Stepless_crossing,Seoul,May  5 2018  6:54PM,
,Seoul,2018,4,Stepless_crossing,Seoul,May  5 2018  6:54PM,
,Seoul,2018,5,Stepless_crossing,Seoul,May  5 2018  6:54PM,
,Seoul,2018,4,Stepless_crossing,Seoul,May  5 2018  6:54PM,
,Seoul,2018,4,Stepless_crossing,Seoul,May  5 2018  6:54PM,
,Seoul,2018,9,Stepless_crossing,Seoul,May  5 2018  6:54PM,
,Seoul,2018,6,Stepless_crossing,Seoul,May  5 2018  6:54PM,
,Seoul,2018,6,Stepless_crossing,Seoul,May  5 2018  6:54PM,
,Seoul,2018,5,Stepless_crossing,Seoul,May  5 2018  6:54PM,
,Seoul,2018,4,Stepless_crossing,Seoul,May  5 2018  6:54PM,
,Seoul,2018,4,Stepless_crossing,Seoul,May  5 2018  6:54PM,
,Seoul,2018,8,Stepless_crossing,Seoul,May  5 2018  6:54PM,
,Seoul,2018,5,Stepless_crossing,Seoul,May  5 2018  6:54PM,
,Seoul,2018,3,Stepless_crossing,Seoul,May  5 2018  6:54PM,
,Seoul,2018,9,Stepless_crossing,Seoul,May  5 2018  6:54PM,
,Seoul,2018,6,Stepless_crossing,Seoul,May  5 2018  6:54PM,
,Seoul,2018,5,Stepless_crossing,Seoul,Dec 29 2018  4:24PM,
,Seoul,2018,4,Stepless_crossing,Seoul,Dec 29 2018  4:24PM,
,Seoul,2018,4,Stepless_crossing,Seoul,Dec 29 2018  4:24PM,
,Busan,2018,4,Stepless_crossing,Busan,Dec 29 2018  4:24PM,
,Busan,2018,3,Stepless_crossing,Busan,Dec 29 2018  4:24PM,
,Busan,2018,4,Stepless_crossing,Busan,Dec 29 2018  4:24PM,
,Busan,2018,4,Stepless_crossing,Busan,Dec 29 2018  4:24PM,
,Busan,2018,6,Stepless_crossing,Busan,Dec 29 2018  4:24PM,
,Busan,2018,6,Stepless_crossing,Busan,Dec 29 2018  4:24PM,
,Busan,2018,5,Stepless_crossing,Busan,Dec 29 2018  4:24PM,
,Busan,2018,4,Stepless_crossing,Busan,Dec 29 2018  4:24PM,
,Busan,2018,4,Stepless_crossing,Busan,Dec 29 2018  4:24PM,
,Busan,2018,13,Stepless_crossing,Busan,Dec 29 2018  4:24PM,
,Busan,2018,13,Stepless_crossing,Busan,Dec 29 2018  4:24PM,
,Busan,2018,8,Stepless_crossing,Busan,Dec 29 2018  4:24PM,
,Busan,2018,6,Stepless_crossing,Busan,Dec 29 2018  4:24PM,
,Busan,2018,5,Stepless_crossing,Busan,Dec 29 2018  4:24PM,
,Busan,2018,5,Stepless_crossing,Busan,Dec 29 2018  4:24PM,
,Busan,2018,4,Stepless_crossing,Busan,Dec 29 2018  4:24PM,
,Busan,2018,10,Stepless_crossing,Busan,Dec 29 2018  4:24PM,
,Busan,2018,4,Stepless_crossing,Busan,Dec 29 2018  4:24PM,
,Busan,2018,4,Stepless_crossing,Busan,Dec 29 2018  4:24PM,
,Busan,2018,4,Stepless_crossing,Busan,Dec 29 2018  4:24PM,
,Busan,2018,4,Stepless_crossing,Busan,Dec 29 2018  4:24PM,
,Gyeonggi,2018,4,Stepless_crossing,Gyeonggi,Dec 29 2018  4:24PM,
,Gyeonggi,2018,8,Stepless_crossing,Gyeonggi,Dec 29 2018  4:24PM,
,Gyeonggi,2018,4,Stepless_crossing,Gyeonggi,Dec 29 2018  4:24PM,
,Gyeonggi,2018,4,Stepless_crossing,Gyeonggi,Dec 29 2018  4:24PM,
,Gyeonggi,2018,4,Stepless_crossing,Gyeonggi,Dec 29 2018  4:24PM,
,Gyeonggi,2018,4,Stepless_crossing,Gyeonggi,Dec 29 2018  4:24PM,
,Gangwon,2018,4,Stepless_crossing,Gangwon,Dec 29 2018  4:24PM,
,Chungcheongbukdo,2018,4,Stepless_crossing,Chungcheongbukdo,Dec 29 2018  4:24PM,
,Chungcheongbukdo,2018,3,Stepless_crossing,Chungcheongbukdo,Dec 29 2018  4:24PM,
,Chungcheongbukdo,2018,4,Stepless_crossing,Chungcheongbukdo,Dec 29 2018  4:24PM,
,Chungcheongnamdo,2018,6,Stepless_crossing,Chungcheongnamdo,Dec 29 2018  4:24PM,
,Chungcheongnamdo,2018,5,Stepless_crossing,Chungcheongnamdo,Dec 29 2018  4:24PM,
,Chungcheongnamdo,2018,4,Stepless_crossing,Chungcheongnamdo,Dec 29 2018  4:24PM,
,Chungcheongnamdo,2018,5,Stepless_crossing,Chungcheongnamdo,Dec 29 2018  4:24PM,
,Chungcheongnamdo,2018,5,Stepless_crossing,Chungcheongnamdo,Dec 29 2018  4:24PM,
,Chungcheongnamdo,2018,4,Stepless_crossing,Chungcheongnamdo,Dec 29 2018  4:24PM,
,Jeollabukdo,2018,6,Stepless_crossing,Jeollabukdo,Dec 29 2018  4:24PM,
,Jeollabukdo,2018,4,Stepless_crossing,Jeollabukdo,Dec 29 2018  4:24PM,
,Jeollabukdo,2018,4,Stepless_crossing,Jeollabukdo,Dec 29 2018  4:24PM,
,Jeollanamdo,2018,4,Stepless_crossing,Jeollanamdo,Dec 29 2018  4:24PM,
,Jeollanamdo,2018,9,Stepless_crossing,Jeollanamdo,Dec 29 2018  4:24PM,
,Jeollanamdo,2018,5,Stepless_crossing,Jeollanamdo,Dec 29 2018  4:24PM,
,Jeollanamdo,2018,5,Stepless_crossing,Jeollanamdo,Dec 29 2018  4:24PM,
,Jeollanamdo,2018,5,Stepless_crossing,Jeollanamdo,Dec 29 2018  4:24PM,
,Jeollanamdo,2018,4,Stepless_crossing,Jeollanamdo,Dec 29 2018  4:24PM,
,Jeollanamdo,2018,4,Stepless_crossing,Jeollanamdo,Dec 29 2018  4:24PM,
,Jeollanamdo,2018,6,Stepless_crossing,Jeollanamdo,Dec 29 2018  4:24PM,
,Jeollanamdo,2018,5,Stepless_crossing,Jeollanamdo,Dec 29 2018  4:24PM,
,Jeollanamdo,2018,4,Stepless_crossing,Jeollanamdo,Dec 29 2018  4:24PM,
,Jeollanamdo,2018,4,Stepless_crossing,Jeollanamdo,Dec 29 2018  4:24PM,
,Gyeongsangbukdo,2018,5,Stepless_crossing,Gyeongsangbukdo,Dec 29 2018  4:24PM,
,Gyeongsangbukdo,2018,4,Stepless_crossing,Gyeongsangbukdo,Dec 29 2018  4:24PM,
,Gyeongsangbukdo,2018,4,Stepless_crossing,Gyeongsangbukdo,Dec 29 2018  4:24PM,
,Gyeongsangbukdo,2018,4,Stepless_crossing,Gyeongsangbukdo,Dec 29 2018  4:24PM,
,Gyeongsangbukdo,2018,4,Stepless_crossing,Gyeongsangbukdo,Dec 29 2018  4:24PM,
,Gyeongsangbukdo,2018,4,Stepless_crossing,Gyeongsangbukdo,Dec 29 2018  4:24PM,
,Gyeongsangbukdo,2018,4,Stepless_crossing,Gyeongsangbukdo,Dec 29 2018  4:24PM,
,Gyeongsangnamdo,2018,4,Stepless_crossing,Gyeongsangnamdo,Dec 29 2018  4:24PM,
,Gyeongsangnamdo,2018,4,Stepless_crossing,Gyeongsangnamdo,Dec 29 2018  4:24PM,
,Gyeongsangnamdo,2018,6,Stepless_crossing,Gyeongsangnamdo,Dec 29 2018  4:24PM,
,Gyeongsangnamdo,2018,4,Stepless_crossing,Gyeongsangnamdo,Dec 29 2018  4:24PM,
,Gyeongsangnamdo,2018,4,Stepless_crossing,Gyeongsangnamdo,Dec 29 2018  4:24PM,
,Gyeongsangnamdo,2018,4,Stepless_crossing,Gyeongsangnamdo,Dec 29 2018  4:24PM,
,Gyeongsangnamdo,2018,4,Stepless_crossing,Gyeongsangnamdo,Dec 29 2018  4:24PM,
,Jeju,2018,5,Stepless_crossing,Jeju,Dec 29 2018  4:24PM,
,Jeju,2018,5,Stepless_crossing,Jeju,Dec 29 2018  4:24PM,
,Jeju,2018,4,Stepless_crossing,Jeju,Dec 29 2018  4:24PM,
,Jeju,2018,4,Stepless_crossing,Jeju,Dec 29 2018  4:24PM,
,Daegu,2018,4,Stepless_crossing,Daegu,Dec 29 2018  4:24PM,
,Daegu,2018,7,Stepless_crossing,Daegu,Dec 29 2018  4:24PM,
,Daegu,2018,4,Stepless_crossing,Daegu,Dec 29 2018  4:24PM,
,Daegu,2018,4,Stepless_crossing,Daegu,Dec 29 2018  4:24PM,
,Incheon,2018,4,Stepless_crossing,Incheon,Dec 29 2018  4:24PM,
,Incheon,2018,4,Stepless_crossing,Incheon,Dec 29 2018  4:24PM,
,Daejeon,2018,4,Stepless_crossing,Daejeon,Dec 29 2018  4:24PM,
,Daejeon,2018,4,Stepless_crossing,Daejeon,Dec 29 2018  4:24PM,
,Daejeon,2018,4,Stepless_crossing,Daejeon,Dec 29 2018  4:24PM,
,Daejeon,2018,4,Stepless_crossing,Daejeon,Dec 29 2018  4:24PM,
,Ulsan,2018,4,Stepless_crossing,Ulsan,Dec 29 2018  4:24PM,
,Gyeonggi,2018,4,Stepless_crossing,Gyeonggi,Dec 29 2018  4:24PM,
,Gyeonggi,2018,8,Stepless_crossing,Gyeonggi,Dec 29 2018  4:24PM,
,Gyeonggi,2018,4,Stepless_crossing,Gyeonggi,Dec 29 2018  4:24PM,
,Gyeonggi,2018,5,Stepless_crossing,Gyeonggi,Dec 29 2018  4:24PM,
,Gyeonggi,2018,5,Stepless_crossing,Gyeonggi,Dec 29 2018  4:24PM,
,Gyeonggi,2018,5,Stepless_crossing,Gyeonggi,Dec 29 2018  4:24PM,
,Gyeonggi,2018,4,Stepless_crossing,Gyeonggi,Dec 29 2018  4:24PM,
,Gyeonggi,2018,6,Stepless_crossing,Gyeonggi,Dec 29 2018  4:24PM,
,Gyeonggi,2018,4,Stepless_crossing,Gyeonggi,Dec 29 2018  4:24PM,
